trace_name fifo-mr fifo-wa flex-mr flex-wa s3fifo-mr s3fifo-wa
w01.oracleGeneral.bin.zst 0.7866 1.2126 0.6835 0.3326 0.8251 0.0729
w02.oracleGeneral.bin.zst 0.0229 4.8275 0.0081 0.5923 0.0094 0.8216
w03.oracleGeneral.bin.zst 0.5309 2.7979 0.4796 1.0402 0.4920 0.6576
w04.oracleGeneral.bin.zst 0.4010 2.5500 0.3661 0.8957 0.3841 0.7212
w05.oracleGeneral.bin.zst 0.6743 1.6675 0.6811 0.5058 0.6847 0.6046
w06.oracleGeneral.bin.zst 0.0280 1.1006 0.0263 0.5096 0.0279 0.1944
w07.oracleGeneral.bin.zst 0.2615 1.6814 0.1910 0.4743 0.2316 0.3669
w08.oracleGeneral.bin.zst 0.6836 3.2575 0.5956 1.1605 0.7303 0.6013
w09.oracleGeneral.bin.zst 0.4972 2.9850 0.4192 1.0225 0.4697 0.2087
w10.oracleGeneral.bin.zst 0.4084 1.5044 0.3772 0.6585 0.4256 0.5733
w100.oracleGeneral.bin.zst 0.5829 1.2036 0.5543 0.3791 0.6146 0.1128
w101.oracleGeneral.bin.zst 0.5870 1.1863 0.5565 0.3662 0.6155 0.0934
w102.oracleGeneral.bin.zst 0.1397 1.5101 0.1103 0.6136 0.1217 0.4487
w103.oracleGeneral.bin.zst 0.1748 1.4021 0.1604 0.5773 0.1794 0.4400
w104.oracleGeneral.bin.zst 0.7043 1.6257 0.7153 0.4614 0.7593 0.1286
w105.oracleGeneral.bin.zst 0.6709 4.4289 0.4838 0.4571 0.5677 0.1780
w106.oracleGeneral.bin.zst 0.1316 1.2187 0.1086 0.3691 0.1255 0.2379
w11.oracleGeneral.bin.zst 0.3141 5.6401 0.2930 2.9672 0.2989 2.6254
w12.oracleGeneral.bin.zst 0.0147 1.4978 0.0102 0.5205 0.0116 0.3650
w13.oracleGeneral.bin.zst 0.1753 1.1752 0.1446 0.3302 0.1795 0.2465
w14.oracleGeneral.bin.zst 0.4870 3.2128 0.3911 0.5269 0.4614 0.1737
w15.oracleGeneral.bin.zst 0.7332 3.1559 0.5136 1.1403 0.5297 0.9187
w16.oracleGeneral.bin.zst 0.7244 2.5597 0.6206 0.6413 0.6690 0.2674
w17.oracleGeneral.bin.zst 0.1253 1.4044 0.1101 0.5718 0.1202 0.3444
w18.oracleGeneral.bin.zst 0.4050 1.9334 0.3436 0.7185 0.4228 0.6082
w19.oracleGeneral.bin.zst 0.1156 4.9230 0.0892 1.2832 0.0948 1.9500
w20.oracleGeneral.bin.zst 0.5984 2.2398 0.5296 0.7929 0.6015 0.5156
w21.oracleGeneral.bin.zst 0.8621 6.8712 0.7822 1.4729 0.7921 0.4839
w22.oracleGeneral.bin.zst 0.8774 2.4103 0.7095 0.3396 0.8705 0.0375
w23.oracleGeneral.bin.zst 0.3353 5.4895 0.3031 1.0449 0.2726 0.2156
w24.oracleGeneral.bin.zst 0.4157 2.3306 0.3261 0.8136 0.3538 0.6182
w25.oracleGeneral.bin.zst 0.1745 1.2938 0.1753 0.7775 0.1921 0.5240
w26.oracleGeneral.bin.zst 0.2108 1.4181 0.1493 0.5792 0.1774 0.3132
w27.oracleGeneral.bin.zst 0.3208 1.2038 0.2512 0.5173 0.3248 0.3263
w28.oracleGeneral.bin.zst 0.3667 1.2020 0.3434 0.5368 0.3785 0.3603
w29.oracleGeneral.bin.zst 0.3893 1.2442 0.3202 0.5225 0.3632 0.2533
w30.oracleGeneral.bin.zst 0.0969 1.4620 0.0715 0.6515 0.0776 0.5530
w31.oracleGeneral.bin.zst 0.7545 1.7692 0.6686 0.3667 0.7095 0.2072
w32.oracleGeneral.bin.zst 0.3915 1.7949 0.3355 1.2333 0.3308 0.2863
w33.oracleGeneral.bin.zst 0.1368 2.7527 0.1213 1.2108 0.1227 0.8182
w34.oracleGeneral.bin.zst 0.4142 2.4912 0.3681 1.0065 0.3970 0.5161
w35.oracleGeneral.bin.zst 0.0667 1.8051 0.0573 0.7915 0.0620 0.5439
w36.oracleGeneral.bin.zst 0.1258 2.9127 0.1100 1.2883 0.1112 0.8550
w37.oracleGeneral.bin.zst 0.3842 1.2667 0.2972 0.3414 0.3761 0.1875
w38.oracleGeneral.bin.zst 0.6202 3.5211 0.4368 1.2203 0.5572 0.2344
w39.oracleGeneral.bin.zst 0.0662 1.8923 0.0549 0.8504 0.0589 0.6918
w40.oracleGeneral.bin.zst 0.0844 1.9601 0.0789 0.9235 0.0814 0.6065
w41.oracleGeneral.bin.zst 0.0691 2.0502 0.0506 0.6532 0.0540 0.4998
w42.oracleGeneral.bin.zst 0.5365 2.3484 0.4082 1.0335 0.4882 0.8267
w43.oracleGeneral.bin.zst 0.4217 1.8633 0.3402 0.6783 0.3663 0.4851
w44.oracleGeneral.bin.zst 0.8700 5.0875 0.7826 0.3800 0.8424 0.1395
w45.oracleGeneral.bin.zst 0.0800 5.1669 0.0534 1.9479 0.0552 1.6892
w46.oracleGeneral.bin.zst 0.4224 1.0635 0.4246 0.4429 0.4580 0.1338
w47.oracleGeneral.bin.zst 0.0736 5.3629 0.0500 2.2075 0.0497 1.8455
w48.oracleGeneral.bin.zst 0.8383 4.7414 0.7696 0.4885 0.8247 0.1754
w49.oracleGeneral.bin.zst 0.5128 3.0895 0.3096 0.9205 0.3418 0.7628
w50.oracleGeneral.bin.zst 0.2178 2.6926 0.1405 0.4339 0.1920 0.2058
w51.oracleGeneral.bin.zst 0.2237 1.3799 0.1881 0.4215 0.2081 0.3005
w52.oracleGeneral.bin.zst 0.1427 2.8868 0.0813 0.4866 0.0929 0.5268
w53.oracleGeneral.bin.zst 0.6524 1.1550 0.6364 0.3986 0.6700 0.0656
w54.oracleGeneral.bin.zst 0.8419 1.0070 0.8403 0.3162 0.8436 0.0119
w55.oracleGeneral.bin.zst 0.8315 1.0414 0.8309 0.3556 0.8579 0.0869
w56.oracleGeneral.bin.zst 0.1003 2.1339 0.0673 0.7894 0.0721 0.5864
w57.oracleGeneral.bin.zst 0.1067 2.0393 0.0604 0.6641 0.0680 0.4825
w58.oracleGeneral.bin.zst 0.2366 2.0915 0.2009 0.5340 0.1977 0.4889
w59.oracleGeneral.bin.zst 0.3227 3.2724 0.3497 1.8453 0.3378 1.5231
w60.oracleGeneral.bin.zst 0.7339 2.7608 0.4120 0.8872 0.4408 0.7228
w61.oracleGeneral.bin.zst 0.3700 4.3589 0.2419 0.6439 0.2671 0.4564
w62.oracleGeneral.bin.zst 0.6962 1.4202 0.5834 0.3374 0.6474 0.0665
w63.oracleGeneral.bin.zst 0.5858 1.1447 0.5443 0.3551 0.6035 0.1583
w64.oracleGeneral.bin.zst 0.8705 1.0062 0.8921 0.3326 0.8948 0.0366
w66.oracleGeneral.bin.zst 0.1305 11.7855 0.0465 1.0307 0.0488 1.9031
w67.oracleGeneral.bin.zst 0.1078 3.3961 0.0747 1.0853 0.0769 0.8568
w68.oracleGeneral.bin.zst 0.1590 1.4639 0.1080 0.4335 0.1253 0.2438
w69.oracleGeneral.bin.zst 0.2924 1.6684 0.2348 0.5424 0.2631 0.3878
w70.oracleGeneral.bin.zst 0.1177 1.2324 0.0820 0.5110 0.0969 0.2738
w71.oracleGeneral.bin.zst 0.2036 2.2009 0.1340 0.4208 0.1496 0.4452
w72.oracleGeneral.bin.zst 0.1862 2.8605 0.1323 0.9855 0.1373 0.7509
w73.oracleGeneral.bin.zst 0.1948 1.7970 0.1784 0.7206 0.1913 0.5642
w74.oracleGeneral.bin.zst 0.1191 3.5596 0.0926 1.2428 0.0970 1.0264
w75.oracleGeneral.bin.zst 0.1025 1.2760 0.0749 0.5160 0.0877 0.2816
w76.oracleGeneral.bin.zst 0.1578 1.3120 0.1237 0.5271 0.1518 0.3070
w77.oracleGeneral.bin.zst 0.2937 1.6641 0.2545 0.6232 0.2740 0.3981
w78.oracleGeneral.bin.zst 0.2555 1.4147 0.2416 0.7573 0.2415 0.5327
w79.oracleGeneral.bin.zst 0.8938 1.0456 0.8643 0.3100 0.8909 0.0052
w80.oracleGeneral.bin.zst 0.4599 6.5055 0.3856 2.7838 0.3552 1.5097
w81.oracleGeneral.bin.zst 0.6912 5.8621 0.4524 0.3473 0.6260 0.0322
w82.oracleGeneral.bin.zst 0.2951 16.8416 0.1527 4.0003 0.1494 3.8326
w83.oracleGeneral.bin.zst 0.3465 1.9643 0.2861 0.3373 0.3264 0.1059
w84.oracleGeneral.bin.zst 0.2181 1.3048 0.1803 0.4468 0.2033 0.3109
w85.oracleGeneral.bin.zst 0.8110 6.6049 0.5292 0.3154 0.7757 0.0188
w86.oracleGeneral.bin.zst 0.9257 1.0424 0.9108 0.3056 0.9326 0.0312
w87.oracleGeneral.bin.zst 0.7006 1.4154 0.6461 0.4122 0.6959 0.2441
w88.oracleGeneral.bin.zst 0.1778 2.1268 0.1546 0.8398 0.1659 0.6338
w89.oracleGeneral.bin.zst 0.2635 1.1316 0.2361 0.4302 0.2629 0.1774
w90.oracleGeneral.bin.zst 0.2442 2.5720 0.2318 1.1240 0.2540 0.7840
w91.oracleGeneral.bin.zst 0.2113 1.2876 0.1523 0.3688 0.2092 0.2472
w92.oracleGeneral.bin.zst 0.8249 5.8817 0.5602 0.3123 0.8111 0.0052
w93.oracleGeneral.bin.zst 0.7353 3.4408 0.5358 0.4658 0.6128 0.2323
w94.oracleGeneral.bin.zst 0.3803 2.5363 0.3190 0.6460 0.3476 0.7467
w95.oracleGeneral.bin.zst 0.2043 1.8688 0.1796 0.6342 0.1961 0.5301
w96.oracleGeneral.bin.zst 0.2981 1.5485 0.2003 0.6440 0.2376 0.4645
w97.oracleGeneral.bin.zst 0.5771 1.1975 0.5521 0.3823 0.6138 0.1239
w98.oracleGeneral.bin.zst 0.5787 1.2213 0.5502 0.3934 0.6095 0.1207
w99.oracleGeneral.bin.zst 0.6411 5.2840 0.4453 0.3440 0.6222 0.0218
