 accp4 accp4c accp4p ARC Cacheus Clock FIFO FIFO-Merge GDSF Hyperbolic LHD LIRS LeCaR QDLP S3FIFO S4LRU TwoQ WTinyLFU
1 0.618 0.351 0.456 0.347 0.376 0.204 0.194 0.331 0.226 0.204 0.396 0.349 0.200 0.357 0.328 0.204 0.277 1.000
2 0.717 0.712 0.708 0.540 0.545 0.506 0.440 0.610 0.528 0.536 0.526 0.629 0.504 0.545 0.544 0.602 0.541 1.000
3 0.788 0.775 0.799 0.082 0.538 0.082 0.077 0.279 0.082 0.094 0.239 0.857 0.082 0.688 0.689 0.463 0.497 1.000
4 0.808 0.628 0.770 0.210 0.999 0.180 0.179 0.406 0.181 0.230 0.383 0.689 0.180 1.000 0.972 0.594 0.607 0.999
5 0.845 0.995 0.961 0.999 0.925 0.880 0.713 0.803 0.763 0.776 0.900 1.000 0.913 0.982 0.982 0.433 0.942 0.788
6 0.849 0.838 0.833 0.564 0.564 0.563 0.562 0.680 0.564 0.594 0.664 0.814 0.563 0.795 0.866 0.762 0.564 1.000
7 0.853 0.962 0.879 0.897 0.448 0.405 0.415 0.588 0.422 0.428 0.717 1.000 0.485 0.930 0.873 0.349 0.832 0.776
8 0.875 0.871 0.868 0.862 0.861 0.861 0.858 0.867 0.871 0.866 0.862 0.850 0.861 0.862 0.924 0.921 0.916 1.000
9 0.875 0.837 0.805 0.872 0.612 0.489 0.560 0.710 0.503 0.537 1.000 0.935 0.483 0.836 0.836 0.584 0.759 0.857
10 0.890 0.889 0.889 0.976 0.996 0.980 0.969 0.961 0.981 0.989 1.000 0.890 0.979 0.902 0.906 0.837 0.943 0.869
11 0.898 0.894 0.892 0.885 0.882 0.883 0.877 0.889 0.892 0.888 0.883 0.871 0.882 0.886 0.930 0.939 0.924 1.000
12 0.898 0.909 0.963 0.883 0.932 0.880 0.871 0.909 0.881 0.893 0.949 0.889 0.880 0.902 0.925 0.885 0.925 1.000
13 0.901 0.901 0.899 0.866 0.863 0.843 0.809 0.868 0.860 0.861 1.000 0.881 0.849 0.870 0.869 0.868 0.874 0.995
14 0.903 0.902 0.901 0.878 0.878 0.878 0.861 0.878 0.878 0.881 0.878 0.889 0.878 0.880 0.880 0.905 0.878 1.000
15 0.910 0.908 0.906 0.869 0.923 0.861 0.848 0.911 0.866 0.884 0.913 0.898 0.861 0.911 0.949 0.922 0.867 1.000
16 0.916 0.905 0.902 0.691 0.692 0.687 0.684 0.771 0.689 0.712 0.739 0.883 0.687 0.907 0.935 0.834 0.689 1.000
17 0.920 0.891 0.914 0.702 0.900 0.411 0.374 0.671 0.416 0.460 0.936 0.938 0.411 0.768 0.767 0.715 0.463 1.000
18 0.922 0.911 0.909 0.871 0.843 0.815 0.794 0.778 0.831 0.790 0.902 0.874 0.838 0.892 0.947 0.745 0.955 1.000
19 0.924 0.917 0.918 0.900 0.901 0.875 0.851 0.899 0.876 0.878 0.989 0.915 0.874 0.903 0.898 0.900 0.885 1.000
20 0.925 0.909 0.797 0.797 0.794 0.768 0.711 0.843 0.784 0.816 0.880 0.811 0.788 0.806 0.791 0.669 0.752 1.000
21 0.927 0.941 0.937 0.763 0.764 0.757 0.740 0.785 0.764 0.765 0.760 0.864 0.757 0.763 0.763 0.873 0.764 1.000
22 0.931 0.971 0.965 0.923 0.947 0.921 0.915 0.929 0.923 0.931 0.952 0.926 0.921 0.932 0.942 0.929 0.950 1.000
23 0.931 0.936 0.901 0.328 0.767 0.323 0.318 0.578 0.325 0.412 0.551 0.916 0.322 0.888 0.951 0.648 0.765 1.000
24 0.932 0.932 0.932 0.928 0.928 0.926 0.920 0.926 0.927 0.931 0.933 0.929 0.926 0.929 0.931 0.930 0.929 1.000
25 0.933 0.934 0.935 0.928 0.927 0.916 0.911 0.917 0.919 0.921 0.950 0.929 0.917 0.932 0.933 0.920 0.935 1.000
26 0.933 0.932 0.929 0.895 0.884 0.853 0.826 0.877 0.857 0.862 0.877 0.913 0.852 0.899 0.894 0.888 0.886 1.000
27 0.933 0.933 0.932 0.934 0.917 0.872 0.833 0.882 0.878 0.877 0.922 0.935 0.885 0.932 0.904 0.931 0.895 1.000
28 0.935 0.937 0.935 0.862 0.862 0.851 0.821 0.875 0.859 0.875 0.976 0.879 0.855 0.866 0.865 0.866 0.868 1.000
29 0.936 0.936 0.940 0.925 0.918 0.898 0.880 0.894 0.909 0.899 0.921 0.927 0.900 0.936 0.949 0.868 0.939 1.000
30 0.939 0.971 0.965 0.995 0.999 0.999 0.953 0.961 0.986 0.982 0.999 0.949 1.000 0.985 0.976 0.994 0.982 0.855
31 0.939 0.982 0.990 1.000 0.996 0.854 0.769 0.854 0.837 0.739 0.937 0.993 0.974 0.989 0.988 0.678 0.986 0.876
32 0.940 0.946 0.947 0.934 0.966 0.924 0.907 0.927 0.930 0.928 0.928 0.943 0.925 0.938 0.944 0.949 0.954 1.000
33 0.940 0.939 0.937 0.892 0.893 0.869 0.852 0.893 0.877 0.875 0.903 0.924 0.867 0.889 0.884 0.940 0.882 1.000
34 0.941 0.944 0.945 0.929 0.921 0.903 0.882 0.897 0.914 0.900 0.917 0.930 0.905 0.941 0.953 0.864 0.946 1.000
35 0.943 0.924 0.909 0.915 0.896 0.869 0.837 0.827 0.898 0.827 0.958 0.928 0.901 0.909 0.937 0.770 0.926 1.000
36 0.944 0.962 0.961 0.971 0.978 0.969 0.967 0.942 0.945 0.940 0.993 0.917 0.974 0.961 0.959 0.946 1.000 0.830
37 0.945 0.945 0.949 0.933 0.926 0.909 0.890 0.903 0.918 0.906 0.921 0.933 0.910 0.946 0.957 0.874 0.950 1.000
38 0.946 0.944 0.944 0.936 0.936 0.937 0.927 0.940 0.944 0.940 0.937 0.927 0.935 0.937 0.981 0.960 0.975 1.000
39 0.946 0.946 0.947 0.935 0.930 0.913 0.893 0.906 0.924 0.907 0.925 0.936 0.915 0.944 0.953 0.879 0.947 1.000
40 0.947 0.944 0.944 0.927 0.927 0.925 0.912 0.928 0.939 0.932 0.950 0.913 0.923 0.937 1.000 0.974 0.979 0.996
41 0.947 0.947 0.948 0.935 0.928 0.911 0.893 0.906 0.921 0.907 0.922 0.936 0.913 0.943 0.958 0.882 0.950 1.000
42 0.947 0.947 0.950 0.934 0.928 0.911 0.889 0.904 0.921 0.906 0.921 0.935 0.914 0.945 0.962 0.871 0.953 1.000
43 0.947 0.947 0.950 0.933 0.928 0.911 0.891 0.905 0.924 0.908 0.923 0.934 0.913 0.942 0.959 0.874 0.952 1.000
44 0.947 0.948 0.952 0.936 0.929 0.913 0.892 0.906 0.922 0.901 0.924 0.936 0.915 0.944 0.961 0.884 0.954 1.000
45 0.947 0.947 0.949 0.934 0.928 0.911 0.891 0.905 0.922 0.904 0.924 0.935 0.914 0.942 0.961 0.878 0.953 1.000
46 0.947 0.949 0.952 0.935 0.929 0.912 0.889 0.904 0.922 0.903 0.924 0.936 0.914 0.947 0.964 0.874 0.956 1.000
47 0.947 0.948 0.952 0.936 0.928 0.911 0.889 0.904 0.922 0.906 0.923 0.937 0.914 0.947 0.962 0.869 0.954 1.000
48 0.948 0.967 0.965 1.000 0.998 0.975 0.886 0.939 0.980 0.957 0.980 0.962 0.986 0.975 0.956 0.957 0.948 0.855
49 0.948 0.949 0.951 0.936 0.930 0.913 0.892 0.906 0.923 0.908 0.922 0.937 0.915 0.946 0.963 0.873 0.955 1.000
50 0.948 0.950 0.951 0.936 0.930 0.914 0.892 0.907 0.923 0.906 0.925 0.937 0.916 0.946 0.963 0.878 0.957 1.000
51 0.949 0.949 0.951 0.937 0.931 0.915 0.893 0.907 0.926 0.906 0.927 0.937 0.917 0.947 0.964 0.881 0.956 1.000
52 0.949 0.949 0.952 0.937 0.930 0.913 0.894 0.907 0.923 0.909 0.924 0.937 0.916 0.945 0.960 0.885 0.954 1.000
53 0.949 0.949 0.951 0.937 0.930 0.915 0.893 0.907 0.925 0.907 0.926 0.937 0.917 0.947 0.964 0.882 0.957 1.000
54 0.949 0.948 0.952 0.935 0.929 0.912 0.890 0.905 0.924 0.907 0.923 0.936 0.914 0.944 0.963 0.871 0.954 1.000
55 0.949 0.948 0.948 0.940 0.934 0.907 0.890 0.914 0.926 0.912 0.941 0.942 0.906 0.942 0.967 0.940 0.937 1.000
56 0.949 0.950 0.952 0.936 0.930 0.913 0.890 0.905 0.923 0.905 0.922 0.936 0.915 0.946 0.964 0.876 0.957 1.000
57 0.949 0.948 0.951 0.935 0.929 0.913 0.893 0.907 0.923 0.909 0.925 0.936 0.916 0.947 0.959 0.882 0.953 1.000
58 0.949 0.947 0.945 0.936 0.936 0.937 0.929 0.940 0.944 0.940 0.937 0.926 0.936 0.940 0.982 0.967 0.977 1.000
59 0.949 0.950 0.951 0.936 0.930 0.913 0.890 0.905 0.923 0.905 0.924 0.936 0.915 0.946 0.964 0.876 0.957 1.000
60 0.949 0.949 0.950 0.935 0.929 0.913 0.891 0.905 0.921 0.903 0.923 0.935 0.915 0.945 0.963 0.881 0.956 1.000
61 0.949 0.950 0.950 0.936 0.931 0.916 0.892 0.907 0.925 0.907 0.927 0.936 0.918 0.946 0.965 0.876 0.958 1.000
62 0.949 0.949 0.949 0.941 0.938 0.911 0.893 0.919 0.925 0.917 0.945 0.943 0.914 0.944 0.954 0.920 0.945 1.000
63 0.949 0.950 0.951 0.936 0.930 0.914 0.892 0.906 0.922 0.903 0.922 0.936 0.915 0.946 0.956 0.884 0.956 1.000
64 0.949 0.950 0.951 0.936 0.931 0.916 0.895 0.908 0.925 0.903 0.926 0.935 0.918 0.948 0.966 0.889 0.959 1.000
65 0.950 0.951 0.951 0.937 0.932 0.916 0.892 0.907 0.925 0.903 0.925 0.937 0.918 0.948 0.963 0.879 0.954 1.000
66 0.950 0.950 0.951 0.937 0.932 0.916 0.894 0.908 0.926 0.905 0.927 0.937 0.918 0.947 0.964 0.881 0.957 1.000
67 0.950 0.946 0.861 0.858 0.857 0.803 0.739 0.786 0.847 0.782 0.869 0.855 0.796 0.908 0.923 0.938 0.915 1.000
68 0.950 0.950 0.952 0.939 0.931 0.916 0.895 0.909 0.925 0.909 0.926 0.939 0.918 0.947 0.962 0.885 0.956 1.000
69 0.950 0.980 0.973 0.933 0.957 0.931 0.925 0.938 0.932 0.941 0.960 0.937 0.931 0.941 0.952 0.940 0.963 1.000
70 0.950 0.952 0.954 0.938 0.932 0.917 0.895 0.908 0.926 0.900 0.924 0.937 0.920 0.949 0.961 0.889 0.961 1.000
71 0.950 0.950 0.952 0.938 0.932 0.917 0.894 0.908 0.926 0.907 0.928 0.939 0.919 0.948 0.963 0.880 0.956 1.000
72 0.951 0.952 0.954 0.938 0.932 0.916 0.893 0.907 0.925 0.902 0.924 0.937 0.918 0.949 0.966 0.885 0.960 1.000
73 0.951 0.953 0.953 0.938 0.932 0.918 0.897 0.910 0.928 0.902 0.925 0.938 0.921 0.950 0.960 0.892 0.958 1.000
74 0.951 0.888 0.918 0.578 0.839 0.568 0.565 0.733 0.572 0.605 0.630 0.919 0.568 0.919 0.917 0.834 0.640 1.000
75 0.951 0.962 0.961 0.988 0.988 0.983 0.985 0.954 0.951 0.941 1.000 0.937 0.990 0.958 0.950 0.954 0.972 0.894
76 0.951 0.952 0.953 0.939 0.933 0.917 0.896 0.909 0.926 0.905 0.929 0.939 0.919 0.950 0.964 0.887 0.959 1.000
77 0.952 0.952 0.952 0.945 0.947 0.944 0.937 0.949 0.946 0.952 0.959 0.949 0.945 0.950 0.960 0.949 0.948 1.000
78 0.952 0.953 0.952 0.959 0.933 0.876 0.814 0.899 0.924 0.875 0.961 0.963 0.900 0.952 0.939 0.949 0.931 1.000
79 0.952 0.952 0.952 0.948 0.948 0.945 0.937 0.946 0.947 0.951 0.955 0.949 0.945 0.949 0.951 0.949 0.949 1.000
80 0.953 0.967 0.959 0.979 0.984 0.979 0.976 0.954 0.961 0.954 1.000 0.931 0.983 0.958 0.950 0.955 0.984 0.861
81 0.953 0.963 0.961 0.987 0.988 0.984 0.985 0.955 0.952 0.938 1.000 0.939 0.989 0.959 0.952 0.955 0.973 0.900
82 0.953 0.963 0.962 0.987 0.988 0.984 0.986 0.956 0.952 0.938 1.000 0.939 0.990 0.959 0.953 0.956 0.974 0.901
83 0.953 0.954 0.954 0.949 0.949 0.946 0.938 0.947 0.948 0.952 0.955 0.950 0.946 0.950 0.951 0.950 0.950 1.000
84 0.953 0.953 0.948 0.987 0.980 0.992 0.969 0.956 0.962 0.967 1.000 0.951 1.000 0.944 0.950 0.926 0.962 0.893
85 0.953 0.918 0.765 0.823 0.688 0.608 0.572 0.690 0.686 0.588 0.951 0.972 0.630 0.879 0.891 0.823 0.876 1.000
86 0.954 0.956 0.958 0.943 0.936 0.922 0.901 0.914 0.933 0.906 0.934 0.942 0.925 0.953 0.963 0.896 0.965 1.000
87 0.955 0.964 0.963 0.990 0.990 0.988 0.986 0.954 0.947 0.936 1.000 0.943 0.993 0.960 0.952 0.942 0.968 0.909
88 0.957 0.977 0.968 0.923 0.934 0.855 0.814 0.908 0.851 0.871 0.933 0.922 0.879 0.944 0.979 0.910 0.954 1.000
89 0.957 0.972 0.969 0.981 0.985 0.979 0.977 0.959 0.965 0.963 1.000 0.934 0.982 0.967 0.961 0.963 0.990 0.877
90 0.957 0.957 0.960 0.944 0.938 0.923 0.904 0.916 0.933 0.912 0.934 0.945 0.926 0.954 0.971 0.896 0.966 1.000
91 0.957 0.958 0.958 0.956 0.954 0.952 0.932 0.950 0.954 0.954 0.952 0.956 0.952 0.956 0.960 0.956 0.955 1.000
92 0.957 0.967 0.963 0.990 0.991 0.988 0.986 0.957 0.951 0.936 1.000 0.941 0.993 0.961 0.951 0.955 0.970 0.880
93 0.959 0.960 0.960 0.957 0.957 0.954 0.947 0.953 0.955 0.957 0.958 0.958 0.954 0.959 0.960 0.957 0.958 1.000
94 0.959 0.958 0.956 0.911 0.909 0.881 0.866 0.898 0.892 0.889 0.893 0.938 0.880 0.915 0.912 0.944 0.907 1.000
95 0.960 0.969 0.964 0.994 0.992 0.990 0.988 0.958 0.949 0.938 1.000 0.943 0.995 0.962 0.953 0.952 0.970 0.893
96 0.961 0.962 0.964 0.949 0.942 0.927 0.903 0.918 0.936 0.913 0.935 0.949 0.929 0.960 0.975 0.891 0.969 1.000
97 0.961 0.970 0.961 0.931 0.899 0.817 0.779 0.875 0.832 0.839 0.960 0.955 0.823 0.944 0.982 0.868 0.958 1.000
98 0.962 0.970 0.969 0.941 0.929 0.894 0.859 0.893 0.899 0.901 0.897 0.947 0.892 0.962 0.960 0.957 0.952 1.000
99 0.962 0.962 0.964 0.950 0.944 0.929 0.909 0.922 0.939 0.921 0.940 0.950 0.932 0.958 0.977 0.901 0.970 1.000
100 0.963 0.965 0.965 0.950 0.943 0.929 0.904 0.918 0.938 0.910 0.937 0.949 0.931 0.961 0.976 0.897 0.969 1.000
101 0.963 0.963 0.957 0.983 0.968 0.965 0.973 0.931 0.941 0.934 1.000 0.953 0.978 0.952 0.956 0.924 0.986 0.999
102 0.963 0.926 0.837 0.584 0.815 0.580 0.576 0.764 0.582 0.643 0.705 0.789 0.579 0.586 0.916 0.828 0.677 1.000
103 0.964 0.975 0.610 0.958 0.704 0.790 0.922 0.811 0.783 0.760 1.000 0.624 0.814 0.615 0.635 0.524 0.672 0.640
104 0.964 0.965 0.965 0.962 0.962 0.960 0.953 0.960 0.962 0.962 0.961 0.962 0.961 0.964 0.965 0.964 0.964 1.000
105 0.964 0.966 0.967 0.952 0.946 0.932 0.907 0.922 0.941 0.915 0.939 0.951 0.934 0.963 0.978 0.902 0.971 1.000
106 0.964 0.961 0.960 0.906 0.906 0.893 0.838 0.886 0.902 0.899 0.966 0.928 0.894 0.906 0.906 0.910 0.905 1.000
107 0.964 0.963 0.961 0.907 0.907 0.905 0.902 0.906 0.907 0.908 0.905 0.970 0.905 0.907 0.907 0.948 0.905 1.000
108 0.965 0.973 0.971 0.987 0.998 0.991 0.989 0.954 0.940 0.936 1.000 0.958 0.997 0.968 0.964 0.937 0.980 0.935
109 0.965 0.961 0.957 0.940 0.941 0.921 0.900 0.892 0.949 0.900 0.971 0.943 0.933 0.954 0.963 0.914 0.970 1.000
110 0.966 0.957 0.954 0.937 0.903 0.866 0.847 0.841 0.862 0.847 0.926 0.941 0.875 0.945 0.966 0.813 0.957 1.000
111 0.966 0.958 0.941 0.969 0.952 0.940 0.912 0.903 0.977 0.908 0.997 0.971 0.956 0.955 0.958 0.907 0.960 1.000
112 0.966 0.973 0.973 0.983 0.992 0.987 0.985 0.966 0.950 0.939 1.000 0.962 0.992 0.973 0.966 0.970 0.977 0.920
113 0.966 0.978 0.979 0.989 0.987 0.985 0.988 0.971 0.975 0.969 1.000 0.940 0.989 0.976 0.966 0.980 0.989 0.859
114 0.966 0.959 0.953 0.881 0.899 0.930 0.922 0.884 0.797 0.833 0.917 0.970 0.937 0.954 0.955 0.866 0.930 1.000
115 0.966 0.967 0.966 0.964 0.957 0.931 0.920 0.939 0.931 0.935 0.935 0.967 0.928 0.964 0.944 0.958 0.933 1.000
116 0.967 0.973 0.973 0.986 0.992 0.988 0.985 0.966 0.950 0.939 1.000 0.962 0.992 0.972 0.966 0.970 0.977 0.920
117 0.967 0.973 0.974 0.985 0.992 0.988 0.985 0.966 0.951 0.939 1.000 0.962 0.992 0.973 0.966 0.971 0.977 0.920
118 0.967 0.973 0.973 0.996 0.992 0.995 0.981 0.967 0.944 0.934 0.998 0.962 1.000 0.973 0.964 0.967 0.967 0.897
119 0.967 0.966 0.967 0.966 0.956 0.859 0.797 0.870 0.955 0.852 0.960 0.967 0.898 0.967 0.977 0.966 0.953 1.000
120 0.967 0.959 0.960 0.939 0.922 0.895 0.881 0.871 0.913 0.874 0.955 0.938 0.905 0.952 0.978 0.912 0.976 1.000
121 0.968 0.979 0.979 0.976 0.984 0.979 0.979 0.961 0.964 0.962 1.000 0.936 0.984 0.976 0.974 0.969 1.000 0.855
122 0.968 0.964 0.961 0.949 0.946 0.935 0.940 0.908 0.919 0.913 0.976 0.945 0.948 0.952 0.965 0.881 0.984 1.000
123 0.968 0.967 0.967 0.965 0.955 0.855 0.791 0.866 0.955 0.850 0.960 0.966 0.885 0.967 0.978 0.965 0.953 1.000
124 0.968 0.974 0.973 0.997 0.992 0.995 0.984 0.967 0.944 0.934 0.997 0.961 1.000 0.974 0.964 0.969 0.966 0.893
125 0.968 0.980 0.980 0.984 0.985 0.982 0.983 0.968 0.973 0.971 1.000 0.934 0.985 0.977 0.972 0.976 1.000 0.846
126 0.968 0.963 0.960 0.940 0.937 0.908 0.916 0.888 0.900 0.874 0.954 0.947 0.916 0.951 0.969 0.866 0.969 1.000
127 0.969 0.975 0.975 0.987 0.993 0.990 0.987 0.968 0.951 0.939 1.000 0.964 0.994 0.973 0.967 0.972 0.977 0.920
128 0.969 0.975 0.975 0.986 0.993 0.990 0.987 0.968 0.951 0.940 1.000 0.963 0.994 0.973 0.967 0.972 0.977 0.921
129 0.969 0.976 0.976 0.987 0.994 0.990 0.987 0.968 0.952 0.940 1.000 0.964 0.995 0.974 0.968 0.972 0.978 0.921
130 0.969 0.974 0.973 0.994 0.991 0.994 0.983 0.965 0.942 0.932 0.996 0.963 1.000 0.973 0.964 0.965 0.967 0.898
131 0.969 0.976 0.976 0.986 0.994 0.990 0.988 0.968 0.951 0.940 1.000 0.964 0.994 0.973 0.967 0.972 0.978 0.715
132 0.969 0.968 0.968 0.966 0.958 0.859 0.797 0.870 0.957 0.852 0.958 0.967 0.884 0.968 0.981 0.970 0.954 1.000
133 0.969 0.976 0.976 0.984 0.994 0.991 0.988 0.968 0.951 0.939 1.000 0.964 0.994 0.974 0.967 0.970 0.977 0.919
134 0.969 0.976 0.976 0.987 0.993 0.991 0.988 0.968 0.952 0.940 1.000 0.964 0.995 0.974 0.968 0.972 0.978 0.921
135 0.969 0.971 0.972 0.956 0.951 0.936 0.913 0.927 0.945 0.922 0.944 0.956 0.939 0.967 0.984 0.904 0.976 1.000
136 0.969 0.968 0.968 0.966 0.957 0.857 0.792 0.868 0.957 0.852 0.958 0.967 0.887 0.969 0.977 0.965 0.955 1.000
137 0.970 0.982 0.982 0.983 0.981 0.980 0.981 0.970 0.983 0.980 1.000 0.891 0.982 0.978 0.977 0.977 0.997 0.767
138 0.970 0.974 0.973 0.992 0.991 0.993 0.980 0.965 0.940 0.931 0.997 0.965 1.000 0.973 0.964 0.961 0.968 0.905
139 0.970 0.974 0.973 0.992 0.990 0.993 0.979 0.964 0.940 0.932 0.997 0.965 1.000 0.972 0.964 0.961 0.967 0.906
140 0.970 0.976 0.976 0.988 0.994 0.991 0.989 0.969 0.952 0.941 1.000 0.965 0.995 0.974 0.968 0.973 0.979 0.921
141 0.970 0.976 0.976 0.987 0.994 0.991 0.989 0.969 0.952 0.940 1.000 0.965 0.995 0.974 0.968 0.973 0.978 0.921
142 0.970 0.978 0.978 0.947 0.962 0.890 0.865 0.927 0.898 0.901 0.954 0.964 0.889 0.963 0.967 0.933 0.931 1.000
143 0.970 0.955 0.948 0.922 0.814 0.744 0.730 0.736 0.799 0.728 0.849 0.933 0.764 0.933 0.983 0.693 0.924 1.000
144 0.970 0.968 0.962 0.918 0.943 0.916 0.910 0.925 0.918 0.928 0.948 0.930 0.916 0.929 0.941 0.928 0.951 1.000
145 0.970 0.969 0.969 0.967 0.958 0.861 0.799 0.871 0.958 0.853 0.963 0.968 0.890 0.970 0.981 0.970 0.956 1.000
146 0.970 0.969 0.969 0.966 0.957 0.857 0.793 0.868 0.958 0.836 0.959 0.968 0.882 0.970 0.980 0.969 0.955 1.000
147 0.971 0.968 0.959 0.917 0.939 0.913 0.906 0.922 0.915 0.925 0.948 0.943 0.912 0.927 0.939 0.925 0.945 1.000
148 0.971 0.974 0.971 0.957 0.920 0.872 0.863 0.901 0.878 0.893 0.907 0.964 0.871 0.966 0.970 0.907 0.956 1.000
149 0.971 0.970 0.970 0.968 0.957 0.857 0.792 0.868 0.958 0.836 0.962 0.968 0.886 0.970 0.979 0.966 0.956 1.000
150 0.971 0.970 0.970 0.969 0.959 0.859 0.794 0.870 0.959 0.854 0.962 0.970 0.914 0.971 0.980 0.968 0.956 1.000
151 0.971 0.970 0.970 0.968 0.959 0.861 0.795 0.872 0.960 0.857 0.963 0.969 0.902 0.971 0.979 0.968 0.957 1.000
152 0.972 0.971 0.971 0.969 0.959 0.859 0.794 0.871 0.960 0.854 0.964 0.970 0.891 0.971 0.981 0.967 0.957 1.000
153 0.972 0.983 0.983 0.984 0.986 0.983 0.983 0.969 0.973 0.971 1.000 0.939 0.986 0.980 0.977 0.975 1.000 0.851
154 0.972 0.970 0.971 0.969 0.959 0.859 0.795 0.870 0.960 0.838 0.962 0.970 0.889 0.971 0.980 0.968 0.957 1.000
155 0.972 0.971 0.971 0.972 0.961 0.864 0.801 0.875 0.961 0.857 0.965 0.973 0.902 0.971 0.982 0.970 0.957 1.000
156 0.972 0.971 0.971 0.969 0.960 0.860 0.795 0.871 0.960 0.839 0.962 0.971 0.891 0.972 0.978 0.965 0.958 1.000
157 0.972 0.971 0.971 0.969 0.959 0.859 0.794 0.870 0.959 0.838 0.963 0.970 0.887 0.971 0.981 0.968 0.957 1.000
158 0.972 0.971 0.971 0.971 0.961 0.859 0.792 0.871 0.960 0.854 0.962 0.973 0.894 0.972 0.978 0.968 0.957 1.000
159 0.972 0.968 0.969 0.991 1.000 0.984 0.944 0.947 0.931 0.931 0.992 0.994 0.992 0.971 0.971 0.959 0.986 0.841
160 0.972 0.978 0.976 0.997 0.994 0.997 0.987 0.968 0.947 0.939 0.997 0.963 1.000 0.975 0.966 0.970 0.970 0.898
161 0.973 0.971 0.971 0.969 0.959 0.860 0.795 0.872 0.961 0.855 0.963 0.970 0.891 0.972 0.981 0.968 0.958 1.000
162 0.973 0.970 0.962 0.919 0.943 0.918 0.912 0.926 0.919 0.929 0.954 0.956 0.918 0.939 0.940 0.926 0.954 1.000
163 0.973 0.972 0.972 0.970 0.960 0.861 0.796 0.872 0.961 0.839 0.961 0.970 0.892 0.973 0.980 0.967 0.958 1.000
164 0.973 0.972 0.972 0.970 0.959 0.859 0.794 0.870 0.961 0.838 0.962 0.970 0.888 0.973 0.980 0.967 0.958 1.000
165 0.973 0.984 0.983 0.987 0.987 0.984 0.986 0.971 0.977 0.976 1.000 0.932 0.987 0.981 0.978 0.980 0.999 0.832
166 0.973 0.983 0.983 0.986 0.987 0.985 0.986 0.972 0.978 0.976 1.000 0.935 0.987 0.981 0.977 0.981 1.000 0.837
167 0.973 0.972 0.972 0.971 0.960 0.861 0.795 0.872 0.961 0.840 0.965 0.972 0.892 0.973 0.981 0.969 0.958 1.000
168 0.973 0.972 0.972 0.970 0.959 0.862 0.797 0.873 0.961 0.857 0.960 0.971 0.895 0.973 0.980 0.967 0.959 1.000
169 0.973 0.972 0.972 0.974 0.961 0.865 0.797 0.875 0.962 0.860 0.962 0.975 0.901 0.973 0.981 0.969 0.958 1.000
170 0.974 0.972 0.972 0.970 0.960 0.860 0.796 0.871 0.961 0.840 0.963 0.971 0.891 0.973 0.980 0.966 0.958 1.000
171 0.974 0.972 0.973 0.970 0.960 0.860 0.795 0.870 0.961 0.839 0.963 0.971 0.888 0.973 0.982 0.968 0.959 1.000
172 0.974 0.977 0.976 0.993 0.997 0.996 0.984 0.971 0.937 0.927 1.000 0.970 1.000 0.974 0.969 0.954 0.977 0.925
173 0.974 0.984 0.984 0.985 0.988 0.985 0.985 0.972 0.977 0.976 1.000 0.943 0.988 0.982 0.978 0.979 1.000 0.866
174 0.975 0.974 0.974 0.972 0.960 0.861 0.795 0.872 0.963 0.839 0.964 0.973 0.890 0.974 0.982 0.971 0.960 1.000
175 0.975 0.975 0.980 0.979 0.974 0.838 0.799 0.842 0.956 0.836 0.928 0.976 0.862 0.984 0.986 0.969 0.954 1.000
176 0.975 0.974 0.974 0.972 0.962 0.862 0.796 0.873 0.963 0.841 0.964 0.973 0.894 0.975 0.982 0.969 0.961 1.000
177 0.976 1.000 0.861 0.913 0.951 0.937 0.919 0.899 0.951 0.943 0.969 0.636 0.930 0.850 0.838 0.953 0.980 0.526
178 0.976 0.974 0.975 0.973 0.963 0.863 0.797 0.873 0.964 0.842 0.966 0.974 0.895 0.975 0.984 0.969 0.961 1.000
179 0.976 0.974 0.975 0.973 0.962 0.863 0.798 0.874 0.964 0.842 0.967 0.973 0.892 0.975 0.984 0.971 0.961 1.000
180 0.976 0.979 0.979 0.974 0.976 0.972 0.960 0.973 0.975 0.974 0.973 0.971 0.972 0.979 0.985 0.980 0.981 1.000
181 0.976 0.975 0.975 0.972 0.962 0.866 0.799 0.875 0.964 0.861 0.966 0.973 0.904 0.975 0.983 0.971 0.961 1.000
182 0.976 0.983 0.983 0.993 0.993 0.992 0.993 0.978 0.969 0.962 1.000 0.967 0.994 0.982 0.975 0.978 0.982 0.912
183 0.976 0.964 0.953 0.956 0.893 0.857 0.829 0.845 0.868 0.849 0.895 0.963 0.879 0.950 0.974 0.853 0.941 1.000
184 0.976 0.986 0.984 0.995 0.997 0.994 0.985 0.977 0.963 0.957 1.000 0.969 0.997 0.983 0.976 0.980 0.985 0.916
185 0.977 0.976 0.975 0.939 0.961 0.923 0.910 0.950 0.928 0.933 0.963 0.967 0.922 0.976 0.994 0.966 0.936 1.000
186 0.977 0.976 0.976 0.974 0.964 0.867 0.800 0.876 0.966 0.861 0.968 0.975 0.902 0.977 0.984 0.970 0.963 1.000
187 0.977 0.976 0.976 0.974 0.964 0.867 0.801 0.878 0.966 0.862 0.966 0.976 0.906 0.977 0.982 0.969 0.963 1.000
188 0.977 0.993 0.992 0.999 1.000 1.000 0.979 0.979 0.994 0.995 1.000 0.982 1.000 0.998 0.994 1.000 0.989 0.933
189 0.977 0.976 0.976 0.974 0.964 0.865 0.799 0.876 0.966 0.843 0.967 0.975 0.901 0.977 0.985 0.973 0.962 1.000
190 0.978 0.987 0.986 0.984 0.989 0.985 0.984 0.971 0.974 0.972 1.000 0.939 0.987 0.985 0.982 0.980 0.998 0.841
191 0.978 0.975 0.974 0.965 0.949 0.918 0.912 0.905 0.922 0.917 0.945 0.970 0.943 0.969 0.964 0.909 0.923 1.000
192 0.978 0.973 0.969 0.953 0.939 0.948 0.930 0.922 0.895 0.900 0.962 0.970 0.951 0.965 0.979 0.913 0.968 1.000
193 0.978 1.000 0.990 0.979 0.983 0.692 0.645 0.779 0.792 0.703 0.801 0.990 0.679 0.984 0.985 0.835 0.933 0.961
194 0.978 0.977 0.977 0.975 0.965 0.865 0.800 0.876 0.966 0.860 0.969 0.976 0.900 0.978 0.987 0.970 0.963 1.000
195 0.978 0.981 0.981 0.994 0.996 0.993 0.982 0.969 0.943 0.936 1.000 0.975 0.997 0.978 0.975 0.959 0.983 0.939
196 0.978 0.987 0.987 0.988 0.989 0.987 0.988 0.977 0.981 0.979 1.000 0.950 0.990 0.985 0.982 0.983 0.999 0.880
197 0.979 0.987 0.958 0.994 0.992 0.991 0.980 0.959 0.968 0.967 1.000 0.906 0.995 0.957 0.928 0.968 0.969 0.771
198 0.979 0.975 0.974 0.959 0.953 0.940 0.936 0.925 0.940 0.928 0.977 0.959 0.946 0.969 0.973 0.932 0.990 1.000
199 0.979 0.988 0.959 0.994 0.993 0.992 0.981 0.958 0.968 0.967 1.000 0.906 0.996 0.957 0.928 0.967 0.971 0.769
200 0.979 0.983 0.980 0.991 0.997 0.991 0.977 0.969 0.954 0.948 1.000 0.979 0.993 0.982 0.979 0.967 0.986 0.951
201 0.979 0.982 0.980 0.993 0.998 0.993 0.983 0.969 0.949 0.943 1.000 0.977 0.997 0.979 0.978 0.952 0.987 0.961
202 0.979 0.983 0.982 0.950 0.950 0.915 0.890 0.920 0.926 0.921 0.943 0.971 0.913 0.951 0.949 0.959 0.946 1.000
203 0.979 0.986 0.983 0.985 1.000 0.983 0.918 0.949 0.960 0.949 0.997 0.974 0.984 0.988 0.987 0.974 0.998 0.905
204 0.980 0.978 0.979 0.977 0.968 0.870 0.803 0.880 0.968 0.865 0.969 0.978 0.906 0.980 0.985 0.971 0.965 1.000
205 0.980 0.988 0.956 0.996 0.992 0.992 0.982 0.959 0.970 0.969 1.000 0.906 0.997 0.956 0.926 0.969 0.967 0.656
206 0.980 0.989 0.960 0.995 0.994 0.993 0.981 0.960 0.969 0.967 1.000 0.911 0.997 0.959 0.931 0.968 0.970 0.772
207 0.980 0.979 0.979 0.979 0.968 0.868 0.801 0.880 0.968 0.864 0.971 0.980 0.902 0.980 0.986 0.974 0.965 1.000
208 0.980 1.000 0.987 0.970 0.863 0.697 0.652 0.779 0.760 0.705 0.805 0.990 0.684 0.982 0.986 0.816 0.913 0.959
209 0.980 0.979 0.978 0.961 0.956 0.949 0.944 0.952 0.953 0.952 0.957 0.969 0.951 0.977 0.982 0.964 0.978 1.000
210 0.981 0.990 0.960 0.996 0.993 0.993 0.982 0.960 0.969 0.968 1.000 0.909 0.997 0.959 0.931 0.967 0.969 0.772
211 0.981 0.990 0.960 0.996 0.994 0.993 0.981 0.960 0.970 0.969 1.000 0.907 0.998 0.958 0.928 0.969 0.967 0.770
212 0.981 0.980 0.979 0.969 0.960 0.950 0.948 0.952 0.954 0.954 0.985 0.972 0.955 0.973 0.981 0.955 0.985 1.000
213 0.981 0.989 0.957 0.995 0.992 0.993 0.982 0.959 0.969 0.968 1.000 0.907 0.997 0.956 0.929 0.967 0.967 0.772
214 0.981 0.980 0.979 0.972 0.970 0.963 0.965 0.950 0.951 0.947 0.991 0.973 0.974 0.972 0.974 0.941 0.992 1.000
215 0.981 0.995 0.990 0.985 0.865 0.681 0.637 0.721 0.781 0.682 0.728 0.988 0.671 0.990 1.000 0.868 0.961 0.959
216 0.981 0.982 0.977 0.968 0.958 0.930 0.913 0.945 0.936 0.936 0.942 0.966 0.930 0.976 0.988 0.960 0.958 1.000
217 0.982 0.987 0.987 0.991 0.997 0.994 0.991 0.979 0.966 0.962 1.000 0.981 0.996 0.988 0.984 0.981 0.990 0.950
218 0.982 0.981 0.971 0.987 0.985 0.983 0.983 0.956 0.944 0.944 1.000 0.972 0.989 0.970 0.970 0.951 0.978 0.961
219 0.982 0.984 0.984 0.982 0.983 0.979 0.964 0.980 0.983 0.980 0.980 0.977 0.979 0.984 0.987 0.988 0.985 1.000
220 0.982 0.980 0.976 0.960 0.955 0.924 0.904 0.943 0.925 0.939 0.963 0.972 0.923 0.968 0.988 0.939 0.975 1.000
221 0.983 0.984 0.984 1.000 0.986 0.991 0.953 0.966 0.926 0.922 0.993 0.999 0.997 0.984 0.983 0.941 0.983 0.947
222 0.983 0.985 0.983 1.000 0.983 0.990 0.951 0.965 0.926 0.923 0.991 0.999 0.992 0.985 0.983 0.941 0.982 0.944
223 0.983 0.985 0.985 0.977 0.968 0.942 0.911 0.950 0.942 0.942 0.955 0.983 0.940 0.979 0.973 0.966 0.965 1.000
224 0.983 0.985 0.984 0.977 0.970 0.950 0.926 0.953 0.954 0.953 0.961 0.979 0.949 0.980 0.979 0.962 0.976 1.000
225 0.983 0.984 0.973 0.975 0.973 0.965 0.960 0.939 0.952 0.945 1.000 0.967 0.977 0.969 0.972 0.935 0.994 0.999
226 0.983 0.990 0.988 0.942 0.943 0.908 0.855 0.862 0.991 0.851 0.983 0.940 0.935 0.986 0.987 0.955 1.000 0.965
227 0.984 0.982 0.983 0.981 0.972 0.871 0.805 0.882 0.972 0.866 0.976 0.982 0.901 0.984 0.993 0.975 0.969 1.000
228 0.984 0.989 0.974 0.972 0.981 0.969 0.957 0.948 0.958 0.948 0.991 0.902 0.971 0.968 0.972 0.946 1.000 0.831
229 0.984 0.984 0.973 0.985 0.983 0.983 0.983 0.957 0.949 0.947 1.000 0.975 0.989 0.972 0.971 0.956 0.982 0.962
230 0.984 0.983 0.983 0.943 0.913 0.849 0.826 0.842 0.927 0.831 0.953 0.943 0.857 0.981 0.987 0.930 0.968 1.000
231 0.984 0.966 0.977 0.982 0.917 0.684 0.598 0.634 0.777 0.634 0.824 0.970 0.620 1.000 0.967 0.882 0.791 0.901
232 0.984 0.980 0.976 0.790 0.790 0.780 0.769 0.808 0.787 0.791 0.838 1.000 0.777 0.799 0.797 0.936 0.782 0.966
233 0.984 0.986 0.985 1.000 0.986 0.993 0.955 0.968 0.930 0.926 0.994 0.999 0.998 0.985 0.984 0.946 0.984 0.946
234 0.985 0.987 0.985 0.997 0.992 0.997 0.977 0.971 0.951 0.945 1.000 0.981 0.999 0.981 0.978 0.953 0.978 0.937
235 0.985 0.984 0.984 0.944 0.915 0.848 0.826 0.841 0.927 0.830 0.956 0.943 0.855 0.982 0.988 0.930 0.970 1.000
236 0.985 0.983 0.983 0.980 0.969 0.961 0.951 0.960 0.964 0.958 0.972 0.982 0.963 0.981 0.987 0.968 0.985 1.000
237 0.985 1.000 0.990 0.983 0.913 0.704 0.656 0.788 0.801 0.715 0.815 0.991 0.691 0.989 0.990 0.826 0.936 0.963
238 0.985 0.999 0.998 0.997 0.969 0.949 0.909 0.941 0.920 0.920 0.976 0.997 0.955 0.999 1.000 0.969 0.987 0.942
239 0.985 0.985 0.973 0.985 0.980 0.981 0.980 0.955 0.949 0.946 1.000 0.975 0.986 0.973 0.972 0.951 0.981 0.964
240 0.985 0.985 0.974 0.988 0.981 0.982 0.984 0.957 0.950 0.948 1.000 0.975 0.988 0.973 0.973 0.954 0.981 0.964
241 0.986 0.990 0.987 0.997 1.000 0.998 0.981 0.982 0.960 0.955 0.999 0.985 0.999 0.988 0.983 0.987 0.986 0.787
242 0.986 1.000 0.848 0.931 0.969 0.934 0.884 0.865 0.953 0.921 0.939 0.804 0.940 0.851 0.846 0.828 0.906 0.616
243 0.986 0.987 0.986 0.992 0.996 0.991 0.981 0.967 0.945 0.940 1.000 0.983 0.996 0.983 0.984 0.945 0.992 0.977
244 0.986 0.989 0.988 0.998 1.000 0.999 0.987 0.984 0.960 0.948 1.000 0.984 1.000 0.987 0.983 0.983 0.987 0.943
245 0.986 0.986 0.983 0.977 0.971 0.963 0.956 0.957 0.959 0.954 0.981 0.978 0.965 0.979 0.980 0.959 0.989 1.000
246 0.986 0.988 0.986 0.992 0.933 0.992 0.993 0.982 0.969 0.967 1.000 0.985 0.995 0.985 0.983 0.984 0.992 0.967
247 0.986 0.988 0.948 0.994 0.993 0.995 0.979 0.964 0.965 0.958 0.997 0.936 1.000 0.948 0.937 0.951 0.968 0.862
248 0.987 0.980 0.977 0.977 0.941 0.966 0.941 0.927 0.896 0.898 0.955 0.988 0.967 0.981 0.984 0.921 0.961 1.000
249 0.987 0.985 0.963 0.952 0.934 0.939 0.915 0.914 0.953 0.931 0.942 0.955 0.940 0.985 0.992 0.969 0.994 1.000
250 0.987 1.000 0.984 0.983 0.869 0.698 0.649 0.784 0.788 0.707 0.814 0.994 0.683 0.987 0.989 0.820 0.936 0.954
251 0.987 0.987 0.975 0.987 0.986 0.984 0.984 0.957 0.947 0.947 1.000 0.975 0.990 0.975 0.974 0.956 0.983 0.962
252 0.987 0.985 0.977 0.958 0.926 0.901 0.890 0.893 0.919 0.903 0.946 0.955 0.908 0.980 0.988 0.960 0.990 1.000
253 0.987 0.989 0.989 1.000 0.949 0.871 0.770 0.857 0.880 0.862 0.875 0.996 0.867 0.996 0.992 0.946 0.978 0.717
254 0.987 0.987 0.974 0.987 0.986 0.983 0.983 0.957 0.946 0.946 1.000 0.976 0.989 0.974 0.973 0.954 0.982 0.965
255 0.987 0.990 0.989 0.998 1.000 0.998 0.977 0.981 0.952 0.943 0.998 0.988 1.000 0.989 0.985 0.984 0.988 0.938
256 0.987 0.995 0.993 0.995 0.959 0.926 0.876 0.921 0.907 0.909 0.964 0.996 0.922 0.994 1.000 0.963 0.991 0.941
257 0.987 0.987 0.975 0.987 0.982 0.982 0.981 0.957 0.951 0.949 1.000 0.976 0.987 0.975 0.974 0.955 0.983 0.965
258 0.987 1.000 0.972 0.894 0.843 0.806 0.795 0.821 0.822 0.808 0.879 0.980 0.917 0.953 0.960 0.612 0.841 0.892
259 0.988 0.987 0.973 0.985 0.980 0.978 0.980 0.954 0.949 0.947 1.000 0.976 0.987 0.974 0.973 0.950 0.983 0.964
260 0.988 0.981 0.981 0.967 0.938 0.912 0.892 0.903 0.927 0.898 0.958 0.967 0.917 0.978 0.995 0.941 0.978 1.000
261 0.988 0.989 0.975 0.988 0.985 0.981 0.979 0.955 0.949 0.943 1.000 0.973 0.988 0.974 0.974 0.954 0.982 0.964
262 0.988 0.996 0.970 0.948 0.966 0.886 0.845 0.938 0.885 0.902 0.966 0.978 0.900 0.969 1.000 0.940 0.923 0.994
263 0.988 0.988 0.991 0.983 0.883 0.729 0.688 0.755 0.821 0.737 0.743 0.989 0.720 0.988 1.000 0.906 0.969 0.954
264 0.988 0.981 0.973 0.975 0.945 0.937 0.943 0.931 0.946 0.936 0.964 0.986 0.926 0.972 0.980 0.889 0.957 1.000
265 0.988 1.000 0.991 0.982 0.867 0.692 0.645 0.779 0.789 0.705 0.801 0.994 0.681 0.988 0.988 0.837 0.940 0.968
266 0.988 1.000 0.992 0.982 0.876 0.699 0.650 0.785 0.794 0.709 0.807 0.993 0.686 0.991 0.993 0.825 0.934 0.965
267 0.988 1.000 0.990 0.979 0.879 0.708 0.661 0.792 0.791 0.719 0.818 0.993 0.695 0.987 0.988 0.830 0.930 0.809
268 0.988 0.990 0.988 0.994 0.940 0.994 0.995 0.984 0.972 0.970 1.000 0.986 0.995 0.987 0.985 0.987 0.990 0.924
269 0.989 0.988 0.988 0.981 0.983 0.978 0.968 0.980 0.984 0.980 0.980 0.978 0.978 0.985 0.996 0.988 0.992 1.000
270 0.989 0.988 0.988 0.984 0.983 0.981 0.976 0.973 0.977 0.972 0.988 0.984 0.983 0.985 0.986 0.978 0.997 1.000
271 0.989 0.993 0.989 0.990 0.990 0.988 0.974 0.973 0.991 0.969 1.000 0.971 0.990 0.989 0.987 0.991 0.991 0.946
272 0.989 0.990 0.989 0.990 0.985 0.984 0.984 0.979 0.984 0.983 1.000 0.894 0.986 0.986 0.989 0.982 0.996 0.531
273 0.989 1.000 0.987 0.987 0.988 0.981 0.946 0.956 0.968 0.953 0.988 0.987 0.988 0.991 0.991 0.980 0.994 0.954
274 0.989 0.986 0.984 0.998 0.976 0.944 0.881 0.898 0.924 0.896 0.974 0.996 0.946 0.999 1.000 0.960 0.987 0.965
275 0.989 0.986 0.973 0.953 0.923 0.898 0.886 0.886 0.920 0.899 0.945 0.946 0.909 0.981 0.989 0.954 0.993 1.000
276 0.989 1.000 0.986 0.968 0.874 0.694 0.646 0.780 0.759 0.703 0.801 0.987 0.681 0.983 0.985 0.815 0.924 0.957
277 0.989 0.984 0.977 0.909 0.904 0.873 0.866 0.901 0.888 0.890 0.883 0.975 0.874 0.910 0.903 0.953 0.875 1.000
278 0.989 0.979 0.969 0.972 0.953 0.935 0.895 0.908 0.919 0.903 0.947 0.981 0.945 0.968 0.973 0.890 0.969 1.000
279 0.989 0.992 0.991 0.995 0.967 0.909 0.854 0.916 0.922 0.910 0.917 0.991 0.909 0.998 1.000 0.975 0.982 0.902
280 0.989 0.994 0.993 0.999 0.952 0.873 0.763 0.857 0.873 0.862 0.874 1.000 0.870 0.998 0.994 0.940 0.972 0.863
281 0.989 0.988 0.986 0.966 0.978 0.951 0.936 0.968 0.956 0.956 0.978 0.982 0.952 0.991 0.995 0.977 0.962 1.000
282 0.989 1.000 0.991 0.974 0.934 0.706 0.657 0.792 0.787 0.718 0.812 0.988 0.691 0.987 0.988 0.853 0.950 0.968
283 0.990 0.958 0.943 0.939 0.753 0.601 0.575 0.603 0.683 0.602 0.747 0.954 0.597 1.000 0.986 0.420 0.886 0.971
284 0.990 0.990 0.974 0.987 0.986 0.982 0.978 0.955 0.947 0.942 1.000 0.975 0.988 0.974 0.974 0.955 0.983 0.966
285 0.990 0.990 0.974 0.986 0.984 0.980 0.977 0.955 0.950 0.944 1.000 0.974 0.987 0.974 0.974 0.954 0.983 0.967
286 0.990 0.990 0.973 0.985 0.982 0.979 0.976 0.951 0.948 0.941 1.000 0.974 0.987 0.973 0.972 0.952 0.982 0.967
287 0.990 0.990 0.975 0.984 0.983 0.980 0.974 0.954 0.951 0.945 1.000 0.977 0.986 0.976 0.975 0.956 0.985 0.968
288 0.990 0.990 0.975 0.986 0.984 0.980 0.978 0.956 0.951 0.947 1.000 0.977 0.987 0.975 0.975 0.957 0.984 0.970
289 0.990 0.990 0.974 0.988 0.986 0.983 0.979 0.955 0.948 0.943 1.000 0.973 0.990 0.975 0.974 0.957 0.984 0.966
290 0.990 0.990 0.973 0.984 0.982 0.979 0.976 0.952 0.948 0.942 1.000 0.976 0.986 0.973 0.973 0.953 0.984 0.948
291 0.990 0.990 0.973 0.983 0.913 0.975 0.975 0.953 0.947 0.943 1.000 0.976 0.985 0.972 0.972 0.951 0.983 0.970
292 0.990 0.983 0.967 0.951 0.927 0.924 0.917 0.907 0.883 0.884 0.939 0.975 0.944 0.963 0.972 0.896 0.973 1.000
293 0.990 0.991 0.989 0.995 0.943 0.995 0.996 0.985 0.971 0.970 1.000 0.988 0.997 0.989 0.986 0.988 0.990 0.971
294 0.990 0.995 0.994 0.984 0.978 0.934 0.911 0.933 0.953 0.928 0.938 0.981 0.940 0.991 1.000 0.963 0.995 0.989
295 0.990 1.000 0.987 0.974 0.877 0.702 0.655 0.790 0.802 0.713 0.811 0.986 0.688 0.982 0.982 0.832 0.922 0.957
296 0.990 0.990 0.975 0.985 0.984 0.979 0.975 0.954 0.952 0.945 1.000 0.978 0.987 0.975 0.975 0.956 0.985 0.970
297 0.990 0.991 0.990 0.987 0.979 0.951 0.914 0.950 0.968 0.953 0.968 0.985 0.951 0.987 0.986 0.981 0.983 1.000
298 0.990 0.990 0.978 0.987 0.987 0.984 0.979 0.960 0.958 0.952 1.000 0.979 0.990 0.977 0.977 0.961 0.985 0.972
299 0.990 0.995 1.000 0.986 0.914 0.776 0.735 0.797 0.865 0.787 0.786 0.995 0.770 0.989 0.993 0.948 0.968 0.701
300 0.990 1.000 0.990 0.981 0.981 0.704 0.657 0.787 0.798 0.713 0.809 0.994 0.690 0.989 0.990 0.842 0.940 0.959
301 0.990 0.990 0.973 0.985 0.984 0.981 0.977 0.953 0.951 0.944 1.000 0.975 0.988 0.973 0.973 0.955 0.984 0.971
302 0.990 0.990 0.990 0.990 0.990 0.990 0.988 0.990 0.990 0.991 0.992 0.990 0.990 0.990 0.990 0.992 0.990 1.000
303 0.990 0.991 0.991 0.985 0.986 0.981 0.971 0.980 0.988 0.982 0.983 0.982 0.983 0.990 0.996 0.990 0.995 1.000
304 0.990 0.991 0.990 0.942 0.943 0.905 0.875 0.935 0.929 0.913 0.928 0.981 0.904 0.961 0.965 0.975 0.937 1.000
305 0.990 0.990 0.974 0.984 0.983 0.978 0.975 0.951 0.946 0.940 1.000 0.977 0.986 0.973 0.973 0.950 0.984 0.968
306 0.991 0.994 0.994 0.989 0.982 0.975 0.963 0.979 0.976 0.978 0.986 0.991 0.975 0.992 0.991 0.983 0.987 1.000
307 0.991 1.000 1.000 0.973 0.952 0.884 0.811 0.879 0.892 0.886 0.888 0.977 0.880 0.992 0.987 0.955 0.968 0.908
308 0.991 0.990 0.974 0.983 0.982 0.976 0.973 0.947 0.942 0.936 1.000 0.976 0.984 0.974 0.973 0.950 0.983 0.940
309 0.991 0.996 0.996 0.988 0.989 0.982 0.965 0.982 0.986 0.983 0.983 0.987 0.981 0.993 0.996 0.992 0.993 1.000
310 0.991 0.991 0.972 0.984 0.983 0.978 0.975 0.951 0.945 0.940 1.000 0.977 0.985 0.973 0.973 0.950 0.984 0.966
311 0.991 0.991 0.976 0.986 0.985 0.981 0.977 0.957 0.953 0.948 1.000 0.978 0.988 0.976 0.976 0.960 0.985 0.970
312 0.991 0.991 0.974 0.984 0.982 0.979 0.975 0.951 0.948 0.941 1.000 0.976 0.986 0.975 0.974 0.953 0.985 0.969
313 0.991 0.993 0.984 0.981 0.855 0.669 0.619 0.709 0.804 0.661 0.723 0.982 0.660 0.988 1.000 0.866 0.958 0.962
314 0.991 0.989 0.973 0.948 0.939 0.924 0.915 0.906 0.933 0.917 0.949 0.940 0.926 0.978 0.986 0.956 0.989 1.000
315 0.991 0.980 0.955 0.972 0.920 0.905 0.834 0.881 0.964 0.844 0.956 0.983 0.918 0.969 0.973 0.952 0.939 1.000
316 0.991 0.992 0.979 0.990 0.989 0.986 0.979 0.961 0.959 0.956 1.000 0.980 0.991 0.979 0.979 0.968 0.986 0.971
317 0.991 0.991 0.992 0.985 0.978 0.847 0.791 0.828 0.860 0.775 0.827 1.000 0.845 0.987 0.985 0.970 0.880 0.954
318 0.991 0.992 0.980 0.989 0.987 0.984 0.978 0.961 0.959 0.953 1.000 0.980 0.989 0.979 0.979 0.964 0.987 0.974
319 0.991 0.991 0.991 0.956 0.927 0.859 0.834 0.852 0.939 0.844 0.966 0.956 0.865 0.989 0.995 0.942 0.977 1.000
320 0.991 0.994 0.995 0.989 0.898 0.756 0.716 0.775 0.841 0.761 0.766 0.997 0.749 0.991 1.000 0.925 0.972 0.963
321 0.991 0.994 0.994 0.990 0.974 0.951 0.927 0.949 0.957 0.952 0.961 0.992 0.950 0.994 0.999 0.980 0.985 1.000
322 0.991 0.995 0.995 0.999 1.000 0.997 0.964 0.975 0.960 0.959 1.000 0.993 0.998 0.995 0.992 0.980 0.994 0.745
323 0.991 0.991 0.972 0.985 0.982 0.977 0.975 0.952 0.945 0.941 1.000 0.975 0.986 0.972 0.972 0.951 0.984 0.966
324 0.991 0.995 0.994 1.000 0.966 0.889 0.827 0.886 0.896 0.885 0.893 0.995 0.885 0.996 0.992 0.974 0.986 0.932
325 0.991 0.991 0.975 0.985 0.983 0.980 0.976 0.956 0.953 0.947 1.000 0.978 0.986 0.975 0.975 0.958 0.985 0.972
326 0.991 0.988 0.987 0.969 0.978 0.904 0.872 0.951 0.936 0.915 0.948 0.983 0.904 0.994 1.000 0.978 0.994 0.992
327 0.992 0.997 0.996 0.998 0.999 0.997 0.983 0.987 0.998 0.996 1.000 0.973 0.999 0.995 0.991 0.997 0.994 0.934
328 0.992 0.994 0.994 0.997 0.996 0.991 0.963 0.972 0.950 0.949 1.000 0.992 0.992 0.996 0.994 0.982 0.993 0.912
329 0.992 1.000 0.987 0.969 0.914 0.695 0.650 0.786 0.767 0.707 0.803 0.991 0.683 0.984 0.984 0.823 0.905 0.961
330 0.992 1.000 0.995 0.989 0.935 0.832 0.784 0.899 0.846 0.849 0.941 0.997 0.805 0.998 0.993 0.932 0.940 0.983
331 0.992 0.991 0.974 0.983 0.982 0.976 0.975 0.950 0.947 0.940 1.000 0.976 0.986 0.975 0.974 0.951 0.985 0.968
332 0.992 0.993 0.993 1.000 0.999 0.995 0.987 0.995 0.991 0.992 0.998 0.999 0.994 0.997 0.995 0.996 0.988 0.957
333 0.992 0.975 0.969 0.975 0.949 0.875 0.795 0.907 0.900 0.854 0.917 0.970 0.869 1.000 0.984 0.815 0.917 0.896
334 0.992 0.997 0.996 0.988 0.970 0.885 0.835 0.947 0.894 0.903 0.978 0.996 0.857 1.000 0.995 0.958 0.975 0.997
335 0.992 0.992 0.975 0.984 0.982 0.978 0.975 0.953 0.951 0.944 1.000 0.976 0.985 0.975 0.975 0.955 0.985 0.969
336 0.992 0.992 0.991 0.984 0.980 0.962 0.896 0.955 0.973 0.971 0.983 0.970 0.968 0.993 1.000 0.996 0.996 0.965
337 0.992 1.000 0.989 0.980 0.891 0.694 0.645 0.782 0.770 0.706 0.807 0.995 0.680 0.984 0.986 0.833 0.930 0.806
338 0.992 0.993 0.993 0.997 0.999 0.998 0.985 0.985 0.964 0.956 1.000 0.992 0.999 0.993 0.990 0.984 0.994 0.965
339 0.992 0.990 0.988 0.990 0.933 0.901 0.880 0.896 0.924 0.906 0.918 0.995 0.902 0.986 0.987 0.957 0.966 1.000
340 0.992 0.993 0.979 0.987 0.986 0.983 0.978 0.959 0.957 0.951 1.000 0.978 0.989 0.978 0.978 0.961 0.987 0.973
341 0.992 0.992 0.979 0.986 0.985 0.981 0.976 0.960 0.960 0.953 1.000 0.981 0.988 0.979 0.979 0.963 0.988 0.975
342 0.992 0.993 0.976 0.985 0.983 0.980 0.977 0.954 0.951 0.944 1.000 0.976 0.986 0.976 0.976 0.955 0.985 0.949
343 0.992 0.997 0.995 0.982 0.982 0.961 0.898 0.928 1.000 0.917 0.998 0.972 0.988 0.995 0.991 0.996 0.992 0.941
344 0.992 0.995 0.994 1.000 0.954 0.886 0.845 0.888 0.901 0.890 0.891 0.998 0.886 1.000 0.990 0.975 0.974 0.942
345 0.992 0.990 0.990 0.987 0.950 0.913 0.903 0.922 0.917 0.916 0.923 1.000 0.913 0.987 0.986 0.960 0.971 0.997
346 0.992 0.996 0.996 0.999 1.000 0.996 0.961 0.976 0.962 0.961 0.999 0.994 0.996 0.995 0.993 0.980 0.993 0.904
347 0.993 1.000 0.987 0.975 0.869 0.698 0.648 0.784 0.792 0.709 0.807 0.988 0.683 0.985 0.988 0.821 0.939 0.961
348 0.993 0.997 0.997 0.998 0.971 0.912 0.875 0.913 0.917 0.912 0.916 0.998 0.909 1.000 0.991 0.977 0.980 0.934
349 0.993 0.993 0.990 0.998 0.999 0.998 0.996 0.985 0.968 0.966 1.000 0.992 1.000 0.990 0.988 0.988 0.991 0.975
350 0.993 0.995 0.995 0.994 0.960 0.917 0.874 0.916 0.924 0.917 0.928 0.994 0.915 0.997 1.000 0.965 0.990 0.980
351 0.993 1.000 0.999 0.956 0.956 0.875 0.836 0.878 0.882 0.881 0.880 1.000 0.872 0.958 0.950 0.966 0.938 0.778
352 0.993 1.000 1.000 0.993 0.979 0.938 0.906 0.937 0.940 0.939 0.940 0.992 0.936 0.998 0.992 0.970 0.981 0.908
353 0.993 0.995 0.995 1.000 0.994 0.988 0.957 0.974 0.948 0.948 0.993 0.996 0.989 0.997 0.995 0.988 0.990 0.756
354 0.993 0.985 0.985 0.918 0.986 0.900 0.886 0.960 0.901 0.922 0.973 0.977 0.899 0.982 0.985 0.962 0.950 1.000
355 0.993 1.000 0.985 0.981 0.886 0.683 0.635 0.771 0.792 0.695 0.799 0.991 0.668 0.987 0.989 0.838 0.940 0.962
356 0.993 0.986 0.959 0.955 0.952 0.927 0.922 0.903 0.923 0.918 0.965 0.962 0.935 0.952 0.972 0.868 0.950 1.000
357 0.993 0.993 0.991 0.980 0.939 0.897 0.865 0.901 0.907 0.897 0.914 0.987 0.895 0.989 1.000 0.949 0.987 1.000
358 0.993 0.993 0.993 0.991 0.990 0.987 0.981 0.986 0.988 0.987 0.996 0.991 0.988 0.992 0.997 0.990 0.998 1.000
359 0.993 0.992 0.992 0.970 0.985 0.935 0.916 0.951 0.940 0.940 0.961 0.991 0.934 0.971 0.967 0.981 0.961 1.000
360 0.993 0.998 0.996 0.996 0.993 0.980 0.949 0.966 0.936 0.924 0.991 0.994 0.978 1.000 0.999 0.969 0.992 0.930
361 0.993 0.993 0.992 0.990 0.988 0.985 0.977 0.985 0.985 0.985 0.993 0.994 0.985 0.990 0.993 0.984 0.986 1.000
362 0.993 1.000 0.999 0.995 0.986 0.963 0.936 0.965 0.966 0.963 0.979 0.992 0.965 0.998 0.997 0.984 0.980 0.979
363 0.993 1.000 0.998 0.992 0.991 0.973 0.935 0.973 0.977 0.966 0.991 0.994 0.978 0.994 0.995 0.989 0.991 0.992
364 0.993 1.000 1.000 0.990 0.975 0.943 0.906 0.939 0.946 0.943 0.945 0.990 0.941 0.999 0.996 0.972 0.990 0.920
365 0.993 0.994 0.994 0.990 0.987 0.956 0.930 0.960 0.962 0.956 0.963 0.990 0.954 0.990 0.989 0.982 0.985 1.000
366 0.993 0.994 0.984 0.988 0.987 0.981 0.978 0.966 0.967 0.961 1.000 0.981 0.988 0.983 0.982 0.972 0.993 0.987
367 0.993 0.990 0.988 0.991 0.979 0.967 0.960 0.966 0.967 0.960 0.985 0.992 0.975 0.988 0.994 0.953 0.994 1.000
368 0.993 0.994 0.994 1.000 0.991 0.963 0.892 0.945 0.970 0.955 0.972 0.997 0.971 0.997 0.999 0.988 1.000 0.898
369 0.994 1.000 0.987 0.994 0.961 0.938 0.865 0.913 0.913 0.870 0.955 0.994 0.950 0.990 0.989 0.970 0.977 0.953
370 0.994 0.995 0.994 0.989 0.985 0.972 0.959 0.978 0.974 0.975 0.992 0.989 0.971 0.989 0.989 0.989 0.986 1.000
371 0.994 1.000 0.999 0.979 0.993 0.983 0.955 0.979 0.978 0.978 0.997 0.997 0.986 0.998 1.000 0.982 0.993 0.985
372 0.994 1.000 0.992 0.981 0.872 0.695 0.647 0.782 0.769 0.705 0.813 0.993 0.682 0.990 0.992 0.820 0.929 0.811
373 0.994 0.994 0.994 0.989 0.983 0.959 0.934 0.961 0.962 0.960 0.967 0.989 0.957 0.990 0.988 0.973 0.985 1.000
374 0.994 0.973 0.974 0.993 0.808 0.678 0.581 0.681 0.750 0.655 0.775 1.000 0.670 0.979 0.974 0.626 0.885 0.952
375 0.994 0.994 0.993 0.979 0.985 0.972 0.944 0.969 0.982 0.973 0.979 0.980 0.975 0.992 0.999 0.983 1.000 0.988
376 0.994 0.996 0.994 0.996 0.994 0.993 0.993 0.989 0.987 0.993 1.000 0.977 0.994 0.994 0.994 0.992 0.993 0.796
377 0.994 0.994 0.988 0.991 0.995 0.991 0.973 0.970 0.952 0.946 1.000 0.988 0.994 0.986 0.991 0.965 0.993 0.973
378 0.994 0.995 0.994 0.998 0.998 0.997 0.982 0.986 0.966 0.959 1.000 0.994 0.999 0.994 0.992 0.983 0.995 0.967
379 0.994 0.992 0.991 0.988 0.920 0.879 0.861 0.876 0.900 0.885 0.902 0.991 0.879 0.987 0.992 0.943 0.969 1.000
380 0.994 0.994 0.987 0.995 0.993 0.998 0.957 0.975 0.957 0.951 1.000 0.991 0.999 0.986 0.986 0.960 0.984 0.945
381 0.994 0.995 0.995 0.994 0.994 0.992 0.980 0.989 0.993 0.991 0.998 0.978 0.993 0.994 0.995 0.991 1.000 0.990
382 0.994 0.993 0.989 0.968 0.971 0.966 0.932 0.951 0.976 0.951 0.958 0.953 0.971 0.982 0.990 0.961 1.000 0.953
383 0.994 0.967 0.959 0.931 0.764 0.515 0.483 0.541 0.625 0.521 0.681 0.938 0.507 1.000 0.999 0.271 0.879 0.889
384 0.994 0.996 0.995 0.995 0.995 0.995 0.991 0.991 0.995 0.994 1.000 0.986 0.995 0.994 0.993 0.993 0.995 0.983
385 0.994 0.997 0.999 0.994 0.939 0.826 0.785 0.836 0.893 0.833 0.833 1.000 0.821 0.997 0.999 0.965 0.971 0.951
386 0.994 0.980 0.975 0.995 0.919 0.821 0.811 0.870 0.862 0.838 0.913 1.000 0.833 0.981 0.987 0.735 0.955 0.996
387 0.995 0.990 0.989 1.000 0.957 0.885 0.774 0.866 0.887 0.871 0.884 1.000 0.882 0.995 0.990 0.946 0.971 0.876
388 0.995 1.000 0.992 0.998 0.985 0.963 0.878 0.945 0.961 0.945 0.975 0.999 0.964 0.997 0.999 0.910 0.990 0.955
389 0.995 1.000 0.984 0.986 0.869 0.701 0.653 0.786 0.793 0.710 0.816 0.997 0.686 0.988 0.990 0.833 0.932 0.803
390 0.995 0.999 0.998 0.994 0.953 0.891 0.839 0.889 0.909 0.884 0.932 1.000 0.902 0.996 0.991 0.963 0.973 0.961
391 0.995 0.996 0.995 0.981 0.974 0.935 0.892 0.930 0.941 0.930 0.965 0.988 0.944 0.994 1.000 0.934 0.990 0.989
392 0.995 0.996 0.995 0.999 1.000 0.996 0.980 0.985 0.968 0.976 1.000 0.996 0.998 0.995 0.993 0.986 0.995 0.966
393 0.995 0.997 0.997 0.999 0.994 0.980 0.960 0.977 0.981 0.979 0.984 0.998 0.980 1.000 1.000 0.992 0.999 0.984
394 0.995 0.996 0.993 1.000 0.966 0.870 0.805 0.825 0.903 0.860 0.964 0.995 0.870 1.000 0.974 0.979 0.942 0.768
395 0.995 0.998 0.997 0.996 0.972 0.908 0.856 0.907 0.960 0.899 0.936 0.994 0.920 1.000 0.998 0.972 0.990 0.992
396 0.995 1.000 0.974 0.979 0.966 0.826 0.749 0.823 0.894 0.835 0.932 0.957 0.798 0.980 0.970 0.937 0.925 0.874
397 0.995 0.995 0.996 0.993 0.981 0.905 0.864 0.909 0.962 0.893 0.968 1.000 0.908 0.995 0.993 0.976 0.976 0.998
398 0.995 0.998 1.000 0.997 0.981 0.940 0.895 0.936 0.951 0.937 0.945 0.999 0.941 0.998 0.997 0.975 0.988 0.944
399 0.995 1.000 1.000 0.996 0.988 0.958 0.934 0.957 0.960 0.959 0.960 0.995 0.957 0.999 0.994 0.980 0.988 0.945
400 0.995 0.997 0.997 0.994 0.973 0.953 0.925 0.951 0.953 0.951 0.955 0.993 0.951 0.999 1.000 0.980 0.993 0.958
401 0.996 0.999 1.000 0.994 0.981 0.955 0.929 0.954 0.956 0.956 0.956 0.995 0.954 0.997 0.996 0.978 0.985 0.964
402 0.996 1.000 0.999 0.978 0.969 0.915 0.885 0.915 0.921 0.919 0.919 0.986 0.913 0.979 0.974 0.975 0.968 0.841
403 0.996 1.000 0.977 0.987 0.976 0.965 0.914 0.946 0.927 0.898 0.975 0.986 0.969 0.990 0.989 0.970 0.978 0.922
404 0.996 0.996 0.996 0.991 0.996 0.988 0.982 0.991 0.989 0.990 0.992 0.995 0.989 0.995 0.995 0.992 0.989 1.000
405 0.996 0.998 1.000 0.990 0.955 0.907 0.877 0.911 0.920 0.910 0.924 0.993 0.906 0.997 0.998 0.958 0.992 0.994
406 0.996 1.000 1.000 0.996 0.989 0.965 0.945 0.965 0.966 0.966 0.967 0.996 0.965 0.998 0.995 0.984 0.991 0.986
407 0.996 0.995 0.993 0.952 0.948 0.913 0.891 0.936 0.934 0.924 0.943 0.969 0.911 0.954 0.954 1.000 0.950 0.964
408 0.996 1.000 1.000 0.997 0.988 0.960 0.926 0.955 0.963 0.961 0.962 0.998 0.958 0.998 0.995 0.974 0.992 0.959
409 0.996 1.000 0.987 0.977 0.876 0.704 0.655 0.788 0.805 0.712 0.811 0.990 0.691 0.989 0.992 0.844 0.946 0.816
410 0.996 0.998 0.997 0.999 0.984 0.939 0.895 0.936 0.949 0.928 0.942 0.987 0.937 1.000 0.995 0.981 0.984 0.920
411 0.996 0.987 0.962 0.843 0.884 0.776 0.749 0.866 0.784 0.811 0.842 0.943 0.774 0.933 0.974 0.902 0.930 1.000
412 0.996 1.000 1.000 0.997 0.988 0.960 0.927 0.956 0.962 0.962 0.962 0.999 0.959 0.998 0.995 0.979 0.990 0.960
413 0.996 1.000 1.000 0.998 0.987 0.957 0.936 0.956 0.958 0.958 0.961 1.000 0.956 0.999 0.996 0.987 0.989 0.994
414 0.996 0.991 0.987 0.999 0.965 0.928 0.914 0.928 0.942 0.926 0.957 1.000 0.925 0.989 0.994 0.916 0.974 0.983
415 0.996 0.992 0.992 0.998 0.962 0.875 0.757 0.868 0.891 0.872 0.890 1.000 0.867 0.996 0.992 0.950 0.973 0.896
416 0.996 0.997 0.997 1.000 0.995 0.988 0.949 0.977 0.980 0.962 0.992 1.000 0.988 0.998 0.998 0.993 0.995 0.966
417 0.996 1.000 0.998 0.995 0.960 0.908 0.869 0.910 0.913 0.903 0.928 0.995 0.904 0.997 1.000 0.948 0.982 0.971
418 0.996 0.998 0.998 0.994 0.979 0.953 0.919 0.953 0.956 0.956 0.957 0.996 0.951 0.996 0.990 0.970 0.982 1.000
419 0.996 1.000 0.988 0.980 0.878 0.704 0.658 0.790 0.805 0.716 0.809 0.992 0.691 0.987 0.990 0.826 0.925 0.967
420 0.996 1.000 1.000 0.997 0.989 0.961 0.928 0.959 0.964 0.962 0.963 0.998 0.959 0.997 0.994 0.974 0.990 0.992
421 0.996 0.986 0.954 0.905 0.965 0.333 0.365 0.524 0.542 0.344 0.815 0.974 0.352 0.953 0.945 0.541 0.851 1.000
422 0.997 0.998 0.998 1.000 0.996 0.989 0.951 0.977 0.975 0.941 0.994 1.000 0.990 0.998 0.998 0.994 0.996 0.972
423 0.997 0.952 0.940 0.856 0.532 0.132 0.129 0.237 0.135 0.145 0.771 1.000 0.132 0.906 0.911 0.633 0.794 0.926
424 0.997 1.000 1.000 0.996 0.989 0.961 0.929 0.959 0.963 0.962 0.964 0.998 0.960 0.998 0.995 0.976 0.992 0.994
425 0.997 0.999 1.000 0.994 0.982 0.937 0.906 0.936 0.938 0.937 0.938 0.997 0.935 0.996 0.991 0.978 0.980 0.960
426 0.997 1.000 1.000 0.994 0.945 0.833 0.792 0.842 0.898 0.839 0.839 0.997 0.827 0.997 0.998 0.971 0.976 0.677
427 0.997 0.995 0.995 0.995 0.995 0.946 0.923 0.946 0.950 0.948 0.953 1.000 0.948 0.995 0.982 0.990 0.964 0.971
428 0.997 1.000 0.999 0.992 0.946 0.837 0.796 0.846 0.901 0.843 0.844 0.998 0.832 0.997 1.000 0.977 0.976 0.954
429 0.997 1.000 1.000 0.994 0.982 0.934 0.898 0.934 0.936 0.933 0.936 0.992 0.931 0.999 0.994 0.974 0.984 0.948
430 0.997 0.996 0.996 0.974 0.975 0.962 0.959 0.942 0.955 0.945 0.998 0.973 0.968 0.992 0.998 0.952 0.997 1.000
431 0.997 0.997 0.997 0.998 0.996 0.987 0.954 0.981 0.990 0.963 1.000 1.000 0.993 0.997 0.995 0.996 0.993 0.915
432 0.997 0.995 0.988 0.966 0.949 0.955 0.939 0.946 0.925 0.931 0.965 0.984 0.970 0.985 1.000 0.924 0.956 0.985
433 0.997 0.991 0.952 0.981 0.879 0.821 0.810 0.855 0.848 0.813 0.924 0.988 0.820 0.981 0.982 0.927 0.946 1.000
434 0.997 1.000 0.983 0.987 0.961 0.943 0.902 0.933 0.945 0.940 0.955 0.990 0.943 0.988 0.984 0.965 0.975 0.948
435 0.997 0.998 0.998 0.996 0.997 0.991 0.985 0.986 0.996 0.986 1.000 0.993 0.992 0.998 0.996 0.995 0.997 0.978
436 0.997 0.999 0.997 0.998 0.999 0.995 0.979 0.983 0.960 0.961 0.999 1.000 0.996 0.996 0.997 0.974 0.995 0.760
437 0.997 0.998 0.998 0.991 0.990 0.980 0.934 0.945 0.977 0.907 1.000 0.989 0.991 0.996 0.996 0.992 0.998 0.972
438 0.997 0.962 0.954 0.337 0.908 0.328 0.319 0.662 0.330 0.437 0.729 0.938 0.327 0.926 0.955 0.605 0.933 1.000
439 0.997 1.000 0.823 0.806 0.735 0.718 0.688 0.773 0.722 0.720 0.767 0.837 0.708 0.849 0.868 0.781 0.852 0.878
440 0.997 0.997 0.995 0.922 0.989 0.972 0.938 0.975 0.966 0.969 0.994 1.000 0.971 0.993 0.995 0.979 0.983 0.988
441 0.997 1.000 1.000 0.997 0.991 0.961 0.928 0.960 0.963 0.962 0.964 0.998 0.959 0.998 0.995 0.980 0.991 0.994
442 0.997 1.000 0.998 0.993 0.996 0.987 0.976 0.984 0.966 0.966 1.000 0.999 0.990 0.997 0.997 0.981 0.994 0.976
443 0.997 1.000 1.000 0.997 0.992 0.964 0.934 0.963 0.966 0.965 0.966 0.999 0.962 0.997 0.995 0.985 0.992 0.997
444 0.997 0.998 0.996 0.993 0.990 0.985 0.969 0.973 0.981 0.967 0.995 0.990 0.988 0.995 0.997 0.984 1.000 0.993
445 0.997 0.995 0.982 0.956 0.948 0.932 0.925 0.918 0.944 0.930 0.956 0.942 0.934 0.985 0.991 0.967 0.996 1.000
446 0.997 1.000 1.000 0.998 0.994 0.955 0.920 0.954 0.960 0.955 0.959 0.999 0.952 0.998 0.996 0.974 0.992 0.991
447 0.997 0.999 0.999 0.997 0.995 0.934 0.892 0.935 0.985 0.928 0.960 0.995 0.933 0.998 0.996 0.992 0.992 1.000
448 0.997 0.998 0.997 0.999 0.992 0.983 0.948 0.976 0.972 0.961 0.994 1.000 0.982 0.998 0.997 0.993 0.994 0.981
449 0.997 1.000 0.985 0.996 0.921 0.877 0.819 0.881 0.890 0.853 0.945 0.998 0.904 0.995 0.998 0.945 0.977 0.683
450 0.997 0.998 0.996 0.978 0.990 0.976 0.959 0.981 0.967 0.969 0.995 1.000 0.978 0.995 0.995 0.981 0.985 0.973
451 0.998 1.000 0.998 0.994 0.994 0.981 0.958 0.982 0.982 0.981 0.987 0.984 0.978 1.000 0.996 0.996 0.985 0.929
452 0.998 0.999 0.998 0.995 0.994 0.987 0.970 0.976 0.958 0.957 0.996 0.996 0.990 1.000 0.997 0.988 0.995 0.956
453 0.998 1.000 1.000 0.997 0.981 0.948 0.918 0.948 0.948 0.943 0.955 0.997 0.945 0.999 0.998 0.977 0.993 0.901
454 0.998 0.997 0.989 1.000 0.902 0.825 0.744 0.815 0.889 0.791 0.848 1.000 0.846 0.995 0.997 0.936 0.962 0.975
455 0.998 0.999 0.998 0.995 0.993 0.980 0.946 0.975 0.982 0.966 0.994 0.997 0.985 1.000 0.998 0.991 0.994 0.993
456 0.998 0.998 0.997 0.972 0.988 0.974 0.952 0.979 0.975 0.974 0.995 0.997 0.973 0.997 1.000 0.990 0.992 0.994
457 0.998 1.000 0.997 0.998 0.987 0.978 0.940 0.966 0.971 0.957 0.984 0.993 0.985 1.000 0.997 0.992 0.985 0.961
458 0.998 1.000 1.000 0.992 0.987 0.949 0.915 0.951 0.957 0.951 0.953 0.998 0.947 0.995 0.990 0.984 0.986 0.996
459 0.998 1.000 1.000 0.980 0.969 0.923 0.892 0.923 0.930 0.923 0.925 0.987 0.920 0.984 0.980 0.974 0.969 0.980
460 0.998 1.000 0.991 0.979 0.979 0.940 0.917 0.955 0.950 0.942 0.971 0.983 0.939 0.992 0.988 0.969 0.967 0.814
461 0.998 0.998 0.998 0.994 0.986 0.948 0.921 0.957 0.958 0.950 0.958 1.000 0.947 0.993 0.988 0.990 0.978 0.950
462 0.998 0.996 0.992 0.992 0.980 0.982 0.960 0.959 0.930 0.935 0.991 0.992 0.986 0.988 0.995 0.952 0.996 1.000
463 0.998 0.998 0.992 0.994 0.994 0.991 0.983 0.982 0.983 0.980 1.000 0.992 0.994 0.992 0.992 0.986 0.996 0.985
464 0.998 1.000 0.988 0.980 0.971 0.958 0.943 0.957 0.965 0.961 0.973 0.973 0.959 0.984 0.987 0.963 0.985 0.975
465 0.998 1.000 1.000 0.997 0.993 0.955 0.921 0.955 0.959 0.954 0.960 0.998 0.952 0.997 0.995 0.983 0.991 0.992
466 0.998 1.000 1.000 0.998 0.992 0.962 0.930 0.961 0.964 0.963 0.965 0.999 0.960 0.998 0.996 0.973 0.992 0.960
467 0.998 0.998 0.997 1.000 0.998 0.992 0.983 0.990 0.993 0.988 0.994 0.999 0.993 0.998 0.998 0.997 0.997 0.992
468 0.998 1.000 1.000 0.997 0.992 0.959 0.927 0.959 0.962 0.960 0.961 0.999 0.957 0.997 0.994 0.973 0.990 0.993
469 0.998 1.000 0.999 0.997 0.990 0.947 0.897 0.942 0.969 0.935 0.976 0.992 0.962 0.999 0.998 0.995 0.989 0.952
470 0.998 1.000 0.983 0.977 0.973 0.958 0.912 0.944 0.958 0.940 0.961 0.972 0.953 0.991 0.987 0.975 0.958 0.848
471 0.998 0.999 0.999 0.999 0.992 0.978 0.941 0.972 0.969 0.950 0.992 1.000 0.980 0.999 0.998 0.993 0.995 0.781
472 0.998 1.000 1.000 0.996 0.988 0.932 0.899 0.933 0.942 0.930 0.935 0.996 0.929 0.997 0.994 0.986 0.987 0.974
473 0.998 0.999 0.999 0.999 0.993 0.982 0.941 0.974 0.981 0.964 0.991 1.000 0.986 1.000 1.000 0.994 0.995 0.981
474 0.998 1.000 0.992 0.992 0.980 0.967 0.945 0.962 0.966 0.956 0.979 0.991 0.975 0.993 0.992 0.970 0.986 0.978
475 0.998 1.000 0.998 0.999 0.998 0.990 0.979 0.982 0.964 0.964 0.998 1.000 0.992 0.997 0.998 0.973 0.995 0.907
476 0.998 1.000 0.993 0.990 0.986 0.977 0.955 0.970 0.972 0.971 0.981 0.986 0.978 0.993 0.993 0.983 0.985 0.980
477 0.999 1.000 0.999 0.999 0.997 0.983 0.963 0.986 0.986 0.984 0.987 0.991 0.980 0.999 0.993 0.996 0.984 0.960
478 0.999 1.000 0.989 0.992 0.974 0.959 0.946 0.961 0.957 0.956 0.962 1.000 0.959 0.994 0.993 0.959 0.975 0.989
479 0.999 0.997 0.992 0.974 0.975 0.967 0.935 0.954 0.982 0.956 0.968 0.956 0.974 0.984 0.993 0.963 1.000 0.966
480 0.999 1.000 1.000 0.996 0.988 0.959 0.931 0.959 0.964 0.961 0.962 0.996 0.958 0.998 0.996 0.978 0.993 0.997
481 0.999 1.000 0.998 0.988 0.912 0.982 0.977 0.979 0.985 0.983 0.981 0.987 0.983 0.991 0.993 0.992 0.983 0.997
482 0.999 1.000 0.997 0.999 0.999 0.997 0.981 0.990 0.998 0.995 0.998 0.989 0.997 0.996 0.997 0.995 0.997 0.979
483 0.999 1.000 1.000 0.995 0.985 0.958 0.930 0.961 0.962 0.961 0.962 0.999 0.957 0.996 0.991 0.983 0.984 0.972
484 0.999 1.000 0.998 0.998 0.995 0.986 0.970 0.985 0.991 0.986 0.988 0.992 0.987 0.999 0.999 0.993 0.999 0.974
485 0.999 1.000 0.991 0.946 0.987 0.972 0.944 0.975 0.962 0.965 0.988 0.994 0.968 0.992 0.989 0.980 0.980 0.974
486 0.999 0.999 1.000 0.994 0.982 0.942 0.923 0.943 0.946 0.944 0.944 0.998 0.941 0.997 0.989 0.980 0.975 0.969
487 0.999 1.000 1.000 0.999 0.996 0.970 0.928 0.966 0.985 0.951 0.984 0.998 0.988 1.000 0.998 0.998 0.995 0.973
488 0.999 1.000 1.000 0.969 0.955 0.932 0.929 0.930 0.945 0.940 0.932 0.995 0.932 0.976 0.974 0.981 0.958 0.965
489 0.999 1.000 0.998 0.995 0.994 0.994 0.985 0.988 0.991 0.986 0.995 0.993 0.993 0.997 0.997 0.993 1.000 0.996
490 0.999 1.000 0.997 0.989 0.995 0.982 0.957 0.984 0.978 0.981 0.999 0.999 0.981 0.995 0.994 0.981 0.980 0.949
491 0.999 0.999 0.999 0.993 0.987 0.969 0.903 0.958 0.980 0.969 0.975 0.998 0.972 0.999 1.000 0.989 0.990 0.997
492 0.999 1.000 0.997 0.996 0.984 0.969 0.924 0.949 0.995 0.935 0.995 0.995 0.980 0.998 0.996 0.996 0.995 0.993
493 0.999 1.000 1.000 0.992 0.981 0.933 0.903 0.935 0.946 0.933 0.935 0.987 0.929 0.998 0.994 0.982 0.985 0.906
494 0.999 1.000 0.984 0.983 0.978 0.963 0.942 0.948 0.948 0.942 0.979 0.981 0.969 0.987 0.986 0.959 0.985 0.970
495 0.999 1.000 0.998 0.996 0.990 0.954 0.918 0.964 0.974 0.946 0.985 0.999 0.965 0.998 0.994 0.992 0.986 0.992
496 0.999 1.000 1.000 0.995 0.990 0.962 0.943 0.962 0.965 0.962 0.963 0.994 0.961 0.997 0.994 0.987 0.987 0.985
497 0.999 1.000 0.992 0.945 0.987 0.972 0.944 0.975 0.964 0.966 0.989 0.994 0.969 0.992 0.989 0.981 0.981 0.976
498 0.999 1.000 1.000 0.998 0.994 0.983 0.949 0.978 0.986 0.967 0.998 1.000 0.989 1.000 0.998 0.994 0.996 0.993
499 0.999 1.000 0.995 0.997 0.998 0.998 0.989 0.993 0.996 0.994 0.999 0.992 0.998 0.995 0.994 0.996 0.995 0.981
500 0.999 0.999 0.999 0.999 0.986 0.932 0.893 0.929 0.964 0.925 0.945 0.993 0.933 1.000 1.000 0.987 0.995 0.769
501 0.999 1.000 1.000 0.994 0.988 0.935 0.909 0.937 0.940 0.935 0.937 0.997 0.932 0.997 0.991 0.982 0.983 0.969
502 0.999 1.000 0.973 0.965 0.947 0.901 0.847 0.931 0.880 0.884 0.949 0.969 0.912 0.972 0.951 0.932 0.923 0.960
503 0.999 0.998 0.996 0.995 0.981 0.963 0.966 0.973 0.954 0.962 0.991 1.000 0.966 0.994 0.995 0.972 0.987 0.949
504 0.999 1.000 0.999 0.996 0.994 0.982 0.949 0.979 0.984 0.970 0.995 0.998 0.987 0.999 0.996 0.992 0.994 0.993
505 0.999 1.000 0.984 0.993 0.984 0.966 0.919 0.961 0.892 0.895 0.995 0.976 0.971 0.985 0.985 0.890 0.987 0.927
506 0.999 1.000 1.000 0.993 0.987 0.929 0.896 0.930 0.940 0.928 0.932 0.996 0.926 0.995 0.992 0.987 0.987 0.980
507 0.999 0.999 0.994 0.993 0.993 0.991 0.977 0.981 0.991 0.981 1.000 0.993 0.993 0.995 0.995 0.993 0.998 0.999
508 0.999 1.000 0.999 0.990 0.982 0.952 0.923 0.967 0.956 0.957 0.972 1.000 0.950 0.991 0.983 0.980 0.976 0.978
509 1.000 1.000 0.999 0.931 0.993 0.982 0.947 0.978 0.980 0.974 0.995 0.999 0.983 0.997 0.996 0.990 0.993 0.990
510 1.000 1.000 0.998 0.998 0.993 0.953 0.916 0.956 0.980 0.947 0.965 0.993 0.965 0.998 0.993 0.997 0.987 0.833
511 1.000 1.000 0.998 0.972 0.968 0.916 0.884 0.922 0.940 0.920 0.926 0.983 0.912 0.973 0.972 0.999 0.966 0.881
512 1.000 1.000 0.984 0.990 0.949 0.911 0.895 0.923 0.917 0.907 0.930 0.991 0.909 0.990 0.991 0.959 0.976 0.983
513 1.000 1.000 0.984 0.974 0.971 0.972 0.967 0.961 0.967 0.962 0.999 0.976 0.977 0.978 0.978 0.950 0.991 0.999
514 1.000 1.000 1.000 1.000 1.000 0.998 0.878 0.961 0.999 0.997 0.999 0.999 0.999 1.000 1.000 0.999 0.996 0.998
515 1.000 0.999 0.999 0.980 0.981 0.967 0.941 0.959 0.977 0.961 0.971 0.970 0.968 0.993 1.000 0.985 0.996 0.988
516 1.000 1.000 1.000 0.998 0.993 0.983 0.963 0.980 0.989 0.982 0.984 0.997 0.987 1.000 0.999 0.994 0.997 0.995
517 1.000 0.995 0.987 0.984 0.958 0.950 0.921 0.944 0.947 0.921 0.968 0.992 0.959 0.990 0.992 0.940 0.976 1.000
518 1.000 1.000 1.000 1.000 1.000 0.999 0.996 0.998 0.999 0.999 1.000 1.000 1.000 1.000 1.000 0.999 1.000 1.000
519 1.000 0.988 0.951 0.910 0.762 0.449 0.439 0.546 0.662 0.400 0.801 0.961 0.452 0.967 0.959 0.626 0.872 1.000
520 1.000 1.000 0.991 0.983 0.983 0.988 0.958 0.977 0.954 0.961 0.991 0.997 0.988 0.993 0.992 0.969 0.987 0.977
521 1.000 1.000 0.983 0.975 0.972 0.970 0.967 0.960 0.967 0.962 0.999 0.975 0.976 0.977 0.978 0.949 0.990 0.999
522 1.000 1.000 0.999 0.999 0.998 0.994 0.971 0.987 0.998 0.994 0.997 0.999 0.995 0.999 0.999 0.998 0.996 1.000
523 1.000 1.000 0.999 0.998 0.993 0.983 0.966 0.982 0.988 0.982 0.986 0.994 0.986 0.999 0.999 0.993 0.999 0.992
524 1.000 0.999 0.999 1.000 0.992 0.971 0.966 0.959 0.977 0.971 0.977 1.000 0.974 1.000 0.999 0.996 0.981 0.988
525 1.000 1.000 1.000 0.993 0.985 0.953 0.919 0.951 0.973 0.947 0.963 0.990 0.956 0.998 0.995 0.984 0.991 0.951
526 1.000 1.000 0.974 0.957 0.894 0.839 0.804 0.845 0.916 0.835 0.885 0.958 0.847 0.975 0.992 0.938 0.969 0.986
527 1.000 1.000 0.827 0.860 0.737 0.602 0.623 0.720 0.565 0.582 0.786 0.886 0.597 0.844 0.845 0.513 0.802 0.791
528 1.000 1.000 0.992 0.995 0.991 0.976 0.960 0.965 0.975 0.964 0.986 0.989 0.981 0.993 0.991 0.966 0.991 0.970
529 1.000 1.000 0.997 0.989 0.992 0.985 0.972 0.971 0.982 0.973 1.000 0.979 0.985 0.989 0.989 0.982 0.986 0.987
530 1.000 1.000 1.000 0.997 0.990 0.979 0.964 0.980 0.979 0.976 0.982 0.997 0.978 0.998 0.998 0.990 0.994 0.980
531 1.000 1.000 1.000 0.999 0.997 0.995 0.993 0.996 0.997 0.996 0.996 1.000 0.995 0.999 0.998 0.996 0.996 0.998
532 1.000 1.000 1.000 0.999 0.997 0.996 0.993 0.996 0.997 0.996 0.996 1.000 0.995 0.999 0.998 0.996 0.996 0.998
533 1.000 1.000 0.993 0.975 0.953 0.904 0.839 0.879 0.938 0.890 0.905 0.984 0.897 0.993 0.992 0.942 0.973 0.901
534 1.000 0.984 0.945 0.904 0.762 0.421 0.448 0.544 0.598 0.388 0.762 0.959 0.440 0.947 0.936 0.549 0.857 0.991
535 1.000 0.997 0.980 0.965 0.965 0.928 0.908 0.923 0.949 0.933 0.958 0.953 0.952 0.983 0.989 0.977 0.975 0.994
536 1.000 0.986 0.948 0.910 0.965 0.474 0.460 0.560 0.669 0.412 0.830 0.949 0.482 0.963 0.952 0.646 0.865 0.993
537 1.000 0.987 0.900 0.595 0.834 0.634 0.561 0.807 0.639 0.721 0.822 0.937 0.615 0.819 0.819 0.694 0.621 0.869
538 1.000 1.000 0.980 0.990 0.980 0.967 0.919 0.948 0.916 0.899 0.979 0.990 0.971 0.993 0.991 0.973 0.979 0.923
539 1.000 0.999 0.995 0.974 0.975 0.966 0.920 0.952 0.987 0.960 0.973 0.969 0.968 0.990 0.995 0.978 0.995 0.870
540 1.000 0.998 0.996 0.992 0.988 0.973 0.969 0.971 0.978 0.966 0.990 0.995 0.972 0.995 0.997 0.959 0.992 0.938
541 1.000 1.000 1.000 0.999 0.997 0.996 0.993 0.996 0.997 0.996 0.997 1.000 0.995 0.999 0.998 0.996 0.996 0.998
542 1.000 1.000 1.000 0.992 0.989 0.942 0.921 0.945 0.948 0.942 0.944 0.994 0.939 0.993 0.987 0.989 0.979 0.901
543 1.000 1.000 1.000 0.999 0.997 0.995 0.993 0.995 0.997 0.996 0.996 1.000 0.995 0.999 0.998 0.996 0.996 0.998
544 1.000 0.964 0.972 0.787 0.879 0.714 0.688 0.760 0.727 0.735 0.719 0.966 0.708 0.906 0.862 0.935 0.800 0.961
545 1.000 0.965 0.957 0.946 0.872 0.815 0.786 0.808 0.852 0.800 0.881 0.948 0.821 0.952 0.970 0.847 0.942 0.984
546 1.000 1.000 1.000 0.999 0.997 0.996 0.993 0.995 0.997 0.996 0.996 1.000 0.995 0.999 0.998 0.996 0.996 0.999
547 1.000 1.000 0.999 0.995 0.984 0.946 0.927 0.935 0.975 0.931 0.992 0.996 0.951 0.999 0.997 0.976 0.994 0.999
548 1.000 0.999 0.999 0.992 0.986 0.967 0.930 0.949 0.963 0.955 0.983 0.985 0.965 0.986 0.990 0.968 0.976 0.989
549 1.000 1.000 0.998 0.987 0.987 0.984 0.979 0.980 0.988 0.985 0.983 0.990 0.985 0.991 0.993 0.993 0.985 0.991
550 1.000 0.998 0.978 0.968 0.962 0.950 0.936 0.941 0.964 0.949 0.961 0.972 0.954 0.973 0.985 0.967 0.994 0.978
551 1.000 0.998 0.974 0.971 0.942 0.917 0.900 0.924 0.941 0.915 0.957 0.975 0.924 0.980 0.991 0.956 0.979 0.983
552 1.000 0.998 0.979 0.962 0.966 0.966 0.932 0.947 0.973 0.961 0.962 0.952 0.965 0.975 0.978 0.963 0.967 0.983
553 1.000 0.985 0.823 0.794 0.742 0.725 0.698 0.775 0.732 0.729 0.772 0.842 0.715 0.849 0.867 0.774 0.862 0.875
554 1.000 1.000 1.000 0.999 0.997 0.996 0.993 0.996 0.997 0.996 0.996 1.000 0.996 0.999 0.998 0.996 0.996 0.998
555 1.000 0.995 0.980 0.972 0.922 0.920 0.911 0.903 0.865 0.877 0.920 0.989 0.931 0.973 0.976 0.922 0.958 0.999
556 1.000 0.988 0.946 0.907 0.968 0.451 0.483 0.545 0.658 0.399 0.823 0.953 0.460 0.966 0.957 0.546 0.851 0.993
557 1.000 0.997 0.980 0.979 0.891 0.808 0.666 0.769 0.897 0.744 0.841 0.979 0.819 0.986 0.993 0.916 0.950 0.972
558 1.000 0.998 0.993 0.983 0.968 0.950 0.931 0.950 0.957 0.948 0.954 0.971 0.961 0.989 0.999 0.982 0.997 0.995
559 1.000 0.992 0.959 0.952 0.878 0.806 0.648 0.798 0.928 0.809 0.922 0.961 0.915 0.962 0.974 0.947 0.956 0.982
560 1.000 0.999 0.995 0.982 0.984 0.976 0.928 0.959 0.985 0.964 0.976 0.976 0.980 0.992 0.995 0.979 0.994 0.947
561 1.000 1.000 1.000 0.998 0.999 0.998 0.990 0.996 0.998 0.996 1.000 0.999 0.998 1.000 1.000 0.999 0.999 1.000
562 1.000 0.997 0.981 0.973 0.924 0.869 0.723 0.824 0.937 0.843 0.896 0.973 0.886 0.983 0.988 0.937 0.958 0.969
563 1.000 1.000 0.992 0.990 0.984 0.977 0.956 0.967 0.953 0.947 0.988 0.995 0.980 0.994 0.995 0.979 0.990 0.810
564 1.000 0.998 0.997 0.997 0.996 0.979 0.971 0.971 0.953 0.959 0.983 0.998 0.983 0.996 0.997 0.978 0.987 1.000
565 1.000 0.999 0.981 0.974 0.973 0.981 0.973 0.962 0.984 0.974 0.977 0.971 0.986 0.982 0.982 0.981 0.980 0.985
566 1.000 1.000 1.000 0.999 0.997 0.996 0.993 0.996 0.997 0.996 0.996 1.000 0.995 0.999 0.998 0.996 0.996 0.999
567 1.000 1.000 1.000 0.999 0.997 0.996 0.993 0.996 0.997 0.997 0.997 1.000 0.996 0.999 0.999 0.997 0.997 0.998
568 1.000 1.000 0.999 0.995 0.995 0.988 0.940 0.977 0.992 0.990 0.996 0.996 0.990 0.997 1.000 0.990 0.998 0.999
569 1.000 0.965 0.951 0.946 0.679 0.565 0.548 0.571 0.629 0.553 0.756 0.954 0.552 0.942 0.976 0.554 0.896 0.966
570 1.000 0.980 0.970 0.946 0.801 0.630 0.581 0.633 0.711 0.603 0.759 0.949 0.624 0.985 0.993 0.389 0.907 0.944
571 1.000 0.992 0.961 0.980 0.886 0.862 0.836 0.885 0.859 0.853 0.941 0.995 0.859 0.976 0.979 0.935 0.961 0.984
572 1.000 0.989 0.951 0.926 0.966 0.421 0.428 0.545 0.598 0.387 0.802 0.954 0.435 0.960 0.952 0.567 0.868 0.981
573 1.000 0.999 0.997 0.990 0.956 0.861 0.857 0.871 0.896 0.858 0.941 0.998 0.864 0.995 0.993 0.961 0.963 0.992
574 1.000 0.999 0.984 0.970 0.986 0.898 0.894 0.913 0.905 0.901 0.972 0.990 0.897 0.978 0.974 0.961 0.955 0.956
575 1.000 0.988 0.945 0.911 0.978 0.435 0.463 0.554 0.679 0.400 0.822 0.949 0.455 0.968 0.964 0.532 0.873 0.957
576 1.000 1.000 0.998 0.990 0.979 0.934 0.907 0.934 0.943 0.933 0.936 0.990 0.931 0.992 0.993 0.970 0.982 0.874
577 1.000 0.962 0.987 0.615 0.736 0.377 0.364 0.419 0.417 0.384 0.790 0.996 0.371 0.743 0.701 0.740 0.616 0.945
578 1.000 0.999 0.995 0.980 0.980 0.966 0.924 0.954 0.982 0.959 0.956 0.974 0.970 0.992 0.994 0.979 0.993 0.924
579 1.000 0.970 0.961 0.976 0.981 0.685 0.625 0.644 0.820 0.651 0.833 0.972 0.643 0.976 0.976 0.751 0.907 0.989
580 1.000 0.993 0.938 0.896 0.810 0.699 0.674 0.721 0.786 0.705 0.828 0.937 0.711 0.927 0.933 0.898 0.903 0.935
581 1.000 0.993 0.940 0.937 0.913 0.653 0.641 0.698 0.660 0.654 0.735 0.952 0.653 0.945 0.941 0.790 0.906 0.960
582 1.000 0.996 0.974 0.958 0.965 0.968 0.939 0.941 0.969 0.952 0.962 0.941 0.966 0.965 0.969 0.963 0.964 0.966
583 1.000 0.991 0.953 0.906 0.763 0.378 0.402 0.532 0.588 0.366 0.813 0.963 0.385 0.962 0.962 0.557 0.854 0.986
584 1.000 0.999 0.998 0.988 0.981 0.941 0.909 0.942 0.969 0.944 0.944 0.996 0.942 0.990 0.986 0.979 0.977 0.996
585 1.000 0.898 0.932 0.886 0.878 0.877 0.871 0.898 0.880 0.910 0.885 0.921 0.876 0.849 0.822 0.556 0.876 0.900
586 1.000 0.998 0.970 0.951 0.911 0.893 0.865 0.899 0.919 0.888 0.932 0.989 0.914 0.962 0.968 0.883 0.947 0.999
587 1.000 0.987 0.958 0.912 0.776 0.390 0.430 0.538 0.594 0.372 0.830 0.964 0.421 0.963 0.950 0.580 0.859 0.986
588 1.000 0.997 0.994 0.997 0.984 0.985 0.897 0.947 0.968 0.952 0.997 0.997 0.990 0.997 0.998 0.978 0.988 0.994
589 1.000 0.999 0.995 0.977 0.973 0.965 0.927 0.954 0.982 0.960 0.972 0.970 0.971 0.989 0.995 0.976 0.995 0.958
590 1.000 0.997 0.969 0.945 0.943 0.924 0.830 0.861 0.920 0.896 0.955 0.917 0.928 0.968 0.977 0.894 0.965 0.904
591 1.000 0.995 0.987 0.992 0.952 0.914 0.832 0.914 0.923 0.913 0.949 0.985 0.909 0.988 0.988 0.964 0.965 0.967
592 1.000 1.000 0.953 0.937 0.920 0.885 0.893 0.916 0.879 0.895 0.946 0.951 0.891 0.948 0.955 0.872 0.946 0.925
593 1.000 0.977 0.960 0.901 0.847 0.609 0.586 0.632 0.635 0.598 0.670 0.937 0.609 0.951 0.966 0.712 0.912 0.916
594 1.000 0.994 0.942 0.930 0.914 0.854 0.848 0.906 0.860 0.852 0.949 0.957 0.871 0.936 0.950 0.831 0.920 0.824
595 1.000 0.986 0.947 0.928 0.759 0.401 0.409 0.537 0.615 0.373 0.807 0.960 0.413 0.964 0.956 0.563 0.857 0.982
596 1.000 0.958 0.854 0.993 0.991 0.991 0.983 0.988 0.848 0.987 0.995 0.997 0.994 0.995 0.995 0.359 0.992 0.995
597 1.000 0.999 0.944 0.912 0.904 0.905 0.886 0.938 0.915 0.914 0.961 0.917 0.903 0.923 0.930 0.919 0.976 0.981
598 1.000 0.999 0.998 0.984 0.923 0.880 0.866 0.878 0.905 0.889 0.903 0.979 0.878 0.992 0.992 0.943 0.947 0.977
599 1.000 0.999 0.998 0.988 0.987 0.975 0.972 0.975 0.980 0.979 0.976 0.995 0.982 0.994 0.995 0.997 0.978 0.994
600 1.000 1.000 0.996 0.986 0.958 0.889 0.842 0.903 0.920 0.896 0.943 0.983 0.889 0.996 0.998 0.958 0.973 0.945
601 1.000 0.996 0.997 0.976 0.800 0.599 0.571 0.620 0.657 0.548 0.724 0.997 0.604 0.992 0.981 0.663 0.926 0.985
602 1.000 0.999 0.999 0.998 0.993 0.990 0.978 0.987 0.992 0.986 0.994 0.998 0.992 1.000 1.000 0.996 0.997 0.999
603 1.000 0.988 0.956 0.913 0.971 0.381 0.398 0.539 0.570 0.363 0.843 0.968 0.420 0.965 0.957 0.538 0.850 0.989
604 1.000 1.000 0.994 0.992 0.984 0.958 0.950 0.961 0.959 0.955 0.981 0.994 0.968 0.994 0.996 0.971 0.988 0.995
605 1.000 0.977 0.942 0.925 0.755 0.379 0.380 0.528 0.578 0.363 0.804 0.960 0.394 0.957 0.945 0.538 0.855 0.979
606 1.000 0.999 0.983 0.990 0.991 0.977 0.972 0.961 0.949 0.962 0.993 0.987 0.981 0.986 0.985 0.962 0.994 0.990
607 1.000 0.978 0.950 0.598 0.853 0.350 0.345 0.501 0.383 0.355 0.538 0.983 0.353 0.727 0.706 0.636 0.573 0.923
608 1.000 1.000 0.999 0.996 0.995 0.985 0.972 0.983 0.993 0.984 0.991 0.996 0.988 0.998 1.000 0.997 0.994 0.995
609 1.000 1.000 0.992 0.986 0.984 0.987 0.960 0.977 0.953 0.960 0.993 0.999 0.986 0.994 0.994 0.967 0.988 0.978
