 accp4 accp4c accp4p ARC Cacheus Clock FIFO FIFO-Merge GDSF Hyperbolic LHD LIRS LeCaR QDLP S3FIFO S4LRU TwoQ WTinyLFU
1 0.886 0.890 0.727 0.943 0.927 0.979 0.968 0.871 1.000 0.957 0.944 0.591 0.976 0.742 0.815 0.780 0.973 0.608
2 0.899 0.986 0.981 0.972 0.978 0.946 0.974 0.931 0.949 0.961 0.990 0.904 0.981 0.967 0.972 0.915 1.000 0.881
3 0.912 0.912 0.910 0.895 0.891 0.884 0.876 0.894 0.887 0.896 0.906 0.904 0.885 0.894 0.905 0.931 0.889 1.000
4 0.918 0.949 0.971 0.947 0.988 0.722 0.696 0.781 0.750 0.737 0.769 1.000 0.715 0.968 0.970 0.849 0.913 0.960
5 0.925 0.926 0.926 0.917 0.919 0.900 0.895 0.904 0.903 0.905 0.904 0.927 0.901 0.920 0.950 0.939 0.919 1.000
6 0.926 0.926 0.926 0.912 0.913 0.893 0.887 0.898 0.904 0.898 0.919 0.921 0.896 0.914 0.939 0.928 0.912 1.000
7 0.928 0.898 0.929 0.993 0.998 0.609 0.411 0.603 0.786 0.495 0.752 1.000 0.627 0.972 0.971 0.603 0.948 0.937
8 0.935 1.000 0.866 0.840 0.899 0.904 0.623 0.663 0.921 0.854 0.886 0.855 0.905 0.899 0.893 0.275 0.881 0.741
9 0.941 0.934 0.922 0.932 0.922 0.914 0.914 0.862 0.904 0.881 0.941 0.921 0.915 0.916 0.941 0.820 0.974 1.000
10 0.945 0.936 0.933 0.732 0.732 0.731 0.730 0.796 0.732 0.742 0.797 0.959 0.731 0.732 0.732 0.899 0.731 1.000
11 0.946 0.942 0.926 0.913 0.873 0.906 0.872 0.846 0.839 0.829 0.930 0.925 0.917 0.901 0.974 0.857 0.949 1.000
12 0.947 0.951 0.902 0.949 0.968 0.944 0.945 0.883 0.976 0.895 0.976 0.927 0.955 0.910 0.924 0.952 1.000 0.937
13 0.948 0.942 0.931 0.933 0.931 0.924 0.924 0.870 0.909 0.890 0.945 0.922 0.933 0.921 0.948 0.830 0.980 1.000
14 0.951 0.948 0.933 0.936 0.937 0.896 0.914 0.872 0.907 0.894 0.945 0.916 0.939 0.914 0.949 0.836 0.979 1.000
15 0.951 0.935 0.877 0.952 0.932 0.941 0.908 0.869 0.948 0.873 0.923 0.884 0.936 0.951 1.000 0.752 0.950 0.865
16 0.953 0.949 0.932 0.937 0.940 0.904 0.919 0.872 0.908 0.894 0.949 0.916 0.941 0.917 0.952 0.832 0.984 1.000
17 0.954 0.942 0.947 0.840 0.906 0.645 0.570 0.746 0.735 0.683 0.861 0.963 0.790 0.970 0.979 0.864 0.699 1.000
18 0.954 0.952 0.938 0.898 0.864 0.885 0.895 0.842 0.790 0.815 0.925 0.934 0.940 0.909 0.933 0.831 0.953 1.000
19 0.954 0.983 0.908 0.953 1.000 0.909 0.782 0.857 0.927 0.876 0.881 0.899 0.900 0.963 0.946 0.589 0.905 0.675
20 0.955 0.952 0.926 0.887 0.886 0.812 0.886 0.850 0.824 0.834 0.930 0.938 0.931 0.908 0.976 0.861 0.955 1.000
21 0.956 0.948 0.936 0.947 0.903 0.928 0.929 0.876 0.917 0.895 0.957 0.936 0.928 0.931 0.955 0.831 0.990 1.000
22 0.957 0.368 0.342 0.997 0.988 0.996 0.992 0.972 0.970 0.969 0.999 0.971 1.000 0.973 0.972 0.953 0.987 0.910
23 0.959 0.955 0.927 0.899 0.894 0.811 0.895 0.856 0.828 0.841 0.926 0.938 0.937 0.912 0.974 0.867 0.956 1.000
24 0.959 0.950 0.939 0.937 0.959 0.934 0.913 0.873 0.925 0.880 0.964 0.952 0.944 0.933 0.952 0.802 0.968 1.000
25 0.959 0.960 0.956 0.870 0.875 0.842 0.820 0.850 0.856 0.844 0.866 0.958 0.846 0.876 0.927 0.938 0.877 1.000
26 0.960 0.960 0.939 0.904 0.867 0.814 0.899 0.856 0.828 0.841 0.931 0.938 0.942 0.915 0.976 0.867 0.948 1.000
27 0.961 0.944 0.929 0.935 0.978 0.931 0.889 0.851 0.878 0.836 0.971 0.960 0.951 0.932 0.954 0.926 0.939 1.000
28 0.961 0.963 0.957 0.880 0.882 0.842 0.821 0.849 0.864 0.837 0.871 0.950 0.846 0.881 0.922 0.895 0.883 1.000
29 0.961 0.961 0.932 0.915 0.866 0.814 0.901 0.853 0.827 0.840 0.926 0.939 0.941 0.915 0.972 0.872 0.929 1.000
30 0.962 0.962 0.933 0.899 0.870 0.817 0.902 0.858 0.832 0.844 0.929 0.940 0.944 0.916 0.976 0.869 0.943 1.000
31 0.962 0.960 0.930 0.899 0.868 0.813 0.901 0.856 0.830 0.842 0.927 0.941 0.942 0.915 0.975 0.871 0.961 1.000
32 0.962 0.947 0.936 0.944 0.920 0.921 0.880 0.883 0.932 0.885 0.930 0.958 0.934 0.930 0.952 0.831 0.943 1.000
33 0.962 0.960 0.936 0.904 0.897 0.819 0.902 0.860 0.834 0.846 0.932 0.940 0.943 0.917 0.976 0.872 0.945 1.000
34 0.962 0.961 0.960 0.960 0.940 0.936 0.931 0.937 0.950 0.945 0.979 0.960 0.936 0.961 0.971 0.949 0.944 1.000
35 0.962 0.965 0.955 0.973 0.986 0.972 0.962 0.919 0.949 0.924 1.000 0.958 0.988 0.963 0.959 0.948 0.975 0.931
36 0.962 0.939 0.924 0.929 0.957 0.875 0.859 0.866 0.875 0.883 0.915 0.970 0.912 0.916 0.967 0.841 0.934 1.000
37 0.962 0.954 0.941 0.915 0.893 0.906 0.860 0.941 0.937 0.913 0.970 1.000 0.889 0.948 0.965 0.977 0.953 0.979
38 0.963 0.963 0.940 0.916 0.896 0.820 0.905 0.859 0.835 0.846 0.932 0.942 0.947 0.919 0.974 0.875 0.944 1.000
39 0.963 0.970 0.969 0.959 0.972 0.955 0.937 0.928 0.960 0.923 0.999 0.944 0.966 0.971 0.988 0.952 1.000 0.947
40 0.964 0.961 0.927 0.916 0.868 0.816 0.903 0.855 0.829 0.842 0.929 0.941 0.944 0.917 0.973 0.868 0.928 1.000
41 0.964 0.957 0.869 0.711 0.893 0.624 0.896 0.834 0.633 0.740 0.918 0.974 0.645 0.893 0.900 0.774 0.881 1.000
42 0.965 0.966 0.932 0.895 0.890 0.817 0.907 0.855 0.830 0.843 0.925 0.943 0.918 0.920 0.972 0.869 0.941 1.000
43 0.965 0.966 0.936 0.906 0.894 0.823 0.909 0.859 0.835 0.847 0.926 0.945 0.932 0.922 0.974 0.870 0.934 1.000
44 0.965 0.968 0.938 0.893 0.873 0.827 0.912 0.861 0.838 0.860 0.927 0.946 0.901 0.922 0.976 0.872 0.962 1.000
45 0.965 0.953 0.931 0.954 0.939 0.880 0.881 0.850 0.894 0.878 0.916 0.945 0.854 0.937 0.940 0.798 0.910 1.000
46 0.966 0.965 0.936 0.856 0.887 0.823 0.908 0.849 0.834 0.852 0.913 0.937 0.822 0.917 0.971 0.868 0.951 1.000
47 0.966 0.922 0.967 0.833 0.961 0.806 0.805 0.853 0.815 0.822 0.827 0.847 0.831 0.847 0.971 0.879 0.830 1.000
48 0.966 0.964 0.933 0.918 0.869 0.820 0.906 0.857 0.833 0.845 0.927 0.943 0.945 0.919 0.975 0.871 0.935 1.000
49 0.966 0.965 0.942 0.862 0.864 0.822 0.914 0.854 0.835 0.855 0.926 0.943 0.854 0.918 0.980 0.869 0.938 1.000
50 0.966 0.967 0.931 0.890 0.890 0.827 0.914 0.861 0.839 0.859 0.928 0.946 0.893 0.923 0.977 0.873 0.939 1.000
51 0.966 0.966 0.937 0.877 0.888 0.825 0.912 0.857 0.837 0.858 0.927 0.944 0.874 0.918 0.979 0.873 0.938 1.000
52 0.966 0.966 0.936 0.874 0.889 0.826 0.913 0.858 0.839 0.858 0.926 0.944 0.867 0.919 0.980 0.871 0.938 1.000
53 0.967 0.966 0.931 0.875 0.888 0.824 0.913 0.858 0.836 0.857 0.927 0.945 0.874 0.918 0.979 0.872 0.937 1.000
54 0.967 0.973 0.966 0.979 0.992 0.982 0.969 0.922 0.962 0.926 1.000 0.957 0.990 0.972 0.966 0.963 0.981 0.929
55 0.967 0.966 0.937 0.868 0.887 0.823 0.913 0.856 0.835 0.856 0.926 0.943 0.857 0.918 0.979 0.873 0.939 1.000
56 0.967 0.965 0.944 0.855 0.865 0.825 0.913 0.855 0.838 0.856 0.917 0.943 0.841 0.918 0.977 0.872 0.958 1.000
57 0.967 0.966 0.941 0.852 0.863 0.821 0.913 0.853 0.832 0.853 0.925 0.942 0.839 0.918 0.979 0.869 0.938 1.000
58 0.967 0.956 0.935 0.955 0.963 0.905 0.877 0.902 0.897 0.902 0.976 0.969 0.967 0.935 0.946 0.812 0.966 1.000
59 0.967 0.965 0.941 0.868 0.889 0.826 0.915 0.859 0.838 0.858 0.926 0.945 0.858 0.920 0.981 0.875 0.939 1.000
60 0.968 0.960 0.952 0.956 0.947 0.921 0.912 0.912 0.939 0.917 0.959 0.959 0.940 0.953 0.974 0.872 0.972 1.000
61 0.968 0.967 0.940 0.876 0.869 0.827 0.913 0.858 0.838 0.858 0.928 0.946 0.869 0.919 0.977 0.870 0.962 1.000
62 0.968 0.969 0.936 0.879 0.891 0.829 0.916 0.861 0.841 0.862 0.928 0.946 0.873 0.921 0.981 0.875 0.938 1.000
63 0.968 0.966 0.943 0.851 0.889 0.826 0.901 0.854 0.838 0.856 0.922 0.940 0.825 0.919 0.974 0.872 0.954 1.000
64 0.968 1.000 0.877 0.780 0.693 0.732 0.635 0.772 0.781 0.700 0.904 0.971 0.803 0.887 0.882 0.768 0.804 0.672
65 0.969 0.967 0.948 0.856 0.867 0.829 0.911 0.857 0.841 0.859 0.925 0.943 0.838 0.920 0.977 0.873 0.961 1.000
66 0.969 0.942 0.871 0.881 0.840 0.768 0.795 0.753 0.843 0.808 0.808 0.934 0.723 0.862 0.891 0.646 0.807 1.000
67 0.969 0.972 0.934 0.877 0.874 0.831 0.814 0.856 0.843 0.858 0.918 0.941 0.831 0.923 0.978 0.875 0.961 1.000
68 0.969 0.975 0.974 0.997 0.985 0.995 0.982 0.969 0.966 0.954 0.996 0.963 1.000 0.975 0.966 0.970 0.969 0.903
69 0.969 0.967 0.945 0.852 0.866 0.826 0.912 0.856 0.838 0.857 0.917 0.943 0.833 0.919 0.976 0.869 0.958 1.000
70 0.969 0.967 0.985 0.979 0.980 0.817 0.715 0.826 0.874 0.807 0.843 1.000 0.823 0.983 0.979 0.900 0.960 0.974
71 0.970 0.976 0.940 0.882 0.877 0.834 0.925 0.861 0.847 0.862 0.930 0.947 0.834 0.927 0.981 0.886 0.966 1.000
72 0.971 0.981 0.982 0.981 0.983 0.985 0.981 0.960 0.965 0.958 1.000 0.958 0.989 0.982 0.981 0.972 1.000 0.911
73 0.971 0.977 0.976 0.997 0.994 0.996 0.988 0.970 0.968 0.955 0.996 0.962 1.000 0.976 0.967 0.974 0.970 0.900
74 0.971 0.966 0.929 0.860 0.882 0.834 0.818 0.853 0.848 0.857 0.911 0.931 0.835 0.917 0.975 0.877 0.967 1.000
75 0.971 0.968 0.928 0.883 0.878 0.834 0.820 0.854 0.849 0.858 0.913 0.931 0.835 0.918 0.975 0.874 0.966 1.000
76 0.971 0.970 0.936 0.871 0.886 0.842 0.829 0.861 0.854 0.865 0.922 0.936 0.844 0.922 0.977 0.880 0.969 1.000
77 0.971 0.971 0.945 0.869 0.872 0.834 0.905 0.860 0.845 0.861 0.927 0.944 0.834 0.923 0.977 0.878 0.959 1.000
78 0.972 0.972 0.981 0.900 0.885 0.753 0.705 0.826 0.798 0.785 0.805 0.985 0.760 0.919 1.000 0.879 0.874 0.974
79 0.972 0.976 0.978 0.986 0.999 0.995 0.974 0.965 0.950 0.945 1.000 0.976 0.998 0.982 0.979 0.974 0.990 0.933
80 0.972 0.984 0.984 0.981 0.983 0.986 0.981 0.960 0.966 0.959 1.000 0.959 0.988 0.985 0.983 0.972 1.000 0.817
81 0.972 0.983 0.984 0.982 0.992 0.986 0.980 0.959 0.966 0.958 1.000 0.960 0.989 0.985 0.984 0.973 1.000 0.915
82 0.972 0.970 0.945 0.865 0.893 0.830 0.919 0.856 0.842 0.859 0.919 0.942 0.830 0.922 0.978 0.877 0.957 1.000
83 0.972 0.978 0.976 0.978 0.977 0.984 0.967 0.954 0.971 0.948 1.000 0.969 0.990 0.980 0.983 0.976 0.994 0.954
84 0.972 0.970 0.934 0.879 0.902 0.839 0.824 0.857 0.851 0.861 0.914 0.936 0.840 0.920 0.977 0.877 0.970 1.000
85 0.972 0.970 0.970 0.966 0.920 0.916 0.859 0.920 0.937 0.934 0.959 0.972 0.956 0.966 0.946 0.955 0.921 1.000
86 0.973 0.984 0.985 0.983 0.992 0.987 0.980 0.958 0.961 0.954 1.000 0.960 0.990 0.985 0.983 0.975 1.000 0.912
87 0.973 0.968 0.966 0.873 0.874 0.768 0.724 0.782 0.791 0.774 0.772 1.000 0.762 0.873 0.859 0.945 0.845 0.928
88 0.974 0.973 0.967 0.896 0.936 0.874 0.871 0.895 0.876 0.891 0.911 0.933 0.874 0.943 0.960 0.908 0.945 1.000
89 0.974 0.963 0.956 0.947 0.917 0.928 0.938 0.896 0.937 0.900 0.960 0.943 0.925 0.938 0.964 0.863 0.967 1.000
90 0.974 0.934 0.932 1.000 0.997 0.789 0.671 0.774 0.860 0.731 0.780 0.993 0.799 0.933 0.926 0.720 0.852 0.950
91 0.974 0.961 0.952 0.957 0.916 0.885 0.882 0.873 0.905 0.896 0.920 0.967 0.918 0.954 0.975 0.862 0.935 1.000
92 0.974 0.985 0.986 0.980 0.985 0.986 0.977 0.955 0.972 0.952 1.000 0.961 0.989 0.988 0.986 0.979 1.000 0.822
93 0.974 0.972 0.938 0.893 0.903 0.839 0.823 0.858 0.855 0.863 0.918 0.938 0.840 0.922 0.979 0.882 0.970 1.000
94 0.974 0.960 0.952 0.981 0.993 0.887 0.865 0.875 0.887 0.894 0.930 0.976 0.923 0.941 0.966 0.839 0.941 1.000
95 0.974 0.986 0.987 0.981 0.985 0.986 0.977 0.954 0.969 0.950 1.000 0.961 0.990 0.989 0.987 0.979 1.000 0.914
96 0.974 0.965 0.958 0.942 0.919 0.931 0.952 0.899 0.939 0.904 0.962 0.944 0.927 0.939 0.966 0.865 0.969 1.000
97 0.975 0.972 0.935 0.888 0.904 0.840 0.825 0.859 0.855 0.864 0.917 0.938 0.842 0.922 0.979 0.881 0.970 1.000
98 0.975 0.971 0.971 0.949 0.931 0.896 0.829 0.907 0.905 0.912 0.942 0.978 0.924 0.947 0.910 0.954 0.890 1.000
99 0.976 0.973 0.953 0.946 0.935 0.935 0.927 0.906 0.939 0.915 1.000 0.950 0.945 0.954 0.953 0.928 0.974 0.993
100 0.976 0.936 0.702 0.647 0.911 0.231 0.202 0.598 0.491 0.304 0.928 1.000 0.266 0.648 0.651 0.789 0.743 0.956
101 0.976 0.974 0.974 0.952 0.927 0.884 0.820 0.904 0.896 0.903 0.944 0.982 0.919 0.950 0.902 0.963 0.878 1.000
102 0.976 0.973 0.972 0.949 0.923 0.876 0.812 0.897 0.889 0.896 0.942 0.980 0.915 0.946 0.896 0.956 0.871 1.000
103 0.976 0.974 0.973 0.946 0.914 0.874 0.811 0.896 0.886 0.895 0.937 0.980 0.929 0.944 0.893 0.961 0.870 1.000
104 0.976 0.984 0.982 0.982 0.984 0.984 0.976 0.958 0.973 0.957 1.000 0.966 0.989 0.986 0.983 0.975 0.996 0.931
105 0.977 0.971 0.956 0.963 0.900 0.951 0.851 0.862 0.742 0.763 0.914 0.968 0.948 0.929 0.950 0.852 0.914 1.000
106 0.977 0.982 0.982 0.996 0.988 0.994 0.990 0.976 0.967 0.955 1.000 0.972 0.998 0.981 0.975 0.972 0.982 0.923
107 0.977 0.975 0.975 0.970 0.922 0.918 0.860 0.922 0.940 0.937 0.969 0.978 0.962 0.970 0.949 0.962 0.924 1.000
108 0.977 0.975 0.954 0.947 0.936 0.936 0.929 0.907 0.939 0.916 1.000 0.950 0.946 0.954 0.954 0.927 0.976 0.993
109 0.977 0.982 0.971 0.992 1.000 0.994 0.987 0.965 0.954 0.947 1.000 0.976 0.999 0.980 0.975 0.984 0.989 0.939
110 0.978 0.982 0.972 0.990 0.989 0.993 0.986 0.965 0.955 0.948 1.000 0.978 0.996 0.979 0.975 0.982 0.991 0.925
111 0.978 0.975 0.974 0.951 0.925 0.880 0.816 0.900 0.892 0.900 0.940 0.982 0.920 0.948 0.899 0.960 0.875 1.000
112 0.978 0.974 0.955 0.962 0.941 0.942 0.947 0.931 0.913 0.917 0.980 0.968 0.959 0.956 0.958 0.930 0.976 1.000
113 0.978 0.977 0.977 0.969 0.939 0.921 0.863 0.924 0.940 0.937 0.974 0.977 0.964 0.970 0.949 0.962 0.925 1.000
114 0.978 0.964 0.960 0.969 0.938 0.894 0.861 0.853 0.881 0.844 0.921 0.967 0.914 0.965 0.969 0.830 0.962 1.000
115 0.979 0.982 0.981 1.000 0.992 0.972 0.878 0.947 0.996 0.965 0.982 0.977 0.988 0.984 0.984 0.963 0.979 0.908
116 0.979 0.984 0.975 0.991 1.000 0.994 0.987 0.968 0.959 0.951 1.000 0.979 0.998 0.983 0.978 0.987 0.990 0.924
117 0.979 0.970 0.956 0.953 0.940 0.915 0.910 0.877 0.883 0.853 0.966 0.976 0.953 0.955 0.981 0.853 0.973 1.000
118 0.979 0.951 0.967 0.743 0.733 0.661 0.446 0.705 0.718 0.654 0.805 0.975 0.663 0.744 0.702 0.823 0.665 1.000
119 0.979 0.977 0.977 0.953 0.932 0.895 0.828 0.910 0.905 0.912 0.942 0.983 0.928 0.951 0.910 0.965 0.890 1.000
120 0.979 0.981 0.980 0.992 0.997 0.990 0.988 0.965 0.946 0.941 1.000 0.980 0.998 0.980 0.977 0.972 0.990 0.958
121 0.979 0.984 0.978 0.990 0.998 0.995 0.990 0.971 0.961 0.957 1.000 0.978 0.997 0.985 0.979 0.986 0.991 0.948
122 0.979 0.986 0.978 0.994 0.999 0.996 0.992 0.972 0.965 0.960 1.000 0.976 0.998 0.985 0.981 0.988 0.990 0.945
123 0.979 0.976 0.976 0.955 0.934 0.895 0.828 0.910 0.905 0.912 0.947 0.984 0.928 0.952 0.911 0.963 0.889 1.000
124 0.979 0.983 0.973 0.990 0.989 0.994 0.987 0.967 0.956 0.950 1.000 0.979 0.997 0.980 0.976 0.984 0.991 0.945
125 0.980 0.984 0.975 0.993 1.000 0.996 0.991 0.970 0.961 0.958 1.000 0.981 0.998 0.983 0.979 0.987 0.990 0.945
126 0.980 0.978 0.974 0.986 0.990 0.977 0.976 0.949 0.948 0.944 1.000 0.984 0.986 0.980 0.983 0.969 0.997 0.987
127 0.980 0.985 0.976 0.993 0.992 0.995 0.989 0.970 0.961 0.955 1.000 0.979 0.998 0.983 0.979 0.987 0.990 0.945
128 0.980 0.984 0.974 0.990 0.989 0.993 0.990 0.969 0.959 0.949 1.000 0.979 0.996 0.981 0.977 0.985 0.992 0.948
129 0.980 0.978 0.965 0.982 0.944 0.934 0.927 0.898 0.820 0.848 0.931 0.976 0.980 0.944 0.946 0.875 0.942 1.000
130 0.980 0.980 0.978 1.000 0.914 0.869 0.723 0.804 0.906 0.882 0.905 0.982 0.894 1.000 0.931 0.934 0.907 0.910
131 0.980 0.977 0.976 0.951 0.927 0.894 0.826 0.909 0.903 0.910 0.944 0.984 0.926 0.950 0.908 0.963 0.888 1.000
132 0.980 0.984 0.974 0.991 0.998 0.994 0.990 0.970 0.960 0.957 1.000 0.978 0.997 0.982 0.978 0.984 0.991 0.949
133 0.980 1.000 0.941 0.990 0.940 0.991 0.946 0.914 0.978 0.961 0.967 0.847 0.993 0.941 0.924 0.914 0.925 0.656
134 0.980 0.985 0.976 0.992 0.999 0.994 0.987 0.970 0.960 0.954 1.000 0.978 0.997 0.982 0.978 0.985 0.990 0.947
135 0.980 0.979 0.978 0.956 0.935 0.906 0.839 0.917 0.915 0.921 0.955 0.983 0.935 0.955 0.920 0.968 0.900 1.000
136 0.980 0.983 0.959 0.976 0.973 0.996 0.937 0.955 0.917 0.951 0.992 0.953 1.000 0.963 0.953 0.963 0.962 0.508
137 0.980 0.984 0.983 0.994 0.998 0.992 0.988 0.975 0.956 0.950 1.000 0.980 0.997 0.980 0.977 0.967 0.985 0.765
138 0.981 0.986 0.977 0.992 0.992 0.995 0.988 0.971 0.962 0.957 1.000 0.980 0.998 0.984 0.980 0.989 0.991 0.949
139 0.981 0.986 0.976 0.993 0.992 0.995 0.988 0.970 0.963 0.956 1.000 0.978 0.999 0.983 0.979 0.986 0.992 0.946
140 0.981 0.975 0.963 0.963 0.927 0.901 0.947 0.915 0.881 0.894 0.951 0.957 0.977 0.956 0.985 0.916 0.969 1.000
141 0.981 0.976 0.904 0.882 0.862 0.780 0.908 0.843 0.787 0.817 0.929 0.953 0.959 0.911 0.933 0.822 0.933 1.000
142 0.981 0.985 0.977 0.990 1.000 0.994 0.986 0.967 0.959 0.952 1.000 0.980 0.998 0.984 0.979 0.987 0.992 0.946
143 0.981 0.961 0.951 0.947 0.930 0.921 0.945 0.892 0.928 0.926 0.960 0.956 0.966 0.934 0.964 0.855 0.961 1.000
144 0.981 0.986 0.976 0.992 0.990 0.994 0.988 0.970 0.960 0.955 1.000 0.980 0.998 0.983 0.979 0.985 0.991 0.934
145 0.981 0.979 0.978 0.958 0.932 0.897 0.829 0.912 0.907 0.914 0.950 0.984 0.930 0.955 0.913 0.961 0.892 1.000
146 0.981 0.986 0.978 0.991 0.999 0.994 0.987 0.971 0.964 0.956 1.000 0.980 0.998 0.984 0.980 0.987 0.993 0.952
147 0.982 0.987 0.976 0.993 0.999 0.995 0.989 0.970 0.962 0.956 1.000 0.978 0.998 0.984 0.980 0.986 0.990 0.944
148 0.982 0.980 0.979 0.956 0.933 0.894 0.826 0.910 0.904 0.911 0.945 0.986 0.939 0.954 0.909 0.957 0.888 1.000
149 0.982 0.986 0.977 0.992 0.992 0.994 0.987 0.970 0.961 0.955 1.000 0.980 0.998 0.984 0.980 0.987 0.993 0.947
150 0.982 0.987 0.978 0.993 1.000 0.996 0.991 0.972 0.964 0.961 1.000 0.978 0.998 0.985 0.981 0.989 0.991 0.946
151 0.982 0.987 0.979 0.991 0.991 0.994 0.987 0.969 0.965 0.957 1.000 0.978 0.997 0.985 0.981 0.989 0.990 0.927
152 0.982 0.988 0.978 0.994 1.000 0.995 0.988 0.971 0.965 0.958 0.999 0.978 0.998 0.985 0.981 0.988 0.991 0.934
153 0.982 0.987 0.978 0.992 0.991 0.995 0.990 0.970 0.963 0.959 1.000 0.978 0.998 0.985 0.980 0.986 0.991 0.943
154 0.982 0.969 0.914 0.948 0.910 0.859 0.838 0.809 0.892 0.821 0.925 0.971 0.896 0.923 0.937 0.857 0.957 1.000
155 0.982 0.988 0.978 0.993 0.992 0.994 0.987 0.970 0.960 0.955 1.000 0.980 0.998 0.985 0.980 0.988 0.992 0.944
156 0.982 0.978 0.977 0.961 0.940 0.898 0.830 0.913 0.909 0.915 0.947 0.985 0.933 0.958 0.915 0.960 0.892 1.000
157 0.982 0.986 0.984 0.990 0.996 0.988 0.982 0.969 0.961 0.956 1.000 0.984 0.994 0.987 0.987 0.984 0.998 0.948
158 0.982 0.973 0.941 0.937 0.936 0.913 0.910 0.888 0.919 0.902 0.956 0.959 0.927 0.942 0.957 0.854 0.960 1.000
159 0.982 0.992 0.992 0.985 0.994 0.990 0.980 0.962 0.971 0.952 1.000 0.968 0.992 0.993 0.991 0.988 0.998 0.929
160 0.982 0.987 0.978 0.992 0.991 0.994 0.987 0.969 0.961 0.955 1.000 0.981 0.998 0.985 0.980 0.988 0.994 0.949
161 0.982 0.978 0.933 0.963 0.905 0.853 0.850 0.886 0.855 0.874 0.937 0.955 0.852 0.932 0.937 0.868 0.964 1.000
162 0.982 0.987 0.977 0.991 0.990 0.994 0.987 0.969 0.962 0.956 1.000 0.979 0.998 0.983 0.979 0.988 0.991 0.949
163 0.982 0.979 0.978 0.958 0.932 0.897 0.830 0.913 0.908 0.915 0.945 0.987 0.935 0.954 0.914 0.963 0.892 1.000
164 0.982 0.987 0.978 0.993 1.000 0.994 0.987 0.970 0.962 0.954 1.000 0.981 0.998 0.985 0.980 0.988 0.993 0.949
165 0.983 0.953 0.951 0.976 0.969 0.804 0.743 0.794 0.892 0.777 0.851 0.977 0.893 0.956 0.964 0.856 0.910 1.000
166 0.983 0.988 0.978 0.993 1.000 0.995 0.987 0.970 0.964 0.957 1.000 0.977 0.999 0.987 0.983 0.988 0.991 0.945
167 0.983 0.980 0.979 0.960 0.934 0.903 0.836 0.919 0.912 0.919 0.956 0.987 0.935 0.958 0.918 0.967 0.897 1.000
168 0.983 1.000 0.940 0.963 0.960 0.964 0.932 0.920 0.941 0.941 0.973 0.929 0.984 0.946 0.951 0.860 0.967 0.859
169 0.983 0.981 0.980 0.957 0.932 0.899 0.833 0.915 0.910 0.916 0.949 0.985 0.933 0.954 0.915 0.968 0.893 1.000
170 0.983 0.979 0.978 0.958 0.934 0.901 0.833 0.916 0.911 0.917 0.947 0.986 0.935 0.955 0.915 0.963 0.895 1.000
171 0.983 0.981 0.980 0.960 0.937 0.892 0.824 0.908 0.903 0.910 0.947 0.985 0.929 0.956 0.909 0.965 0.886 1.000
172 0.983 0.980 0.979 0.962 0.935 0.897 0.829 0.912 0.908 0.914 0.949 0.987 0.942 0.958 0.914 0.966 0.891 1.000
173 0.983 0.981 0.980 0.959 0.931 0.890 0.824 0.908 0.902 0.909 0.945 0.989 0.930 0.955 0.910 0.961 0.885 1.000
174 0.983 0.999 0.994 0.998 0.997 1.000 0.992 0.991 0.999 0.997 1.000 0.965 1.000 0.997 0.995 0.999 0.999 0.901
175 0.983 0.981 0.981 0.958 0.935 0.896 0.829 0.913 0.905 0.913 0.949 0.990 0.940 0.957 0.911 0.973 0.890 1.000
176 0.984 0.984 0.982 0.982 0.979 0.958 0.882 0.927 0.977 0.964 0.971 0.982 0.968 0.983 0.981 0.966 0.959 1.000
177 0.984 0.987 0.976 0.993 0.992 0.995 0.988 0.969 0.957 0.954 1.000 0.981 0.998 0.983 0.980 0.986 0.991 0.949
178 0.984 0.993 0.993 0.994 0.992 0.992 0.979 0.971 0.993 0.969 1.000 0.959 0.996 0.993 0.987 0.992 0.998 0.905
179 0.984 0.981 0.981 0.958 0.934 0.896 0.829 0.911 0.907 0.914 0.949 0.988 0.932 0.957 0.913 0.966 0.891 1.000
180 0.984 0.988 0.980 0.992 0.991 0.995 0.989 0.974 0.967 0.961 1.000 0.982 0.997 0.985 0.981 0.988 0.993 0.941
181 0.984 1.000 0.986 0.994 0.978 0.966 0.897 0.906 0.916 0.884 0.982 0.985 0.977 0.995 0.995 0.777 0.993 0.854
182 0.984 0.988 0.980 0.993 0.993 0.995 0.988 0.973 0.966 0.960 1.000 0.981 0.999 0.987 0.983 0.990 0.994 0.954
183 0.984 0.986 0.980 0.994 0.989 0.986 0.965 0.958 0.950 0.936 1.000 0.990 0.992 0.989 0.989 0.987 0.992 0.951
184 0.984 0.982 0.981 0.958 0.934 0.895 0.828 0.910 0.906 0.912 0.943 0.986 0.930 0.956 0.912 0.966 0.890 1.000
185 0.984 0.984 0.983 0.963 0.942 0.899 0.832 0.915 0.910 0.917 0.955 0.988 0.934 0.961 0.916 0.967 0.894 1.000
186 0.984 0.993 0.991 0.990 0.990 0.990 0.979 0.965 0.990 0.965 1.000 0.955 0.994 0.992 0.987 0.988 0.997 0.896
187 0.984 0.988 0.979 0.992 1.000 0.994 0.987 0.969 0.961 0.956 1.000 0.979 0.998 0.985 0.981 0.987 0.992 0.950
188 0.984 0.983 0.982 0.966 0.941 0.902 0.835 0.916 0.914 0.920 0.951 0.990 0.951 0.963 0.919 0.965 0.897 1.000
189 0.984 0.981 0.980 0.918 0.967 0.900 0.885 0.943 0.911 0.914 0.930 0.982 0.910 0.983 0.992 0.964 0.909 1.000
190 0.984 0.990 0.983 0.994 1.000 0.996 0.990 0.975 0.971 0.965 1.000 0.982 0.999 0.988 0.984 0.991 0.993 0.956
191 0.984 0.981 0.981 0.963 0.937 0.902 0.834 0.917 0.912 0.919 0.957 0.987 0.936 0.961 0.919 0.963 0.896 1.000
192 0.985 0.990 0.981 0.993 1.000 0.995 0.989 0.974 0.970 0.964 1.000 0.981 0.998 0.986 0.983 0.989 0.993 0.960
193 0.985 0.990 0.983 0.996 1.000 0.996 0.990 0.976 0.973 0.968 1.000 0.980 0.999 0.988 0.984 0.991 0.992 0.942
194 0.985 0.982 0.981 0.962 0.944 0.906 0.839 0.920 0.916 0.923 0.953 0.989 0.940 0.960 0.922 0.968 0.900 1.000
195 0.985 0.989 0.988 0.991 0.991 0.993 0.982 0.970 0.968 0.957 1.000 0.985 0.994 0.994 0.993 0.990 0.999 0.829
196 0.985 0.987 0.987 0.993 0.989 0.992 0.981 0.970 0.956 0.947 1.000 0.988 0.997 0.989 0.990 0.984 0.996 0.980
197 0.985 0.994 0.982 0.976 0.985 0.976 0.964 0.949 0.969 0.948 1.000 0.906 0.982 0.984 0.987 0.967 0.992 0.796
198 0.985 0.974 0.962 0.982 0.981 0.974 0.959 0.962 0.972 0.960 0.985 0.992 0.980 0.968 0.970 0.903 0.988 1.000
199 0.985 0.991 0.988 0.996 0.997 0.991 0.980 0.972 0.988 0.966 1.000 0.971 0.997 0.989 0.985 0.989 0.995 0.929
200 0.985 0.995 0.982 0.975 0.986 0.977 0.964 0.950 0.969 0.949 1.000 0.907 0.983 0.985 0.987 0.968 0.993 0.799
201 0.985 0.980 0.970 0.973 0.956 0.951 0.959 0.943 0.961 0.952 0.968 0.982 0.952 0.970 0.971 0.919 0.945 1.000
202 0.985 0.983 0.982 0.966 0.945 0.907 0.839 0.923 0.917 0.924 0.950 0.987 0.949 0.964 0.922 0.968 0.900 1.000
203 0.985 0.984 0.967 0.989 0.962 0.873 0.708 0.840 0.924 0.878 0.925 0.969 0.863 0.983 1.000 0.915 0.941 0.921
204 0.985 0.989 0.986 0.999 0.992 0.998 0.972 0.982 0.978 0.983 0.999 0.974 1.000 0.989 0.987 0.982 0.989 0.926
205 0.985 0.994 0.981 0.977 0.986 0.978 0.964 0.950 0.969 0.948 1.000 0.911 0.983 0.985 0.987 0.970 0.993 0.800
206 0.985 0.997 0.996 0.977 0.962 0.895 0.826 0.861 0.949 0.852 0.929 0.974 0.924 1.000 0.997 0.955 0.992 0.979
207 0.985 0.984 0.983 0.963 0.939 0.902 0.834 0.917 0.912 0.919 0.952 0.989 0.944 0.960 0.919 0.965 0.897 1.000
208 0.985 0.994 0.980 0.975 0.985 0.976 0.963 0.949 0.968 0.947 1.000 0.906 0.982 0.983 0.986 0.967 0.993 0.796
209 0.985 0.974 0.961 0.972 0.959 0.898 0.885 0.894 0.917 0.895 0.935 0.976 0.928 0.960 0.971 0.874 0.963 1.000
210 0.985 0.984 0.983 0.961 0.942 0.911 0.843 0.925 0.920 0.927 0.958 0.991 0.940 0.961 0.924 0.975 0.904 1.000
211 0.986 0.973 0.968 0.998 0.995 0.913 0.886 0.917 0.944 0.909 0.941 0.999 0.899 0.969 0.977 0.895 0.953 1.000
212 0.986 1.000 0.991 0.963 0.986 0.945 0.932 0.969 0.955 0.956 0.979 0.982 0.946 0.990 0.992 0.976 0.971 0.999
213 0.986 0.985 0.984 0.960 0.938 0.895 0.828 0.912 0.906 0.913 0.950 0.988 0.941 0.958 0.913 0.971 0.890 1.000
214 0.986 1.000 0.951 0.953 0.958 0.952 0.893 0.935 0.934 0.943 0.972 0.953 0.955 0.951 0.944 0.944 0.948 0.876
215 0.986 0.987 0.981 0.996 0.990 0.986 0.963 0.959 0.954 0.938 1.000 0.992 0.993 0.990 0.990 0.988 0.993 0.951
216 0.986 0.980 0.980 0.866 0.868 0.764 0.716 0.774 0.778 0.771 0.767 1.000 0.759 0.869 0.857 0.946 0.840 0.936
217 0.986 0.984 0.983 0.960 0.940 0.901 0.834 0.918 0.911 0.918 0.953 0.993 0.934 0.959 0.917 0.970 0.895 1.000
218 0.986 0.995 0.983 0.974 0.985 0.977 0.964 0.951 0.970 0.948 1.000 0.908 0.982 0.985 0.987 0.969 0.992 0.798
219 0.986 0.986 0.981 1.000 0.988 0.989 0.971 0.964 0.931 0.920 0.998 0.993 0.997 0.985 0.984 0.943 0.993 0.952
220 0.986 0.984 0.983 0.968 0.949 0.911 0.844 0.926 0.922 0.928 0.956 0.990 0.944 0.966 0.926 0.971 0.905 1.000
221 0.987 0.983 0.962 0.981 0.935 0.963 0.887 0.891 0.780 0.809 0.945 0.980 0.962 0.947 0.950 0.892 0.905 1.000
222 0.987 0.995 0.981 0.975 0.963 0.977 0.965 0.951 0.969 0.949 1.000 0.909 0.983 0.984 0.985 0.969 0.994 0.798
223 0.987 0.989 0.982 0.991 0.994 0.980 0.984 0.969 0.956 0.955 1.000 0.989 0.994 0.982 0.981 0.979 0.995 0.979
224 0.987 1.000 0.995 0.934 0.965 0.915 0.903 0.951 0.926 0.928 0.953 0.982 0.912 0.986 0.990 0.966 0.973 0.997
225 0.987 0.995 0.993 0.993 0.992 0.992 0.980 0.969 0.991 0.966 1.000 0.958 0.996 0.993 0.990 0.990 0.997 0.881
226 0.987 0.986 0.984 0.994 0.990 0.983 0.969 0.964 0.936 0.926 0.993 0.995 0.990 0.986 0.989 0.976 0.990 1.000
227 0.987 0.993 0.993 0.994 0.993 0.992 0.975 0.968 0.992 0.957 1.000 0.977 0.997 0.994 0.988 0.996 0.999 0.949
228 0.987 0.995 0.993 0.994 0.997 0.993 0.983 0.975 0.995 0.972 1.000 0.958 0.997 0.993 0.990 0.994 0.998 0.898
229 0.987 0.987 0.977 0.973 0.955 0.949 0.973 0.958 0.955 0.961 0.973 0.969 0.982 0.973 0.990 0.963 0.989 1.000
230 0.987 0.995 0.982 0.979 0.961 0.977 0.965 0.951 0.972 0.949 1.000 0.907 0.983 0.986 0.987 0.969 0.994 0.797
231 0.987 0.994 0.991 0.995 0.995 0.994 0.983 0.981 0.997 0.981 1.000 0.948 0.997 0.991 0.990 0.991 0.998 0.858
232 0.987 0.994 0.993 0.995 0.997 0.988 0.977 0.967 0.989 0.961 1.000 0.976 0.994 0.994 0.989 0.992 0.998 0.941
233 0.988 0.977 0.974 0.990 0.992 0.951 0.921 0.940 0.962 0.927 0.967 0.996 0.960 0.971 0.977 0.909 0.967 1.000
234 0.988 0.982 0.979 0.968 0.974 0.922 0.871 0.920 0.988 0.919 0.965 0.975 0.946 0.985 0.990 0.970 0.958 1.000
235 0.988 0.995 0.994 0.995 0.995 0.994 0.984 0.977 0.996 0.975 1.000 0.961 0.997 0.994 0.991 0.995 0.998 0.879
236 0.988 0.988 0.967 0.974 0.895 0.860 0.797 0.876 0.904 0.859 0.920 0.970 0.896 0.996 1.000 0.945 0.990 0.921
237 0.988 0.986 0.985 0.964 0.942 0.901 0.834 0.917 0.912 0.919 0.952 0.993 0.948 0.961 0.917 0.976 0.896 1.000
238 0.988 0.994 0.994 0.990 0.996 0.992 0.982 0.965 0.979 0.957 1.000 0.976 0.995 0.996 0.992 0.992 1.000 0.896
239 0.988 0.995 0.994 0.995 0.995 0.994 0.983 0.977 0.996 0.974 1.000 0.961 0.997 0.994 0.991 0.995 0.998 0.877
240 0.988 0.979 0.966 0.942 0.946 0.826 0.906 0.895 0.812 0.853 0.901 0.973 0.948 0.956 0.966 0.896 0.945 1.000
241 0.988 0.988 0.988 0.995 1.000 0.994 0.985 0.972 0.937 0.931 0.999 0.992 0.999 0.989 0.990 0.984 0.997 0.879
242 0.988 0.990 0.984 0.994 0.993 0.995 0.988 0.973 0.967 0.960 1.000 0.986 0.998 0.990 0.988 0.989 0.994 0.968
243 0.988 0.996 0.987 0.976 0.989 0.981 0.966 0.956 0.980 0.956 1.000 0.932 0.986 0.990 0.992 0.976 0.994 0.866
244 0.989 0.985 0.983 0.895 0.980 0.870 0.841 0.919 0.887 0.886 0.893 0.986 0.881 0.984 0.995 0.962 0.885 1.000
245 0.989 0.991 0.991 0.991 0.996 0.992 0.986 0.974 0.967 0.960 1.000 0.989 0.994 0.994 0.993 0.989 0.996 0.972
246 0.989 0.981 0.982 0.895 0.896 0.851 0.780 0.848 0.884 0.855 0.861 1.000 0.861 0.896 0.894 0.965 0.892 0.984
247 0.989 1.000 0.908 0.847 0.793 0.783 0.760 0.797 0.848 0.793 0.870 0.740 0.798 0.902 0.953 0.852 0.923 0.680
248 0.989 0.994 0.994 0.991 0.996 0.994 0.987 0.975 0.971 0.964 1.000 0.984 0.995 0.996 0.994 0.991 0.998 0.951
249 0.989 0.982 0.982 0.862 0.862 0.819 0.816 0.825 0.835 0.830 0.825 1.000 0.828 0.862 0.849 0.919 0.825 0.981
250 0.989 0.986 0.992 0.955 0.981 0.794 0.715 0.827 0.853 0.795 0.834 1.000 0.798 0.961 0.969 0.881 0.904 0.984
251 0.989 0.986 0.984 0.870 0.871 0.772 0.728 0.800 0.804 0.779 0.779 1.000 0.770 0.870 0.858 0.945 0.841 0.946
252 0.989 0.992 0.993 0.991 0.996 0.993 0.987 0.975 0.969 0.962 1.000 0.988 0.995 0.995 0.994 0.991 0.997 0.968
253 0.989 0.985 0.980 0.981 0.968 0.973 0.967 0.956 0.931 0.933 0.987 0.989 0.982 0.985 0.985 0.946 0.980 1.000
254 0.989 0.992 0.990 0.998 0.999 0.999 0.976 0.993 1.000 0.999 0.999 0.986 0.999 0.993 0.995 0.998 0.997 0.982
255 0.990 0.988 0.990 0.988 0.992 0.900 0.761 0.853 0.913 0.903 0.929 0.979 0.916 1.000 0.932 0.953 0.903 0.931
256 0.990 0.994 0.994 0.998 0.998 0.999 0.983 0.990 0.997 0.992 1.000 0.983 0.999 0.994 0.991 0.997 0.996 0.952
257 0.990 0.998 0.997 0.998 1.000 0.994 0.979 0.971 0.997 0.972 1.000 0.969 0.998 0.997 0.992 0.998 0.996 0.915
258 0.990 0.985 0.985 0.986 0.981 0.952 0.927 0.936 0.962 0.931 0.975 0.985 0.963 0.987 0.988 0.968 0.975 1.000
259 0.990 0.996 0.994 0.995 0.992 0.991 0.971 0.976 0.996 0.974 1.000 0.982 0.997 0.994 0.991 0.998 0.993 0.951
260 0.990 0.991 0.990 0.923 0.973 0.883 0.875 0.897 0.893 0.890 0.921 1.000 0.890 0.974 0.970 0.968 0.922 0.992
261 0.991 0.997 0.995 0.998 0.998 0.999 0.974 0.981 0.990 0.991 0.998 0.993 1.000 0.997 0.995 0.999 0.992 0.920
262 0.991 0.975 0.960 0.987 0.871 0.822 0.773 0.820 0.841 0.794 0.826 1.000 0.851 0.962 0.957 0.840 0.909 0.978
263 0.991 0.980 0.973 0.993 0.937 0.937 0.897 0.942 0.949 0.935 0.960 1.000 0.936 0.978 0.982 0.934 0.960 0.988
264 0.991 0.985 0.984 0.929 0.928 0.877 0.716 0.849 0.922 0.899 0.927 0.996 0.921 0.933 0.924 0.963 0.901 1.000
265 0.991 0.988 0.985 0.985 0.976 0.971 0.964 0.957 0.952 0.943 0.992 0.992 0.984 0.984 0.985 0.944 0.991 1.000
266 0.991 0.989 0.988 0.913 0.914 0.883 0.861 0.927 0.901 0.894 0.904 0.991 0.896 0.994 1.000 0.967 0.901 0.994
267 0.991 0.995 0.993 0.995 0.998 0.994 0.985 0.984 0.997 0.985 1.000 0.957 0.997 0.992 0.992 0.992 0.998 0.906
268 0.991 0.990 0.978 0.985 0.977 0.973 0.970 0.956 0.950 0.948 0.989 0.987 0.980 0.981 0.982 0.950 0.994 1.000
269 0.991 1.000 0.997 0.995 0.993 0.987 0.956 0.955 0.988 0.932 0.997 0.988 0.996 0.998 0.995 0.996 0.990 0.828
270 0.991 1.000 0.999 0.997 0.990 0.991 0.959 0.961 0.993 0.939 0.999 0.988 0.998 0.999 0.996 0.999 0.991 0.840
271 0.991 0.993 0.989 0.988 0.990 0.988 0.986 0.983 0.970 0.972 1.000 0.977 0.989 0.989 0.990 0.979 0.998 0.902
272 0.992 0.990 0.989 0.971 0.948 0.906 0.838 0.924 0.917 0.924 0.964 0.996 0.940 0.969 0.923 0.968 0.900 1.000
273 0.992 0.993 0.994 0.994 0.993 0.992 0.975 0.967 0.963 0.945 1.000 0.992 0.996 0.996 0.997 0.991 0.996 0.990
274 0.992 0.986 0.978 0.997 0.980 0.973 0.917 0.953 0.950 0.940 0.974 1.000 0.979 0.979 0.979 0.853 0.982 0.979
275 0.992 0.987 0.977 0.986 0.958 0.952 0.918 0.934 0.936 0.909 0.973 0.981 0.972 0.976 0.979 0.917 0.965 1.000
276 0.992 1.000 0.998 0.994 0.993 0.988 0.957 0.956 0.989 0.934 0.999 0.987 0.995 0.999 0.996 0.996 0.991 0.938
277 0.992 0.988 0.991 0.911 0.968 0.776 0.727 0.846 0.814 0.806 0.826 1.000 0.782 0.956 0.948 0.909 0.883 0.904
278 0.992 0.987 0.968 0.987 1.000 0.931 0.881 0.825 0.960 0.831 0.981 0.987 0.954 0.984 0.993 0.554 0.981 0.986
279 0.992 0.985 0.979 0.992 0.990 0.957 0.935 0.939 0.956 0.931 0.972 0.993 0.965 0.981 0.984 0.929 0.977 1.000
280 0.992 0.994 0.992 0.997 0.998 0.988 0.972 0.962 0.970 0.956 1.000 0.992 0.992 0.999 0.999 0.995 0.996 0.874
281 0.992 0.993 0.988 1.000 0.999 0.961 0.802 0.906 0.987 0.975 0.978 0.982 0.992 0.997 0.979 0.951 0.953 0.944
282 0.993 1.000 0.907 0.909 0.921 0.846 0.798 0.841 0.886 0.837 0.913 0.948 0.863 0.937 0.939 0.913 0.941 0.955
283 0.993 0.990 0.989 0.912 0.911 0.888 0.859 0.930 0.905 0.901 0.907 0.992 0.904 0.991 1.000 0.969 0.903 0.998
284 0.993 0.991 0.996 0.989 0.958 0.894 0.819 0.895 0.933 0.907 0.928 1.000 0.945 0.992 0.987 0.974 0.978 0.990
285 0.993 0.997 0.995 0.965 0.963 0.886 0.844 0.924 0.912 0.901 0.908 1.000 0.895 0.968 0.958 0.975 0.939 0.983
286 0.993 0.997 0.995 0.998 0.996 0.992 0.936 0.961 0.991 0.974 0.995 0.985 0.999 1.000 0.997 0.999 0.989 0.949
287 0.993 1.000 0.988 0.979 0.980 0.955 0.899 0.927 0.987 0.938 0.976 0.979 0.978 0.990 0.990 0.982 0.981 0.967
288 0.993 0.990 0.989 0.875 0.876 0.773 0.726 0.788 0.799 0.777 0.780 1.000 0.767 0.877 0.865 0.946 0.848 0.929
289 0.993 0.991 0.880 0.654 0.845 0.653 0.649 0.790 0.654 0.740 0.744 0.959 0.653 0.881 0.909 0.793 0.897 1.000
290 0.993 0.985 0.981 0.985 0.977 0.960 0.944 0.947 0.961 0.941 0.980 0.989 0.978 0.978 0.990 0.953 0.989 1.000
291 0.993 0.995 0.992 0.996 0.996 0.997 0.993 0.987 0.986 0.982 1.000 0.992 0.998 0.994 0.993 0.995 0.997 0.974
292 0.993 0.993 0.991 0.998 1.000 0.997 0.995 0.982 0.988 0.980 0.992 0.988 0.998 0.996 0.990 0.991 0.987 0.885
293 0.993 0.961 0.950 0.989 0.830 0.770 0.665 0.786 0.897 0.757 0.833 0.985 0.828 0.945 0.954 0.703 0.903 1.000
294 0.993 0.989 0.965 0.988 0.998 0.972 0.949 0.960 0.950 0.965 1.000 0.993 0.978 0.968 0.967 0.893 0.957 0.923
295 0.993 0.990 0.989 0.993 0.985 0.981 0.966 0.970 0.968 0.960 0.992 0.994 0.984 0.988 0.994 0.986 0.993 1.000
296 0.993 0.987 0.970 0.987 0.978 0.957 0.919 0.945 0.947 0.920 0.970 0.989 0.964 0.978 0.979 0.928 0.965 1.000
297 0.993 0.989 0.985 0.991 0.985 0.981 0.965 0.964 0.963 0.956 0.989 0.995 0.985 0.984 0.991 0.942 0.994 1.000
298 0.993 0.986 0.972 0.972 0.894 0.872 0.868 0.906 0.880 0.880 0.922 0.990 0.952 0.983 0.929 0.950 0.906 1.000
299 0.993 0.989 0.989 0.970 0.967 0.860 0.735 0.810 0.881 0.863 0.898 1.000 0.877 0.970 0.881 0.971 0.860 0.973
300 0.994 0.993 0.993 0.993 0.986 0.944 0.813 0.908 0.986 0.956 0.965 0.993 0.984 0.994 0.988 0.987 0.969 1.000
301 0.994 0.998 0.997 1.000 0.995 0.989 0.937 0.953 0.988 0.973 0.994 0.989 0.990 0.998 0.993 0.995 0.979 0.942
302 0.994 0.992 0.991 0.992 0.974 0.976 0.962 0.976 0.978 0.978 0.984 0.993 0.976 0.991 1.000 0.984 0.993 0.994
303 0.994 0.993 0.992 0.987 0.984 0.968 0.971 0.959 0.967 0.956 0.976 0.993 0.976 0.990 0.990 0.956 0.992 1.000
304 0.994 0.995 0.995 0.995 0.996 0.995 0.990 0.993 0.995 0.995 1.000 0.992 0.996 0.995 0.994 0.995 0.996 0.987
305 0.994 0.998 0.998 0.996 0.998 0.995 0.986 0.976 0.993 0.971 1.000 0.978 0.998 0.998 0.996 0.997 0.999 0.925
306 0.994 0.994 0.990 0.986 0.989 0.968 0.982 0.977 0.959 0.958 0.992 1.000 0.976 0.993 0.992 0.975 0.990 0.980
307 0.994 0.998 0.998 0.996 0.998 0.996 0.986 0.976 0.993 0.971 1.000 0.978 0.998 0.998 0.996 0.997 0.999 0.924
308 0.994 0.998 0.998 0.996 0.995 0.996 0.986 0.976 0.994 0.971 1.000 0.978 0.998 0.998 0.996 0.997 0.998 0.924
309 0.994 0.993 0.991 0.998 0.996 0.990 0.982 0.976 0.949 0.948 0.999 0.999 0.997 0.991 0.991 0.959 1.000 0.892
310 0.994 0.998 0.996 0.992 0.989 0.991 0.982 0.972 0.984 0.966 1.000 0.973 0.994 0.997 0.996 0.992 0.997 0.838
311 0.994 0.991 0.993 1.000 0.962 0.912 0.720 0.856 0.947 0.937 0.943 0.992 0.980 1.000 0.947 0.990 0.918 0.953
312 0.994 0.995 0.992 0.992 0.992 0.986 0.977 0.971 0.973 0.968 0.997 0.989 0.990 0.992 0.995 0.978 1.000 1.000
313 0.994 1.000 1.000 0.909 0.913 0.772 0.722 0.843 0.822 0.802 0.824 0.995 0.772 0.947 0.954 0.907 0.884 0.998
314 0.994 0.998 0.994 1.000 0.996 0.994 0.951 0.978 0.986 0.980 0.997 0.995 0.995 0.997 0.996 0.995 0.995 0.969
315 0.994 0.997 0.995 0.992 0.992 0.995 0.965 0.987 1.000 0.997 0.996 0.976 0.996 0.995 0.995 0.996 0.994 0.954
316 0.994 0.980 0.955 0.981 0.991 0.974 0.963 0.931 0.963 0.914 1.000 0.989 0.991 0.953 0.959 0.881 0.991 0.981
317 0.994 0.998 0.998 0.996 0.996 0.996 0.987 0.977 0.994 0.971 1.000 0.978 0.998 0.998 0.996 0.998 0.999 0.925
318 0.994 0.990 0.976 0.989 0.981 0.968 0.934 0.947 0.909 0.916 0.970 1.000 0.982 0.983 0.985 0.938 0.965 0.991
319 0.994 1.000 0.990 0.990 0.992 0.991 0.968 0.978 0.986 0.984 0.988 0.985 0.992 0.990 0.988 0.988 0.987 0.961
320 0.994 0.998 0.998 0.996 0.996 0.996 0.986 0.977 0.995 0.972 1.000 0.978 0.998 0.999 0.997 0.998 0.999 0.926
321 0.994 0.998 0.998 0.997 0.996 0.996 0.987 0.977 0.994 0.972 1.000 0.978 0.998 0.998 0.996 0.997 0.999 0.925
322 0.994 0.992 0.988 0.989 0.978 0.977 0.972 0.963 0.955 0.948 0.994 0.994 0.985 0.987 0.988 0.949 0.988 1.000
323 0.995 0.991 0.990 0.973 0.937 0.938 0.928 0.928 0.984 0.941 0.973 0.980 0.966 0.990 0.990 0.890 0.972 1.000
324 0.995 0.991 0.967 1.000 0.970 0.882 0.696 0.845 0.935 0.884 0.938 0.976 0.865 0.991 0.994 0.915 0.962 0.928
325 0.995 0.999 0.998 0.997 0.999 0.996 0.987 0.977 0.994 0.972 1.000 0.978 0.998 0.999 0.997 0.998 0.999 0.925
326 0.995 0.992 0.987 0.989 0.980 0.978 0.971 0.965 0.964 0.952 0.994 0.995 0.990 0.986 0.988 0.950 0.998 1.000
327 0.995 0.999 0.999 0.989 0.975 0.916 0.857 0.902 0.966 0.894 0.952 0.987 0.935 1.000 0.999 0.968 0.976 0.984
328 0.995 0.997 0.993 0.994 0.998 0.993 0.979 0.971 0.991 0.976 1.000 0.979 0.996 0.994 0.997 0.983 0.999 0.967
329 0.995 0.999 0.998 0.997 0.997 0.996 0.987 0.977 0.995 0.972 1.000 0.978 0.998 0.999 0.997 0.998 0.999 0.925
330 0.995 0.989 0.987 0.906 0.929 0.885 0.863 0.943 0.896 0.902 0.900 1.000 0.895 0.987 0.995 0.975 0.893 0.914
331 0.995 0.979 0.910 0.943 0.885 0.911 0.847 0.793 0.695 0.669 0.968 0.952 0.929 0.913 0.914 0.692 0.927 1.000
332 0.995 0.990 0.989 0.912 0.910 0.870 0.851 0.910 0.890 0.879 0.878 1.000 0.866 0.913 0.902 0.971 0.896 0.899
333 0.995 0.999 0.999 0.997 0.999 0.996 0.987 0.978 0.996 0.973 1.000 0.979 0.998 0.999 0.997 0.998 0.999 0.924
334 0.995 0.994 0.994 0.992 0.987 0.983 0.977 0.975 0.980 0.976 0.994 0.993 0.987 0.993 0.995 0.985 0.993 1.000
335 0.995 0.998 0.997 0.993 0.991 0.990 0.988 0.979 0.987 0.980 1.000 0.964 0.992 0.996 0.997 0.988 0.997 0.898
336 0.995 0.999 0.999 0.997 0.999 0.996 0.987 0.978 0.996 0.973 1.000 0.979 0.998 0.999 0.997 0.998 0.999 0.925
337 0.995 0.999 0.999 0.997 0.997 0.996 0.987 0.978 0.996 0.974 1.000 0.979 0.999 0.999 0.997 0.998 0.999 0.926
338 0.995 0.991 0.988 0.956 0.970 0.932 0.922 0.935 0.934 0.931 0.943 1.000 0.932 0.981 0.966 0.977 0.946 0.998
339 0.995 1.000 0.964 0.976 0.980 0.956 0.859 0.910 0.972 0.954 0.952 0.936 0.938 0.973 0.956 0.931 0.934 0.855
340 0.995 0.998 0.998 0.993 0.994 0.994 0.989 0.979 0.983 0.974 1.000 0.982 0.996 0.998 0.998 0.994 0.998 0.925
341 0.995 0.998 0.997 0.998 0.999 0.997 0.993 0.983 0.981 0.973 1.000 0.992 0.998 0.997 0.996 0.997 0.999 0.968
342 0.995 0.990 0.979 0.990 0.929 0.974 0.938 0.944 0.890 0.906 0.961 1.000 0.973 0.987 0.988 0.948 0.971 0.992
343 0.996 0.995 0.994 0.972 0.944 0.907 0.840 0.925 0.918 0.925 0.968 1.000 0.945 0.970 0.924 0.981 0.902 1.000
344 0.996 0.999 0.994 1.000 0.998 0.998 0.995 0.989 0.980 0.983 1.000 0.999 0.998 0.995 0.995 0.985 0.999 0.974
345 0.996 1.000 0.874 0.715 0.716 0.710 0.694 0.829 0.712 0.752 0.952 0.946 0.709 0.913 0.914 0.848 0.919 0.964
346 0.996 0.989 0.975 0.976 0.990 0.943 0.910 0.940 0.948 0.939 0.966 0.994 0.957 0.979 0.980 0.938 0.953 1.000
347 0.996 1.000 0.981 0.931 0.964 0.937 0.830 0.897 0.944 0.935 0.973 0.931 0.955 0.989 0.999 0.987 0.977 0.969
348 0.996 0.996 0.996 0.996 0.997 0.994 0.965 0.989 0.998 0.996 0.996 0.995 0.997 0.997 0.997 0.997 0.992 1.000
349 0.996 1.000 1.000 0.996 0.998 0.993 0.982 0.983 0.996 0.975 1.000 0.958 0.996 0.999 0.999 0.994 0.998 0.913
350 0.996 0.993 0.994 0.959 0.979 0.857 0.738 0.851 0.903 0.857 0.881 1.000 0.884 0.981 0.994 0.941 0.957 0.986
351 0.996 0.994 0.992 0.995 0.987 0.989 0.976 0.974 0.969 0.961 0.996 0.998 0.993 0.992 0.994 0.954 0.999 1.000
352 0.996 0.995 0.993 0.948 0.944 0.891 0.860 0.929 0.917 0.899 0.915 1.000 0.924 0.949 0.930 0.977 0.919 0.991
353 0.996 0.997 0.995 0.996 0.996 0.997 0.991 0.988 0.990 0.984 1.000 0.995 0.998 0.996 0.996 0.997 0.998 0.993
354 0.996 1.000 0.988 0.987 0.969 0.947 0.905 0.935 0.968 0.946 0.953 0.978 0.944 0.983 0.976 0.959 0.967 0.931
355 0.996 1.000 0.997 0.990 0.987 0.991 0.943 0.980 0.997 0.995 0.996 0.973 0.996 0.997 1.000 0.996 0.996 0.962
356 0.996 0.992 0.980 0.963 0.979 0.977 0.942 0.953 0.901 0.918 0.983 1.000 0.989 0.983 0.991 0.938 0.974 0.946
357 0.996 0.995 0.994 0.992 0.985 0.935 0.907 0.933 0.977 0.938 0.979 1.000 0.955 0.992 0.989 0.992 0.978 0.983
358 0.996 0.993 0.992 0.940 0.938 0.898 0.885 0.923 0.910 0.904 0.903 1.000 0.896 0.940 0.932 0.976 0.921 0.996
359 0.996 0.995 0.994 0.941 0.940 0.914 0.899 0.944 0.929 0.922 0.939 0.994 0.922 0.941 0.935 0.977 0.930 1.000
360 0.997 0.994 0.993 0.954 0.956 0.921 0.918 0.918 0.931 0.927 0.960 1.000 0.921 0.957 0.951 0.979 0.926 0.993
361 0.997 0.995 0.992 0.999 0.993 0.989 0.978 0.977 0.952 0.951 0.999 1.000 0.994 0.994 0.994 0.961 0.998 0.918
362 0.997 0.996 0.991 1.000 0.991 0.954 0.868 0.910 0.964 0.911 0.975 0.999 0.963 0.997 0.995 0.981 0.973 0.983
363 0.997 0.993 0.979 0.988 0.926 0.881 0.895 0.924 0.884 0.891 0.937 1.000 0.888 0.990 0.992 0.960 0.966 0.992
364 0.997 0.996 0.993 0.990 0.966 0.928 0.966 0.959 0.928 0.941 0.976 1.000 0.943 0.981 0.985 0.961 0.980 0.998
365 0.997 0.999 0.998 0.998 0.999 0.997 0.994 0.987 0.986 0.981 1.000 0.992 0.998 0.999 0.998 0.997 0.999 0.969
366 0.997 0.997 0.993 0.993 0.993 0.989 0.987 0.981 0.980 0.978 0.993 0.991 0.991 0.992 0.993 0.981 0.999 1.000
367 0.997 0.999 0.984 0.996 0.997 0.993 0.973 0.967 0.981 0.973 0.994 0.982 1.000 0.984 0.982 0.958 0.986 0.969
368 0.997 0.999 0.998 0.998 0.998 0.998 0.994 0.987 0.985 0.980 1.000 0.993 0.998 0.999 0.998 0.997 0.999 0.969
369 0.997 0.994 0.992 0.937 0.943 0.886 0.873 0.915 0.901 0.890 0.910 0.999 0.883 0.946 0.935 0.972 0.924 1.000
370 0.997 0.997 0.991 0.999 0.986 0.966 0.925 0.945 0.966 0.932 0.991 0.992 0.971 1.000 0.998 0.986 0.984 0.756
371 0.997 0.999 0.999 0.998 0.999 0.998 0.995 0.988 0.990 0.981 1.000 0.992 0.999 0.999 0.998 0.998 0.999 0.967
372 0.997 0.986 0.958 0.981 0.966 0.949 0.918 0.934 0.921 0.908 0.965 0.992 0.958 0.967 0.971 0.874 0.972 1.000
373 0.997 0.991 0.973 0.988 0.951 0.863 0.682 0.820 0.923 0.867 0.913 0.981 0.851 0.990 1.000 0.890 0.947 0.945
374 0.997 0.983 0.945 0.865 0.951 0.787 0.764 0.879 0.804 0.832 0.833 0.982 0.781 0.951 0.962 0.893 0.937 1.000
375 0.997 0.999 0.998 0.996 0.992 0.942 0.902 0.936 0.968 0.933 0.956 1.000 0.958 0.997 0.996 0.980 0.986 0.987
376 0.997 0.999 0.998 0.999 1.000 0.997 0.991 0.984 0.994 0.980 1.000 0.990 0.998 0.999 0.998 0.998 0.998 0.919
377 0.998 0.996 0.994 0.990 0.962 0.912 0.965 0.962 0.923 0.932 0.970 1.000 0.932 0.992 0.993 0.967 0.985 0.992
378 0.998 0.995 0.991 0.984 0.978 0.974 0.968 0.982 0.982 0.978 1.000 0.947 0.985 0.989 0.994 0.983 0.991 0.853
379 0.998 0.993 0.992 0.911 0.919 0.800 0.712 0.826 0.848 0.793 0.835 1.000 0.801 0.943 0.939 0.919 0.896 0.897
380 0.998 1.000 0.980 0.967 0.960 0.949 0.886 0.898 0.950 0.923 0.952 0.980 0.946 0.977 0.972 0.964 0.944 0.940
381 0.998 1.000 0.999 1.000 1.000 1.000 0.997 0.996 1.000 0.999 1.000 0.982 1.000 0.999 0.999 1.000 1.000 0.894
382 0.998 0.997 0.981 0.994 0.998 0.991 0.979 0.971 0.964 0.954 0.996 0.991 0.994 0.982 0.983 0.945 1.000 0.986
383 0.998 0.996 0.987 0.979 0.980 0.963 0.947 0.947 0.987 0.952 0.989 0.974 0.972 0.988 0.998 0.978 0.994 1.000
384 0.998 0.998 0.998 0.996 0.992 0.972 0.948 0.951 0.991 0.946 0.994 0.995 0.993 0.998 0.995 0.992 0.993 1.000
385 0.998 0.994 0.974 0.989 0.972 0.964 0.921 0.953 0.930 0.931 0.982 1.000 0.971 0.977 0.982 0.939 0.986 0.980
386 0.998 0.999 0.998 0.999 1.000 0.999 0.994 0.995 0.998 0.998 0.997 0.985 1.000 0.999 0.998 0.998 1.000 0.955
387 0.998 0.992 0.994 0.999 0.969 0.960 0.941 0.962 0.981 0.956 0.988 1.000 0.965 0.998 0.998 0.986 0.981 0.997
388 0.998 0.995 0.994 0.960 0.985 0.886 0.759 0.873 0.932 0.891 0.908 0.995 0.920 0.967 0.959 0.963 0.945 1.000
389 0.998 0.998 0.995 0.993 0.989 0.974 0.960 0.979 0.977 0.977 0.979 0.996 0.977 0.995 0.995 0.983 0.991 1.000
390 0.998 0.998 0.998 0.997 0.990 0.985 0.964 0.975 0.992 0.975 0.998 0.997 0.993 0.997 0.996 0.990 0.993 1.000
391 0.998 0.986 0.983 0.954 0.982 0.938 0.934 0.953 0.949 0.941 0.955 0.967 0.949 0.973 0.997 0.977 0.988 1.000
392 0.999 0.994 0.965 0.945 0.934 0.894 0.879 0.877 0.919 0.878 0.947 0.962 0.879 0.963 0.961 0.892 0.958 1.000
393 0.999 0.998 0.997 0.997 0.986 0.979 0.956 0.968 0.989 0.964 0.991 0.996 0.985 1.000 0.998 0.989 0.991 0.983
394 0.999 0.997 0.928 0.826 0.967 0.748 0.737 0.899 0.759 0.796 0.950 1.000 0.739 0.924 0.929 0.878 0.850 0.962
395 0.999 1.000 0.996 0.996 0.993 0.999 0.993 0.996 1.000 0.999 0.988 0.991 0.999 0.998 0.998 0.998 0.997 0.978
396 0.999 0.993 0.977 0.981 0.987 0.958 0.933 0.949 0.929 0.926 0.974 1.000 0.963 0.981 0.984 0.908 0.966 0.877
397 0.999 1.000 0.995 0.994 0.975 0.992 0.965 0.981 0.995 0.986 0.982 0.992 0.994 0.997 0.993 0.993 0.987 0.961
398 0.999 1.000 0.995 0.993 0.975 0.992 0.968 0.983 0.993 0.987 0.974 0.991 0.992 0.997 0.993 0.996 0.985 0.953
399 0.999 0.998 0.993 0.995 0.994 0.989 0.982 0.982 0.981 0.980 0.991 0.995 0.988 0.994 0.995 0.979 1.000 0.995
400 0.999 0.999 0.999 0.995 0.996 0.995 0.992 0.986 0.995 0.986 1.000 0.973 0.997 0.999 0.999 0.994 0.999 0.885
401 0.999 1.000 0.988 0.981 0.983 0.976 0.948 0.959 0.976 0.961 0.983 0.978 0.980 0.988 0.986 0.980 0.981 0.956
402 0.999 1.000 0.992 0.989 0.981 0.983 0.963 0.969 0.991 0.964 0.994 0.931 0.989 0.994 0.990 0.987 0.985 0.842
403 0.999 1.000 0.999 0.998 0.989 0.975 0.904 0.958 1.000 0.969 0.995 0.997 0.996 1.000 0.998 0.997 0.988 0.996
404 0.999 1.000 0.982 0.951 0.955 0.940 0.873 0.923 0.977 0.936 0.971 0.958 0.956 0.981 0.982 0.977 0.934 0.980
405 0.999 0.999 0.999 0.997 0.998 0.996 0.992 0.989 0.998 0.987 1.000 0.977 0.997 0.998 0.998 0.997 0.998 0.914
406 0.999 0.999 0.998 0.997 0.997 0.995 0.990 0.985 0.997 0.984 1.000 0.972 0.996 0.998 0.998 0.995 0.998 0.891
407 0.999 1.000 0.988 0.976 0.976 0.963 0.913 0.939 0.982 0.965 0.946 0.973 0.968 0.986 0.985 0.979 0.977 0.951
408 0.999 1.000 0.985 0.995 0.994 0.985 0.967 0.967 0.956 0.936 0.995 0.998 0.991 0.990 0.989 0.985 0.997 0.997
409 0.999 0.979 0.931 0.957 0.880 0.875 0.828 0.860 0.865 0.866 0.915 0.998 0.901 0.932 0.937 0.728 0.931 1.000
410 0.999 1.000 1.000 0.992 0.993 0.984 0.973 0.977 0.991 0.984 0.988 0.989 0.989 0.996 0.995 0.995 0.992 0.984
411 0.999 1.000 0.995 0.991 0.996 0.992 0.965 0.981 0.994 0.987 0.961 0.989 0.993 0.996 0.992 0.995 0.990 0.963
412 0.999 1.000 0.999 0.997 0.996 0.996 0.990 0.988 0.997 0.985 0.999 0.978 0.999 0.999 0.998 0.997 0.998 0.897
413 0.999 1.000 0.999 0.995 0.989 0.978 0.955 0.963 0.994 0.960 0.996 0.992 0.987 0.999 0.998 0.993 0.993 0.980
414 0.999 0.999 0.999 0.996 0.998 0.996 0.992 0.987 0.996 0.986 1.000 0.974 0.997 0.999 0.999 0.995 0.999 0.859
415 0.999 0.999 0.999 0.999 1.000 0.998 0.963 0.984 0.999 0.995 1.000 0.997 0.999 0.999 0.999 0.998 0.996 0.993
416 0.999 1.000 0.999 0.996 0.994 0.988 0.959 0.971 0.989 0.957 0.999 0.995 0.995 0.999 1.000 0.996 0.995 0.978
417 0.999 1.000 1.000 1.000 0.992 0.975 0.918 0.960 0.996 0.964 0.992 0.998 0.991 1.000 0.997 0.996 0.987 0.986
418 0.999 0.999 0.999 0.996 0.972 0.951 0.903 0.934 0.990 0.929 0.983 0.995 0.978 1.000 0.999 0.986 0.993 0.997
419 0.999 1.000 0.998 0.996 0.975 0.944 0.887 0.922 0.995 0.933 0.974 0.996 0.963 0.999 0.996 0.997 0.980 0.993
420 0.999 0.999 0.999 0.997 0.997 0.991 0.977 0.958 0.995 0.964 0.999 0.997 0.996 0.999 0.999 0.994 0.998 1.000
421 0.999 1.000 0.981 0.987 0.986 0.983 0.964 0.966 0.947 0.937 0.990 0.995 0.986 0.985 0.984 0.979 0.990 0.995
422 0.999 1.000 0.996 0.993 0.992 0.985 0.971 0.983 0.969 0.968 0.995 0.998 0.986 0.997 0.996 0.989 0.991 0.977
423 0.999 1.000 0.994 0.994 0.991 0.989 0.974 0.971 0.972 0.957 0.989 0.991 0.994 1.000 1.000 0.998 0.993 0.981
424 0.999 0.995 0.994 0.909 0.909 0.857 0.814 0.894 0.891 0.864 0.879 1.000 0.872 0.910 0.905 0.974 0.895 0.860
425 0.999 0.993 0.984 0.942 0.927 0.904 0.869 0.910 0.937 0.911 0.920 0.928 0.909 0.993 1.000 0.984 0.982 0.982
426 0.999 0.999 0.999 0.995 0.996 0.994 0.992 0.993 0.998 0.994 1.000 0.991 0.995 0.998 0.999 0.996 0.997 0.992
427 0.999 1.000 0.995 0.989 0.991 0.987 0.956 0.978 0.992 0.985 0.962 0.988 0.987 0.995 0.994 0.992 0.987 0.966
428 0.999 0.999 0.998 0.997 0.988 0.977 0.964 0.964 0.968 0.960 0.996 0.997 0.985 0.998 0.997 0.987 0.993 1.000
429 0.999 1.000 0.990 0.998 0.992 0.992 0.947 0.974 0.963 0.965 0.990 0.995 0.993 0.995 0.994 0.961 0.992 0.965
430 0.999 0.997 0.997 0.996 0.974 0.924 0.705 0.870 0.973 0.929 0.943 1.000 0.970 0.997 0.978 0.949 0.961 0.991
431 0.999 0.997 0.987 0.987 0.975 0.969 0.911 0.938 0.977 0.955 0.982 0.992 0.970 0.990 0.989 0.983 0.979 1.000
432 0.999 1.000 0.999 0.982 0.989 0.924 0.815 0.911 0.954 0.941 0.947 0.997 0.958 0.985 0.976 0.982 0.964 0.988
433 0.999 0.999 0.998 0.997 0.993 0.983 0.929 0.975 0.992 0.987 0.987 1.000 0.988 0.997 0.992 0.991 0.980 0.998
434 0.999 1.000 0.999 0.996 0.996 0.996 0.991 0.989 0.998 0.986 1.000 0.977 0.998 0.998 0.999 0.997 0.998 0.883
435 1.000 0.997 0.996 0.967 0.962 0.922 0.901 0.939 0.944 0.924 0.930 0.999 0.918 0.967 0.956 0.986 0.949 1.000
436 1.000 1.000 0.998 0.998 0.997 0.997 0.992 0.994 0.989 0.990 0.999 0.984 0.999 0.996 0.996 0.988 0.998 0.973
437 1.000 0.999 0.999 0.998 0.997 0.997 0.993 0.990 0.998 0.989 1.000 0.981 0.998 0.999 0.999 0.997 0.999 0.901
438 1.000 1.000 0.998 0.992 0.992 0.992 0.975 0.990 0.991 0.982 0.994 0.999 0.988 0.999 0.994 0.991 0.985 0.966
439 1.000 0.998 0.981 1.000 0.961 0.882 0.692 0.839 0.937 0.886 0.920 0.988 0.862 0.998 0.990 0.916 0.955 0.954
440 1.000 0.992 0.975 0.976 0.953 0.946 0.937 0.945 0.898 0.905 0.965 1.000 0.982 0.979 0.983 0.935 0.977 0.998
441 1.000 1.000 1.000 1.000 1.000 1.000 0.969 0.992 1.000 1.000 1.000 0.999 1.000 1.000 1.000 1.000 0.996 0.998
442 1.000 1.000 0.999 0.995 0.966 0.946 0.818 0.915 0.986 0.937 0.974 0.991 0.965 0.996 0.993 0.993 0.979 0.985
443 1.000 0.999 0.983 0.995 0.999 0.992 0.981 0.973 0.965 0.956 0.998 0.992 0.997 0.984 0.985 0.946 1.000 0.989
444 1.000 1.000 1.000 1.000 0.997 0.985 0.835 0.949 0.997 0.992 0.991 1.000 0.996 1.000 0.996 0.997 0.978 0.997
445 1.000 1.000 0.997 0.996 0.998 0.998 0.996 0.996 0.998 0.997 0.999 0.991 0.999 0.996 0.996 0.998 0.999 0.988
446 1.000 1.000 1.000 1.000 0.999 0.989 0.948 0.979 0.999 0.985 0.997 0.999 0.997 0.999 0.997 0.998 0.991 0.994
447 1.000 1.000 1.000 1.000 0.999 0.993 0.950 0.982 0.998 0.991 0.998 1.000 0.999 1.000 0.998 0.999 0.994 0.998
448 1.000 0.998 0.997 0.995 0.989 0.971 0.962 0.973 0.977 0.971 0.989 0.995 0.982 0.996 1.000 0.982 0.994 0.993
449 1.000 1.000 0.999 1.000 0.999 0.988 0.980 0.988 0.987 0.986 0.996 0.999 0.988 1.000 1.000 0.996 1.000 0.996
450 1.000 1.000 1.000 1.000 1.000 1.000 0.999 0.999 0.972 0.996 1.000 1.000 1.000 1.000 1.000 1.000 1.000 0.999
451 1.000 1.000 0.997 0.992 0.992 0.982 0.958 0.977 0.994 0.983 0.953 0.987 0.986 0.996 0.995 0.990 0.990 0.982
452 1.000 0.999 0.997 0.999 0.996 0.988 0.973 0.974 0.967 0.961 0.996 0.997 0.992 0.995 0.998 0.978 1.000 0.995
453 1.000 1.000 0.984 0.984 0.983 0.970 0.934 0.964 0.958 0.945 0.982 0.992 0.980 0.989 0.987 0.980 0.982 0.800
454 1.000 1.000 1.000 0.999 0.998 0.994 0.992 0.995 0.997 0.994 0.995 1.000 0.995 1.000 0.998 0.998 0.995 0.997
455 1.000 1.000 1.000 0.999 0.998 0.995 0.992 0.996 0.997 0.994 0.996 1.000 0.995 1.000 0.998 0.998 0.995 0.997
456 1.000 1.000 1.000 0.999 0.998 0.995 0.992 0.995 0.997 0.994 0.993 1.000 0.995 0.999 0.998 0.998 0.995 0.997
457 1.000 1.000 1.000 0.999 0.999 0.994 0.992 0.995 0.996 0.994 0.994 1.000 0.994 1.000 0.998 0.998 0.995 0.997
458 1.000 1.000 1.000 0.999 0.998 0.993 0.992 0.995 0.996 0.993 0.993 1.000 0.993 1.000 0.998 0.998 0.994 0.997
459 1.000 1.000 0.999 0.997 0.987 0.979 0.951 0.967 0.997 0.970 0.994 0.997 0.987 0.999 0.998 0.996 0.994 0.995
460 1.000 1.000 1.000 0.999 0.998 0.997 0.994 0.996 0.999 0.996 0.999 0.999 0.998 1.000 1.000 0.999 0.999 0.999
461 1.000 0.965 0.929 0.808 0.950 0.759 0.751 0.819 0.769 0.778 0.795 0.856 0.854 0.892 0.966 0.841 0.844 0.974
462 1.000 0.987 0.929 0.962 0.971 0.958 0.920 0.918 0.946 0.909 0.977 0.983 0.959 0.939 0.941 0.850 0.972 0.990
463 1.000 1.000 1.000 0.998 0.998 0.994 0.992 0.995 0.996 0.994 0.994 1.000 0.994 1.000 0.999 0.997 0.996 0.997
464 1.000 0.998 0.986 0.994 0.986 0.986 0.949 0.957 0.933 0.912 0.996 0.999 0.995 0.987 0.986 0.953 0.984 0.766
465 1.000 0.989 0.923 0.595 0.555 0.577 0.567 0.611 0.581 0.565 0.654 0.973 0.574 0.620 0.601 0.889 0.591 0.998
466 1.000 0.998 0.996 0.997 0.976 0.954 0.952 0.950 0.962 0.957 0.972 0.996 0.954 0.997 0.984 0.985 0.960 0.977
467 1.000 0.999 0.904 0.904 0.856 0.853 0.801 0.839 0.883 0.836 0.918 0.943 0.869 0.919 0.922 0.901 0.924 0.922
468 1.000 0.999 0.994 0.993 0.992 0.984 0.974 0.981 0.981 0.978 0.986 0.994 0.984 0.994 0.995 0.981 0.994 0.993
469 1.000 1.000 0.999 0.990 0.989 0.962 0.940 0.964 0.982 0.960 0.964 0.997 0.977 0.992 0.987 0.994 0.982 0.990
470 1.000 0.999 0.972 0.961 0.964 0.933 0.920 0.944 0.961 0.948 0.964 0.984 0.958 0.968 0.970 0.964 0.973 0.983
471 1.000 0.995 0.985 0.987 0.982 0.970 0.979 0.968 0.976 0.973 0.989 0.991 0.963 0.989 0.995 0.955 0.984 0.972
472 1.000 1.000 0.973 0.993 0.949 0.944 0.917 0.951 0.958 0.941 0.969 0.982 0.943 0.977 0.973 0.955 0.964 0.870
473 1.000 0.997 0.993 0.992 0.904 0.867 0.731 0.833 0.934 0.845 0.873 0.994 0.906 0.992 0.978 0.805 0.934 0.990
474 1.000 0.999 0.989 0.991 0.986 0.970 0.943 0.954 0.969 0.961 0.981 0.988 0.977 0.990 0.995 0.978 0.985 0.977
475 1.000 0.992 0.931 0.968 0.972 0.941 0.931 0.909 0.922 0.926 0.973 0.954 0.969 0.930 0.930 0.792 0.959 0.936
476 1.000 0.995 0.962 0.970 0.979 0.901 0.887 0.909 0.907 0.898 0.935 0.984 0.908 0.973 0.977 0.938 0.967 0.992
477 1.000 0.999 0.995 0.996 0.977 0.968 0.968 0.974 0.980 0.974 0.985 0.998 0.972 0.994 0.996 0.986 0.991 0.997
478 1.000 0.995 0.974 1.000 0.962 0.878 0.688 0.832 0.938 0.886 0.925 0.983 0.867 0.993 0.995 0.873 0.961 0.943
479 1.000 0.988 0.987 0.804 0.802 0.733 0.701 0.815 0.764 0.750 0.754 0.986 0.727 0.806 0.794 0.939 0.779 0.813
480 1.000 0.997 0.972 0.991 0.952 0.870 0.689 0.831 0.928 0.875 0.917 0.982 0.849 0.988 0.990 0.899 0.959 0.947
481 1.000 0.998 0.959 0.963 0.909 0.873 0.851 0.890 0.900 0.879 0.934 0.979 0.893 0.968 0.972 0.903 0.947 0.956
482 1.000 0.997 0.962 0.975 0.987 0.958 0.879 0.942 0.965 0.954 0.975 0.986 0.958 0.972 0.971 0.891 0.952 0.920
483 1.000 0.994 0.984 0.973 0.979 0.954 0.951 0.949 0.892 0.912 0.960 0.994 0.977 0.983 0.991 0.939 0.972 1.000
484 1.000 0.999 0.992 0.966 0.976 0.957 0.957 0.977 0.957 0.970 0.978 0.990 0.957 0.984 0.991 0.973 0.984 1.000
485 1.000 0.995 0.954 0.951 0.956 0.815 0.809 0.891 0.817 0.850 0.919 0.979 0.820 0.955 0.957 0.887 0.951 1.000
486 1.000 0.960 0.903 0.684 0.967 0.656 0.632 0.822 0.675 0.718 0.792 0.900 0.649 0.926 0.929 0.872 0.899 0.962
487 1.000 0.993 0.988 0.998 0.963 0.845 0.842 0.801 0.870 0.849 0.850 0.995 0.845 0.989 0.992 0.965 0.861 0.986
488 1.000 0.976 0.932 0.716 0.951 0.692 0.672 0.832 0.708 0.755 0.808 0.951 0.687 0.945 0.958 0.869 0.943 0.934
489 1.000 0.997 0.994 0.963 0.964 0.955 0.954 0.953 0.958 0.955 0.956 0.989 0.962 0.965 0.962 0.978 0.956 0.995
490 1.000 0.993 0.960 0.952 0.969 0.922 0.890 0.911 0.910 0.882 0.949 0.979 0.926 0.972 0.981 0.918 0.964 0.995
491 1.000 0.996 0.992 0.984 0.988 0.907 0.889 0.954 0.919 0.925 0.958 0.997 0.903 0.990 0.992 0.963 0.977 0.992
492 1.000 0.996 0.995 0.937 0.934 0.891 0.870 0.919 0.910 0.895 0.897 0.993 0.887 0.938 0.924 0.974 0.916 0.994
493 1.000 0.994 0.993 0.994 0.922 0.847 0.844 0.803 0.884 0.850 0.851 0.992 0.847 0.985 0.990 0.968 0.864 0.986
494 1.000 0.980 0.801 0.860 0.868 0.813 0.771 0.817 0.671 0.821 0.883 0.894 0.765 0.835 0.835 0.633 0.850 0.856
495 1.000 0.997 0.962 0.975 0.982 0.956 0.877 0.936 0.964 0.949 0.970 0.981 0.954 0.970 0.970 0.876 0.955 0.924
496 1.000 0.994 0.959 0.973 0.981 0.957 0.888 0.939 0.963 0.950 0.971 0.981 0.956 0.965 0.964 0.876 0.953 0.921
497 1.000 0.995 0.988 0.991 0.954 0.921 0.959 0.959 0.917 0.927 0.971 0.999 0.961 0.992 0.994 0.963 0.982 0.991
498 1.000 0.981 0.926 0.798 0.908 0.774 0.751 0.856 0.789 0.809 0.801 0.945 0.769 0.938 0.954 0.888 0.918 0.889
499 1.000 0.998 0.975 0.959 0.967 0.905 0.875 0.942 0.911 0.920 0.930 0.993 0.905 0.976 0.976 0.948 0.957 0.972
500 1.000 0.997 0.990 0.975 0.986 0.882 0.867 0.949 0.895 0.910 0.962 0.993 0.878 0.987 0.988 0.950 0.975 0.915
501 1.000 1.000 0.997 0.985 0.987 0.986 0.903 0.938 0.990 0.976 0.997 0.987 0.992 0.998 0.999 0.993 0.984 0.989
502 1.000 0.995 0.985 0.977 0.959 0.895 0.859 0.860 0.925 0.876 0.916 0.985 0.914 0.981 0.968 0.953 0.944 0.964
503 1.000 0.998 0.965 0.977 0.984 0.954 0.872 0.938 0.963 0.948 0.973 0.987 0.955 0.972 0.971 0.884 0.959 0.925
504 1.000 0.995 0.962 0.982 0.985 0.958 0.887 0.943 0.965 0.956 0.976 0.983 0.958 0.970 0.969 0.877 0.960 0.921
505 1.000 1.000 1.000 0.999 0.998 0.995 0.993 0.996 0.997 0.994 0.993 1.000 0.995 1.000 0.998 0.998 0.995 0.997
506 1.000 1.000 0.990 0.995 0.985 0.972 0.945 0.964 0.945 0.952 0.987 0.998 0.974 0.991 0.992 0.961 0.988 0.984
507 1.000 0.999 0.981 0.991 0.958 0.869 0.679 0.824 0.928 0.870 0.921 0.987 0.849 0.992 0.989 0.892 0.947 0.952
508 1.000 0.991 0.981 0.983 0.982 0.974 0.942 0.954 0.934 0.921 0.971 0.998 0.982 0.986 0.988 0.947 0.972 0.998
509 1.000 0.997 0.976 0.988 0.959 0.884 0.685 0.838 0.940 0.890 0.934 0.981 0.867 0.992 0.989 0.917 0.963 0.952
510 1.000 0.998 0.996 0.975 0.942 0.921 0.832 0.913 0.949 0.938 0.946 0.995 0.952 0.988 0.995 0.977 0.959 0.979
511 1.000 1.000 1.000 0.999 0.997 0.994 0.984 0.992 0.997 0.996 0.996 0.999 0.992 0.999 0.999 0.996 0.995 0.993
512 1.000 0.996 0.960 0.977 0.985 0.957 0.863 0.937 0.964 0.949 0.972 0.982 0.954 0.968 0.966 0.870 0.953 0.730
513 1.000 0.996 0.994 0.990 0.966 0.910 0.964 0.961 0.921 0.930 0.969 1.000 0.932 0.992 0.993 0.966 0.985 0.994
514 1.000 0.994 0.960 0.971 0.971 0.958 0.867 0.935 0.963 0.950 0.969 0.977 0.955 0.967 0.965 0.881 0.951 0.921
515 1.000 0.994 0.962 0.977 0.981 0.957 0.893 0.939 0.964 0.952 0.972 0.978 0.952 0.966 0.966 0.883 0.947 0.764
516 1.000 0.997 0.993 0.994 0.958 0.983 0.952 0.962 0.937 0.936 0.982 1.000 0.984 0.993 0.993 0.966 0.980 0.895
517 1.000 0.988 0.946 0.946 0.938 0.924 0.918 0.915 0.932 0.915 0.960 0.965 0.935 0.944 0.953 0.943 0.951 0.973
518 1.000 0.986 0.891 0.896 0.885 0.883 0.859 0.786 0.657 0.681 0.950 0.944 0.931 0.891 0.892 0.751 0.931 0.974
519 1.000 0.996 0.960 0.957 0.982 0.859 0.838 0.877 0.896 0.854 0.905 0.980 0.862 0.972 0.971 0.922 0.960 0.985
520 1.000 0.998 0.980 0.992 0.939 0.946 0.913 0.942 0.940 0.935 0.944 0.999 0.947 0.986 0.989 0.964 0.953 0.993
521 1.000 0.996 0.960 0.953 0.916 0.876 0.908 0.918 0.877 0.882 0.941 0.969 0.888 0.965 0.971 0.944 0.949 0.913
522 1.000 0.996 0.961 0.971 0.974 0.956 0.862 0.934 0.963 0.946 0.968 0.978 0.957 0.966 0.966 0.872 0.952 0.918
523 1.000 0.996 0.988 0.981 0.979 0.968 0.937 0.949 0.940 0.924 0.979 0.994 0.984 0.985 0.986 0.937 0.980 0.960
524 1.000 1.000 0.996 0.988 0.988 0.978 0.958 0.975 0.990 0.980 0.954 0.987 0.984 0.994 0.994 0.989 0.989 0.978
525 1.000 1.000 1.000 0.999 0.999 0.996 0.981 0.986 0.999 0.981 0.999 1.000 0.999 1.000 1.000 0.999 0.997 1.000
526 1.000 1.000 0.902 0.901 0.908 0.837 0.790 0.831 0.875 0.827 0.910 0.946 0.866 0.918 0.923 0.888 0.925 0.952
527 1.000 0.996 0.966 0.979 0.984 0.959 0.887 0.942 0.962 0.950 0.974 0.984 0.956 0.970 0.969 0.879 0.953 0.923
528 1.000 0.999 0.995 0.986 0.907 0.834 0.707 0.767 0.946 0.822 0.912 0.986 0.864 0.993 0.985 0.959 0.945 0.979
529 1.000 0.993 0.946 0.944 0.921 0.935 0.889 0.930 0.948 0.920 0.952 0.962 0.935 0.960 0.959 0.971 0.934 0.977
530 1.000 0.996 0.991 0.979 0.987 0.911 0.960 0.958 0.919 0.930 0.970 0.992 0.969 0.992 0.996 0.962 0.984 0.951
531 1.000 1.000 0.999 0.998 0.999 0.994 0.989 0.996 0.998 0.997 0.998 0.999 0.998 0.998 0.997 0.999 0.996 0.999
532 1.000 0.995 0.962 0.960 0.972 0.952 0.848 0.930 0.960 0.945 0.964 0.977 0.952 0.967 0.967 0.860 0.950 0.920
533 1.000 0.997 0.957 0.928 0.875 0.832 0.812 0.911 0.838 0.868 0.955 0.973 0.830 0.967 0.970 0.912 0.939 0.985
534 1.000 0.963 0.833 0.735 0.741 0.640 0.541 0.661 0.656 0.661 0.684 0.911 0.630 0.890 0.878 0.402 0.823 0.714
535 1.000 0.998 0.998 0.989 0.970 0.943 0.900 0.913 0.957 0.912 0.980 0.989 0.975 0.997 0.999 0.979 0.985 0.998
536 1.000 0.993 0.982 0.976 0.970 0.968 0.968 0.953 0.960 0.963 0.986 0.998 0.978 0.987 0.994 0.933 0.967 0.986
537 1.000 1.000 0.998 0.996 0.995 0.993 0.951 0.978 0.996 0.991 0.998 0.996 0.996 0.997 0.998 0.996 0.995 1.000
538 1.000 0.981 0.803 0.371 0.609 0.371 0.366 0.662 0.371 0.534 0.510 0.838 0.370 0.819 0.827 0.677 0.756 0.898
539 1.000 0.996 0.963 0.975 0.983 0.956 0.895 0.938 0.965 0.951 0.972 0.983 0.953 0.969 0.969 0.870 0.952 0.924
540 1.000 0.992 0.889 0.852 0.752 0.754 0.721 0.809 0.781 0.770 0.851 0.975 0.760 0.884 0.900 0.893 0.877 0.961
541 1.000 0.999 0.993 0.980 0.980 0.960 0.932 0.957 0.943 0.930 0.973 0.993 0.961 0.996 0.997 0.965 0.982 0.949
542 1.000 0.993 0.968 0.961 0.966 0.944 0.912 0.922 0.959 0.916 0.961 0.979 0.961 0.967 0.967 0.964 0.966 0.975
543 1.000 1.000 1.000 0.994 0.969 0.956 0.905 0.929 0.988 0.916 0.988 0.993 0.979 1.000 0.998 0.984 0.992 1.000
544 1.000 1.000 0.994 0.997 0.992 0.979 0.962 0.968 0.982 0.970 0.984 0.995 0.982 0.995 0.993 0.975 0.993 0.975
545 1.000 0.996 0.977 0.958 0.952 0.827 0.906 0.907 0.840 0.863 0.926 0.994 0.911 0.959 0.962 0.897 0.950 0.930
546 1.000 0.993 0.932 0.927 0.953 0.782 0.756 0.842 0.806 0.799 0.889 0.954 0.777 0.946 0.948 0.859 0.946 0.954
547 1.000 0.994 0.956 0.959 0.955 0.893 0.869 0.891 0.824 0.844 0.940 0.979 0.908 0.957 0.961 0.872 0.948 0.935
548 1.000 0.892 0.882 0.660 0.913 0.601 0.600 0.728 0.613 0.634 0.632 0.733 0.787 0.755 0.887 0.767 0.654 0.923
549 1.000 0.938 0.898 0.677 0.652 0.648 0.638 0.746 0.656 0.683 0.711 0.804 0.787 0.829 0.902 0.841 0.881 0.942
550 1.000 0.998 0.996 0.935 0.933 0.895 0.869 0.935 0.917 0.903 0.905 0.999 0.912 0.935 0.923 0.980 0.916 0.886
551 1.000 1.000 0.996 0.994 0.976 0.949 0.878 0.931 0.980 0.932 0.978 0.995 0.972 0.995 0.992 0.984 0.985 0.994
552 1.000 0.996 0.982 0.996 0.966 0.946 0.903 0.924 0.959 0.928 0.932 0.990 0.943 0.992 0.996 0.942 0.969 0.974
553 1.000 0.996 0.939 0.942 0.936 0.901 0.910 0.901 0.922 0.897 0.949 0.944 0.920 0.939 0.964 0.917 0.975 0.993
554 1.000 0.946 0.945 0.353 0.366 0.250 0.212 0.417 0.301 0.256 0.894 0.983 0.232 0.373 0.337 0.825 0.319 0.972
555 1.000 1.000 1.000 0.997 0.996 0.996 0.989 0.987 0.997 0.982 1.000 0.977 0.997 0.998 0.998 0.997 0.997 0.895
556 1.000 0.996 0.974 0.994 0.967 0.876 0.699 0.837 0.929 0.877 0.858 0.980 0.856 0.992 0.992 0.929 0.949 0.951
557 1.000 0.996 0.958 0.972 0.973 0.949 0.881 0.933 0.961 0.945 0.967 0.977 0.945 0.966 0.964 0.903 0.949 0.750
558 1.000 0.999 0.997 0.999 0.999 0.992 0.988 0.989 0.994 0.992 0.996 1.000 0.989 0.996 0.996 0.982 0.995 0.994
559 1.000 0.994 0.956 0.921 0.929 0.872 0.871 0.928 0.870 0.893 0.941 0.968 0.874 0.950 0.972 0.901 0.935 0.966
560 1.000 0.999 0.956 0.965 0.947 0.946 0.938 0.944 0.939 0.919 0.959 0.955 0.958 0.964 0.969 0.939 0.972 0.964
561 1.000 0.995 0.965 0.975 0.980 0.956 0.862 0.938 0.962 0.946 0.970 0.982 0.957 0.967 0.965 0.879 0.952 0.915
562 1.000 1.000 1.000 1.000 1.000 1.000 0.999 0.999 1.000 0.999 1.000 1.000 1.000 1.000 1.000 1.000 1.000 1.000
563 1.000 0.998 0.994 0.968 0.953 0.912 0.894 0.959 0.924 0.930 0.963 0.993 0.908 0.992 0.993 0.967 0.978 0.936
564 1.000 0.998 0.914 0.916 0.915 0.855 0.813 0.846 0.895 0.846 0.917 0.952 0.894 0.936 0.943 0.923 0.943 0.965
565 1.000 0.991 0.972 0.972 0.934 0.904 0.881 0.904 0.931 0.901 0.959 0.988 0.936 0.973 0.978 0.941 0.963 0.999
566 1.000 0.996 0.963 0.980 0.985 0.960 0.878 0.940 0.968 0.954 0.974 0.979 0.959 0.968 0.967 0.871 0.955 0.918
567 1.000 0.997 0.991 0.985 0.991 0.903 0.962 0.956 0.914 0.926 0.966 0.998 0.900 0.991 0.991 0.961 0.973 0.989
568 1.000 0.998 0.994 0.983 0.993 0.911 0.964 0.961 0.922 0.932 0.970 0.995 0.911 0.992 0.993 0.966 0.981 0.993
569 1.000 1.000 0.998 0.998 0.997 0.995 0.988 0.992 0.994 0.991 0.997 0.998 0.996 0.998 0.998 0.996 0.998 0.997
570 1.000 0.993 0.985 0.960 0.937 0.928 0.949 0.948 0.891 0.911 0.970 0.984 0.984 0.986 0.996 0.942 0.983 0.953
571 1.000 0.999 0.998 0.994 0.986 0.965 0.886 0.939 0.990 0.960 0.990 0.997 0.986 0.996 0.991 0.983 0.981 0.991
572 1.000 0.999 0.993 0.999 0.968 0.958 0.931 0.959 0.979 0.967 0.984 0.999 0.980 0.993 0.997 0.987 0.996 1.000
573 1.000 0.995 0.896 0.942 0.861 0.840 0.843 0.870 0.756 0.786 0.928 0.976 0.837 0.904 0.907 0.672 0.883 0.896
574 1.000 0.997 0.961 0.974 0.976 0.951 0.853 0.932 0.964 0.942 0.967 0.978 0.957 0.965 0.965 0.891 0.954 0.923
575 1.000 0.998 0.958 0.957 0.963 0.930 0.917 0.925 0.891 0.890 0.954 0.977 0.940 0.961 0.964 0.925 0.956 0.965
576 1.000 0.985 0.927 0.960 0.964 0.949 0.927 0.919 0.947 0.910 0.976 0.987 0.947 0.936 0.938 0.851 0.974 0.988
577 1.000 0.985 0.927 0.872 0.936 0.751 0.820 0.870 0.763 0.811 0.853 0.982 0.806 0.933 0.944 0.890 0.911 0.903
578 1.000 0.978 0.966 0.735 0.711 0.660 0.601 0.625 0.680 0.644 0.660 0.988 0.643 0.754 0.689 0.874 0.654 0.928
579 1.000 0.996 0.978 0.994 0.960 0.882 0.706 0.835 0.939 0.884 0.931 0.983 0.868 0.990 0.994 0.928 0.939 0.945
580 1.000 0.996 0.979 0.996 0.955 0.873 0.680 0.825 0.931 0.871 0.915 0.982 0.852 0.994 0.992 0.917 0.957 0.953
581 1.000 0.994 0.985 0.922 0.992 0.898 0.880 0.947 0.911 0.916 0.947 0.996 0.894 0.992 0.992 0.960 0.974 0.991
582 1.000 0.996 0.971 0.985 0.983 0.950 0.923 0.932 0.944 0.926 0.962 0.985 0.955 0.977 0.981 0.905 0.982 0.934
583 1.000 0.998 0.954 0.940 0.942 0.919 0.895 0.916 0.924 0.911 0.942 0.958 0.921 0.957 0.958 0.940 0.951 0.947
584 1.000 0.994 0.958 0.975 0.983 0.950 0.902 0.939 0.961 0.947 0.970 0.984 0.947 0.967 0.966 0.895 0.954 0.926
585 1.000 0.999 0.999 0.998 0.986 0.973 0.946 0.975 0.978 0.975 0.979 1.000 0.972 0.998 0.997 0.993 0.991 0.995
586 1.000 0.995 0.959 0.966 0.972 0.954 0.842 0.930 0.960 0.945 0.965 0.973 0.959 0.964 0.965 0.869 0.950 0.919
587 1.000 0.964 0.916 0.927 0.928 0.571 0.530 0.669 0.715 0.563 0.776 0.966 0.654 0.939 0.928 0.848 0.860 0.942
588 1.000 0.992 0.986 0.924 0.991 0.901 0.883 0.948 0.915 0.918 0.949 0.994 0.897 0.993 0.994 0.960 0.974 0.990
589 1.000 1.000 1.000 1.000 0.998 0.994 0.992 0.995 0.997 0.993 0.995 1.000 0.994 1.000 0.998 0.998 0.995 0.997
590 1.000 1.000 0.996 0.996 0.994 0.992 0.974 0.988 0.994 0.991 0.996 0.996 0.992 0.997 0.998 0.992 0.993 0.991
591 1.000 0.996 0.991 0.999 0.964 0.931 0.880 0.918 0.959 0.930 0.957 0.999 0.938 0.992 0.997 0.979 0.984 0.985
592 1.000 0.991 0.899 0.915 0.734 0.730 0.713 0.808 0.757 0.749 0.849 0.977 0.739 0.906 0.925 0.814 0.900 0.965
593 1.000 0.994 0.966 0.978 0.983 0.953 0.872 0.939 0.957 0.947 0.970 0.987 0.950 0.970 0.969 0.872 0.953 0.921
594 1.000 0.998 0.995 0.963 0.961 0.955 0.952 0.950 0.959 0.953 0.953 0.989 0.963 0.965 0.962 0.978 0.954 0.993
595 1.000 0.987 0.964 0.956 0.974 0.736 0.721 0.808 0.800 0.758 0.876 0.968 0.804 0.971 0.962 0.938 0.936 0.990
596 1.000 0.997 0.991 0.995 0.978 0.965 0.941 0.949 0.966 0.936 0.987 0.995 0.975 0.995 0.997 0.979 0.989 0.993
597 1.000 0.995 0.975 0.973 0.977 0.931 0.887 0.917 0.953 0.917 0.950 0.980 0.934 0.983 0.981 0.978 0.965 0.994
598 1.000 0.998 0.853 0.674 0.651 0.649 0.631 0.771 0.670 0.703 0.755 0.925 0.645 0.927 0.947 0.830 0.924 0.974
599 1.000 1.000 0.999 0.992 0.988 0.998 0.983 0.989 0.993 0.982 0.993 0.997 0.994 0.995 0.993 0.989 0.990 0.977
600 1.000 0.996 0.979 0.996 0.966 0.879 0.703 0.839 0.935 0.887 0.940 0.984 0.857 0.996 0.996 0.921 0.959 0.952
601 1.000 0.999 0.993 0.994 0.990 0.962 0.934 0.957 0.968 0.958 0.973 0.992 0.963 0.994 0.993 0.970 0.995 0.993
602 1.000 0.993 0.951 0.952 0.906 0.898 0.891 0.902 0.884 0.871 0.938 0.976 0.910 0.971 0.973 0.935 0.958 0.996
603 1.000 0.991 0.908 0.879 0.734 0.726 0.695 0.790 0.771 0.741 0.835 0.986 0.738 0.909 0.927 0.900 0.888 0.990
604 1.000 1.000 1.000 0.998 0.993 0.983 0.946 0.980 0.990 0.978 0.987 0.999 0.985 0.998 0.991 0.991 0.984 0.994
605 1.000 0.997 0.991 0.994 0.988 0.985 0.968 0.968 0.946 0.945 0.994 0.996 0.996 0.988 0.991 0.963 0.987 0.992
606 1.000 0.977 0.931 0.927 0.839 0.662 0.584 0.674 0.731 0.656 0.747 0.969 0.665 0.943 0.855 0.860 0.792 0.910
607 1.000 0.998 0.993 0.991 0.999 0.906 0.963 0.960 0.917 0.929 0.967 0.999 0.934 0.993 0.995 0.967 0.985 0.995
608 1.000 0.994 0.966 0.948 0.903 0.882 0.795 0.883 0.903 0.906 0.921 0.973 0.886 0.965 0.971 0.914 0.949 0.999
609 1.000 1.000 0.998 0.998 0.991 0.977 0.957 0.973 0.995 0.979 0.993 0.997 0.987 0.998 0.997 0.997 0.991 0.992
