 accp4 accp4c accp4p ARC Cacheus Clock FIFO FIFO-Merge GDSF Hyperbolic LHD LIRS LeCaR QDLP S3FIFO S4LRU TwoQ WTinyLFU
1 0.921 0.950 0.922 1.000 0.988 0.997 0.936 0.952 0.999 0.995 0.973 0.875 0.995 1.000 0.988 0.993 0.956 0.869
2 0.952 0.943 0.930 0.941 0.925 0.917 0.903 0.916 0.884 0.869 0.968 0.970 0.946 0.932 0.932 0.893 0.940 1.000
3 0.959 0.966 0.963 0.983 0.996 0.997 0.969 0.951 0.965 0.966 0.983 0.976 1.000 0.983 0.982 0.982 0.967 0.913
4 0.960 0.943 0.926 0.908 0.903 0.885 0.875 0.906 0.933 0.896 0.928 0.958 0.932 0.925 0.934 0.873 0.917 1.000
5 0.960 0.952 0.930 0.905 0.917 0.916 0.862 0.871 0.834 0.804 0.915 0.949 0.915 0.911 0.912 0.871 0.943 1.000
6 0.961 0.949 0.927 0.904 0.930 0.903 0.891 0.898 0.926 0.910 0.937 0.961 0.935 0.910 0.920 0.875 0.940 1.000
7 0.965 0.956 0.935 0.901 0.904 0.934 0.908 0.930 0.919 0.940 0.945 1.000 0.957 0.935 0.931 0.907 0.949 0.998
8 0.967 0.960 0.959 0.932 0.919 0.943 0.912 0.936 0.947 0.928 0.966 0.976 0.937 0.938 0.939 0.942 0.923 1.000
9 0.968 0.950 0.933 0.956 0.982 0.923 0.882 0.929 0.931 0.925 0.936 0.986 0.892 0.934 0.936 0.895 0.928 1.000
10 0.968 0.999 0.996 0.968 0.985 0.969 0.943 0.958 1.000 0.988 0.968 0.849 0.979 0.980 0.998 0.994 0.962 0.856
11 0.969 0.962 0.961 0.948 0.949 0.954 0.924 0.948 0.958 0.945 0.972 0.976 0.946 0.954 0.942 0.943 0.931 1.000
12 0.969 0.951 0.936 0.946 0.987 0.941 0.888 0.929 0.955 0.916 0.934 0.986 0.926 0.950 0.948 0.880 0.906 1.000
13 0.973 0.966 0.964 0.952 0.928 0.961 0.935 0.948 0.964 0.947 0.976 0.982 0.956 0.957 0.950 0.947 0.939 1.000
14 0.974 1.000 0.770 0.733 0.631 0.662 0.616 0.725 0.689 0.689 0.758 0.856 0.680 0.775 0.770 0.795 0.714 0.854
15 0.974 0.963 0.966 0.983 0.987 0.968 0.924 0.934 0.945 0.918 0.970 0.988 0.976 0.974 0.978 0.979 0.960 1.000
16 0.974 0.959 0.955 0.957 0.984 0.943 0.913 0.932 0.957 0.916 0.942 0.979 0.950 0.965 0.963 0.974 0.938 1.000
17 0.975 0.951 0.941 0.949 0.922 0.851 0.820 0.875 0.867 0.855 0.888 1.000 0.806 0.927 0.901 0.829 0.880 0.974
18 0.975 0.978 0.975 0.991 0.984 0.997 0.989 0.973 0.987 0.978 0.960 0.981 1.000 0.987 0.982 0.980 0.990 0.920
19 0.978 0.989 0.973 0.978 0.966 0.993 0.984 0.974 1.000 0.998 0.985 0.912 0.998 0.974 0.996 0.992 0.986 0.857
20 0.978 0.976 0.968 0.973 0.964 0.966 0.939 0.950 0.971 0.947 0.975 0.989 0.973 0.978 0.974 0.978 0.958 1.000
21 0.978 0.965 0.955 0.958 0.940 0.928 0.868 0.911 0.962 0.921 0.931 0.967 0.948 0.954 0.958 0.945 0.923 1.000
22 0.978 0.979 0.977 0.993 0.996 0.995 0.978 0.984 1.000 0.995 0.994 0.966 0.995 0.973 0.985 0.996 0.989 0.969
23 0.979 0.966 0.962 0.968 0.950 0.958 0.926 0.948 0.968 0.937 0.962 0.986 0.965 0.975 0.974 0.978 0.948 1.000
24 0.979 0.983 0.981 0.998 1.000 0.997 0.983 0.971 0.982 0.967 0.999 0.980 0.999 0.994 0.990 0.987 0.991 0.974
25 0.979 0.976 0.970 0.962 0.965 0.947 0.942 0.940 0.967 0.943 0.971 0.956 0.964 0.966 0.967 0.961 0.986 1.000
26 0.980 0.972 0.965 0.977 0.983 0.966 0.943 0.934 0.964 0.939 0.977 0.980 0.978 0.973 0.976 0.958 0.964 1.000
27 0.981 0.952 0.950 0.367 0.355 0.362 0.341 0.557 0.365 0.385 0.366 1.000 0.360 0.368 0.359 0.865 0.343 0.998
28 0.981 0.964 0.927 0.936 0.920 0.910 0.859 0.917 0.942 0.907 0.924 0.980 0.953 0.938 0.935 0.892 0.916 1.000
29 0.981 0.971 0.970 0.955 0.932 0.946 0.922 0.946 0.946 0.964 0.968 0.988 0.938 0.954 0.940 0.944 0.932 1.000
30 0.982 0.990 0.989 0.994 0.991 0.991 0.991 0.992 0.982 0.991 1.000 0.963 0.991 0.988 0.989 0.992 0.991 0.957
31 0.982 0.973 0.972 0.960 0.947 0.951 0.931 0.952 0.952 0.967 0.969 0.993 0.956 0.960 0.952 0.951 0.938 1.000
32 0.984 0.986 0.983 0.997 0.998 0.997 0.988 0.983 0.988 0.984 0.955 0.981 1.000 0.989 0.988 0.983 0.988 0.953
33 0.984 0.987 0.982 0.983 0.987 0.982 0.970 0.959 0.973 0.957 0.991 0.990 0.988 0.986 0.985 0.977 0.984 1.000
34 0.984 0.980 0.977 0.943 0.951 0.943 0.911 0.968 0.942 0.959 0.965 1.000 0.937 0.952 0.948 0.955 0.931 0.997
35 0.985 0.975 0.974 0.970 0.948 0.960 0.932 0.959 0.961 0.973 0.970 0.989 0.962 0.969 0.957 0.955 0.943 1.000
36 0.985 0.990 0.990 0.999 0.995 0.997 0.994 0.984 0.990 0.987 1.000 0.977 1.000 0.996 0.994 0.990 0.996 0.954
37 0.985 0.973 0.973 0.963 0.953 0.959 0.945 0.958 0.960 0.966 0.970 0.989 0.964 0.962 0.969 0.955 0.955 1.000
38 0.985 0.992 0.992 0.999 0.996 1.000 0.972 0.996 1.000 0.999 0.999 0.972 1.000 0.999 0.997 1.000 0.983 0.948
39 0.985 0.993 0.990 0.995 0.982 0.993 0.988 0.988 0.992 0.992 1.000 0.970 0.996 0.993 0.990 0.993 0.993 0.940
40 0.985 0.978 0.977 0.969 0.951 0.957 0.918 0.950 0.957 0.965 0.961 0.993 0.954 0.966 0.946 0.956 0.929 1.000
41 0.985 0.988 0.987 1.000 0.965 0.973 0.934 0.965 0.983 0.957 0.981 0.948 0.984 0.994 0.979 0.973 0.953 0.903
42 0.985 0.991 0.989 0.996 0.997 0.997 0.991 0.989 0.993 0.992 1.000 0.970 0.997 0.992 0.989 0.994 0.994 0.950
43 0.986 0.986 0.985 1.000 0.984 0.999 0.981 0.983 0.986 0.983 0.983 0.991 0.997 0.993 0.984 0.991 0.975 0.957
44 0.986 0.980 0.970 0.961 0.960 0.944 0.911 0.921 0.972 0.927 0.971 0.963 0.956 0.970 0.978 0.967 0.961 1.000
45 0.986 0.977 0.976 0.992 0.982 0.986 0.972 0.977 0.991 0.997 0.997 0.990 1.000 0.992 0.994 0.959 0.981 0.989
46 0.986 0.992 0.992 1.000 0.995 0.997 0.992 0.982 0.991 0.985 1.000 0.980 1.000 0.997 0.994 0.993 0.995 0.958
47 0.986 0.991 0.989 0.998 0.986 0.998 0.993 0.990 0.995 0.993 0.996 0.987 1.000 0.992 0.991 0.989 0.995 0.973
48 0.986 0.977 0.975 0.966 0.943 0.958 0.935 0.955 0.959 0.970 0.972 0.993 0.959 0.967 0.963 0.954 0.947 1.000
49 0.986 0.973 0.918 0.915 0.930 0.876 0.840 0.872 0.923 0.831 0.926 0.945 0.934 0.918 0.919 0.879 0.917 1.000
50 0.987 0.987 0.984 0.998 1.000 0.991 0.956 0.964 0.986 0.967 0.991 0.993 0.995 0.991 0.989 0.994 0.978 0.971
51 0.987 0.993 0.986 1.000 0.993 0.989 0.952 0.961 0.987 0.964 0.988 0.987 0.999 0.996 0.992 0.998 0.980 0.953
52 0.987 0.981 0.980 0.960 0.942 0.958 0.929 0.955 0.958 0.969 0.971 0.996 0.959 0.960 0.959 0.959 0.942 1.000
53 0.987 0.989 0.986 0.992 0.995 0.995 0.992 0.984 0.992 0.988 0.969 0.984 1.000 0.988 0.989 0.988 0.994 0.958
54 0.987 0.981 0.979 0.969 0.945 0.963 0.937 0.959 0.962 0.975 0.972 0.995 0.963 0.967 0.962 0.959 0.947 1.000
55 0.987 0.980 0.970 0.957 0.958 0.946 0.917 0.921 0.972 0.927 0.973 0.965 0.960 0.972 0.979 0.968 0.967 1.000
56 0.987 0.990 0.989 0.999 0.993 0.997 0.991 0.978 0.984 0.977 1.000 0.992 0.998 0.996 0.995 0.994 0.997 0.986
57 0.987 0.983 0.975 0.995 0.992 0.978 0.956 0.937 0.973 0.932 0.991 0.990 0.990 0.983 0.977 0.967 0.981 1.000
58 0.987 0.981 0.980 0.970 0.939 0.964 0.942 0.955 0.967 0.965 0.970 0.995 0.972 0.970 0.969 0.956 0.952 1.000
59 0.987 0.981 0.982 0.986 0.995 0.973 0.939 0.958 0.981 0.959 0.978 0.991 0.981 0.988 0.986 0.984 0.966 1.000
60 0.988 0.982 0.983 0.988 0.995 0.974 0.941 0.959 0.980 0.959 0.979 0.991 0.979 0.988 0.987 0.985 0.968 1.000
61 0.988 0.991 0.985 1.000 0.989 0.987 0.939 0.962 0.987 0.966 0.988 0.987 0.999 0.996 0.993 0.997 0.973 0.909
62 0.988 0.993 0.986 0.999 0.994 0.991 0.949 0.958 0.986 0.963 0.990 0.988 1.000 0.998 0.992 0.999 0.977 0.949
63 0.988 0.980 0.979 0.977 0.954 0.966 0.945 0.963 0.972 0.979 0.978 0.995 0.976 0.976 0.970 0.961 0.955 1.000
64 0.988 0.980 0.979 0.971 0.967 0.963 0.939 0.962 0.962 0.978 0.978 0.996 0.971 0.968 0.967 0.961 0.950 1.000
65 0.988 0.990 0.983 0.999 0.991 0.989 0.945 0.960 0.988 0.966 0.988 0.983 1.000 0.996 0.993 0.998 0.978 0.954
66 0.988 0.992 0.984 0.999 0.994 0.990 0.953 0.961 0.987 0.965 0.988 0.986 1.000 0.998 0.994 0.998 0.976 0.898
67 0.988 0.978 0.977 0.975 0.953 0.966 0.956 0.963 0.968 0.980 0.981 0.997 0.971 0.975 0.977 0.957 0.966 1.000
68 0.988 0.982 0.981 0.969 0.956 0.961 0.952 0.962 0.962 0.976 0.979 0.994 0.970 0.969 0.968 0.961 0.961 1.000
69 0.988 0.982 0.981 0.972 0.949 0.963 0.937 0.962 0.963 0.975 0.972 0.996 0.967 0.970 0.962 0.959 0.947 1.000
70 0.988 0.979 0.978 0.969 0.951 0.955 0.937 0.958 0.956 0.968 0.972 0.992 0.955 0.968 0.956 0.959 0.944 1.000
71 0.988 0.976 0.976 0.789 0.788 0.758 0.754 0.847 0.774 0.775 0.948 1.000 0.757 0.791 0.777 0.936 0.762 0.994
72 0.988 0.988 0.985 1.000 0.993 0.994 0.927 0.955 0.999 0.980 0.987 0.987 0.998 0.998 0.987 0.977 0.975 0.973
73 0.988 0.989 0.982 1.000 0.992 0.986 0.949 0.959 0.983 0.961 0.987 0.984 1.000 0.994 0.991 0.996 0.975 0.957
74 0.989 0.981 0.980 0.967 0.961 0.962 0.933 0.961 0.963 0.971 0.970 0.995 0.967 0.968 0.959 0.960 0.945 1.000
75 0.989 0.990 0.985 1.000 0.994 0.990 0.952 0.961 0.987 0.966 0.989 0.986 0.999 0.996 0.993 0.998 0.977 0.960
76 0.989 0.982 0.981 0.974 0.961 0.965 0.944 0.962 0.966 0.981 0.977 0.997 0.966 0.973 0.964 0.959 0.950 1.000
77 0.989 0.992 0.992 0.998 0.994 0.997 0.983 0.988 0.997 0.993 0.999 0.985 1.000 0.994 0.992 0.996 0.991 0.971
78 0.989 0.983 0.982 0.973 0.954 0.963 0.946 0.956 0.963 0.970 0.975 0.996 0.965 0.970 0.970 0.960 0.955 1.000
79 0.989 0.979 0.978 0.962 0.934 0.949 0.932 0.951 0.952 0.966 0.968 0.995 0.948 0.962 0.951 0.952 0.939 1.000
80 0.989 0.989 0.985 0.997 1.000 0.991 0.956 0.960 0.984 0.965 0.990 0.992 0.995 0.989 0.985 0.995 0.978 0.965
81 0.989 0.992 0.986 0.997 0.990 0.988 0.944 0.961 0.989 0.964 0.989 0.986 1.000 0.999 0.996 0.999 0.975 0.960
82 0.989 0.994 0.987 0.999 0.996 0.991 0.954 0.962 0.987 0.965 0.991 0.986 0.999 0.998 0.995 1.000 0.978 0.954
83 0.990 1.000 0.974 0.973 0.956 0.967 0.927 0.944 0.970 0.956 0.951 0.941 0.968 0.970 0.952 0.969 0.926 0.893
84 0.990 0.983 0.982 0.968 0.950 0.963 0.935 0.958 0.963 0.969 0.970 0.994 0.959 0.968 0.959 0.961 0.947 1.000
85 0.990 0.981 0.981 0.977 0.966 0.968 0.936 0.962 0.969 0.978 0.974 0.995 0.974 0.974 0.965 0.962 0.949 1.000
86 0.990 0.979 0.978 0.977 0.959 0.969 0.939 0.964 0.968 0.981 0.979 0.994 0.966 0.976 0.966 0.961 0.950 1.000
87 0.990 0.993 0.986 0.997 0.994 0.993 0.950 0.959 0.986 0.966 0.990 0.988 1.000 0.999 0.993 1.000 0.977 0.951
88 0.990 0.984 0.983 0.968 0.943 0.965 0.936 0.960 0.965 0.971 0.974 0.994 0.964 0.967 0.964 0.961 0.948 1.000
89 0.990 0.993 0.987 0.999 0.993 0.989 0.950 0.962 0.988 0.966 0.990 0.986 1.000 0.998 0.995 0.998 0.976 0.959
90 0.990 0.981 0.980 0.967 0.949 0.961 0.942 0.962 0.964 0.976 0.978 0.994 0.969 0.968 0.966 0.959 0.953 1.000
91 0.990 0.984 0.983 0.974 0.960 0.962 0.940 0.962 0.964 0.973 0.975 0.997 0.970 0.974 0.968 0.966 0.951 1.000
92 0.990 0.981 0.980 0.975 0.969 0.964 0.947 0.965 0.964 0.979 0.977 0.993 0.967 0.974 0.967 0.960 0.956 1.000
93 0.990 0.985 0.982 0.981 0.982 0.967 0.943 0.893 0.962 0.892 0.988 0.978 0.977 0.986 0.985 0.975 0.975 1.000
94 0.990 0.992 0.986 1.000 0.995 0.987 0.949 0.959 0.986 0.964 0.989 0.987 0.999 0.997 0.994 0.997 0.978 0.957
95 0.990 0.992 0.985 1.000 0.992 0.989 0.951 0.962 0.988 0.966 0.989 0.984 0.999 0.997 0.996 0.999 0.980 0.961
96 0.990 0.996 0.994 0.999 1.000 0.999 0.985 0.980 0.994 0.978 0.999 0.987 1.000 0.996 0.994 1.000 0.993 0.971
97 0.990 0.994 0.994 0.998 1.000 0.999 0.991 0.989 0.995 0.990 0.999 0.981 1.000 0.995 0.992 0.998 0.995 0.935
98 0.990 0.979 0.978 0.963 0.929 0.954 0.947 0.958 0.954 0.972 0.974 0.995 0.950 0.958 0.963 0.951 0.957 1.000
99 0.991 0.980 0.980 0.970 0.944 0.962 0.948 0.958 0.963 0.972 0.974 0.995 0.967 0.968 0.966 0.960 0.956 1.000
100 0.991 0.990 0.988 0.951 0.933 0.959 0.958 0.994 0.985 0.985 0.996 0.958 0.959 0.969 0.976 0.976 0.975 1.000
101 0.991 0.994 0.988 1.000 0.991 0.990 0.946 0.961 0.990 0.966 0.989 0.982 1.000 0.997 0.994 0.998 0.977 0.951
102 0.991 0.993 0.987 1.000 0.994 0.991 0.955 0.964 0.987 0.966 0.990 0.986 1.000 0.996 0.995 0.999 0.978 0.889
103 0.991 0.991 0.988 0.999 1.000 0.994 0.959 0.971 0.994 0.981 0.995 0.996 0.996 0.993 0.990 0.997 0.983 0.982
104 0.991 0.995 0.990 0.999 0.997 0.993 0.953 0.964 0.991 0.970 0.991 0.987 1.000 0.998 0.993 1.000 0.983 0.904
105 0.991 0.997 0.995 1.000 0.996 0.997 0.960 0.969 0.994 0.981 0.994 0.991 0.999 0.999 0.996 0.999 0.984 0.968
106 0.991 0.983 0.982 0.967 0.946 0.958 0.946 0.959 0.958 0.976 0.981 0.997 0.980 0.964 0.976 0.961 0.957 1.000
107 0.991 0.996 0.995 0.997 1.000 1.000 0.987 0.987 0.995 0.985 0.999 0.984 1.000 0.995 0.994 0.999 0.993 0.969
108 0.991 0.991 0.991 0.999 0.994 0.996 0.990 0.993 0.995 0.995 0.997 0.997 1.000 0.998 0.998 0.998 0.991 0.982
109 0.991 0.975 0.973 0.936 0.922 0.924 0.892 0.952 0.929 0.930 0.913 0.999 0.913 0.937 0.905 0.958 0.895 1.000
110 0.991 0.995 0.989 1.000 0.992 0.989 0.951 0.961 0.990 0.966 0.992 0.988 0.999 1.000 0.997 1.000 0.978 0.955
111 0.991 0.993 0.988 0.999 0.990 0.988 0.946 0.961 0.991 0.969 0.988 0.983 1.000 0.998 0.995 0.998 0.972 0.912
112 0.991 0.977 0.902 0.899 0.922 0.869 0.833 0.864 0.913 0.820 0.918 0.945 0.926 0.912 0.911 0.880 0.916 1.000
113 0.992 0.992 0.991 0.999 0.999 1.000 0.949 0.978 1.000 0.999 0.999 0.991 1.000 0.999 1.000 0.992 0.974 0.986
114 0.992 0.994 0.993 0.996 0.999 1.000 0.994 0.997 1.000 0.999 0.999 0.979 1.000 0.997 0.999 0.998 0.997 0.960
115 0.992 0.980 0.979 0.972 0.944 0.965 0.943 0.962 0.965 0.976 0.976 0.996 0.971 0.971 0.966 0.960 0.953 1.000
116 0.992 0.987 0.978 0.996 0.996 0.982 0.963 0.938 0.976 0.934 0.993 0.994 0.993 0.987 0.980 0.972 0.986 1.000
117 0.992 0.992 0.987 0.996 1.000 0.992 0.953 0.971 0.993 0.972 0.993 0.995 0.999 0.994 0.991 0.997 0.978 0.976
118 0.992 0.991 0.982 0.978 0.982 0.968 0.934 0.942 0.982 0.948 0.977 0.977 0.976 0.980 0.982 0.982 0.974 1.000
119 0.992 1.000 0.988 0.988 0.988 0.974 0.934 0.952 0.981 0.967 0.975 0.989 0.976 0.988 0.983 0.983 0.966 0.984
120 0.992 0.990 0.988 0.991 0.992 0.987 0.977 0.970 0.977 0.971 0.988 0.994 0.991 0.992 0.990 0.985 0.989 1.000
121 0.992 0.997 0.995 0.996 0.996 0.997 0.984 0.986 1.000 0.991 0.993 0.977 0.996 0.993 0.998 0.994 0.988 0.953
122 0.992 0.986 0.985 0.980 0.938 0.973 0.949 0.963 0.974 0.972 0.976 0.999 0.979 0.981 0.972 0.971 0.958 1.000
123 0.992 0.983 0.982 0.968 0.957 0.965 0.945 0.962 0.965 0.973 0.977 0.999 0.965 0.969 0.968 0.962 0.955 1.000
124 0.992 0.998 0.994 0.999 1.000 0.999 0.983 0.976 0.993 0.972 0.999 0.991 0.999 0.998 0.997 0.999 0.992 0.973
125 0.992 0.986 0.975 0.985 0.973 0.984 0.983 0.974 0.981 0.979 0.989 0.990 0.992 0.977 0.984 0.986 0.987 1.000
126 0.992 0.992 0.989 0.991 0.990 0.987 0.977 0.969 0.977 0.970 0.989 0.991 0.992 0.994 0.992 0.987 0.991 1.000
127 0.992 0.987 0.978 0.979 0.979 0.965 0.942 0.932 0.980 0.938 0.984 0.975 0.975 0.979 0.985 0.977 0.976 1.000
128 0.993 0.995 0.995 0.998 0.996 0.998 0.988 0.989 0.995 0.993 0.999 0.986 1.000 0.996 0.995 0.996 0.994 0.971
129 0.993 0.987 0.974 0.982 0.965 0.954 0.902 0.893 0.951 0.918 0.978 0.980 0.972 0.977 0.973 0.966 0.955 1.000
130 0.993 0.986 0.978 0.975 0.986 0.960 0.929 0.935 0.974 0.934 0.979 0.977 0.970 0.977 0.984 0.974 0.964 1.000
131 0.993 0.991 0.986 0.961 0.977 0.983 0.953 0.978 0.985 0.971 0.983 0.994 0.988 0.977 0.988 0.971 0.970 1.000
132 0.993 0.978 0.936 0.979 0.986 0.936 0.894 0.924 0.899 0.916 0.959 0.993 0.983 0.940 0.949 0.876 0.937 1.000
133 0.993 0.988 0.980 0.979 0.979 0.965 0.937 0.933 0.978 0.934 0.982 0.980 0.977 0.979 0.985 0.976 0.975 1.000
134 0.993 0.994 0.993 0.997 0.998 0.998 0.992 0.994 0.997 0.996 1.000 0.990 1.000 0.994 0.994 0.996 0.995 0.976
135 0.993 0.996 0.990 0.999 0.992 0.992 0.949 0.962 0.992 0.968 0.990 0.984 1.000 0.999 0.997 1.000 0.978 0.955
136 0.993 0.988 0.980 0.977 0.988 0.960 0.935 0.937 0.977 0.935 0.983 0.976 0.970 0.981 0.988 0.975 0.971 1.000
137 0.993 0.994 0.994 0.999 0.996 1.000 0.970 0.990 0.999 0.995 0.997 0.986 0.999 0.999 0.998 0.997 0.983 0.976
138 0.994 1.000 0.974 0.997 0.979 0.997 0.967 0.981 0.998 0.995 0.969 0.947 0.995 0.997 0.995 0.983 0.974 0.911
139 0.994 0.985 0.982 0.987 0.993 0.970 0.941 0.960 0.980 0.958 0.977 0.992 0.978 0.987 0.983 0.984 0.962 1.000
140 0.994 0.986 0.983 0.985 0.993 0.970 0.940 0.958 0.982 0.958 0.978 0.992 0.976 0.986 0.985 0.984 0.964 1.000
141 0.994 0.997 0.992 1.000 0.959 0.990 0.942 0.983 0.998 0.986 0.982 0.982 0.998 1.000 0.987 0.992 0.960 0.967
142 0.994 0.997 0.997 1.000 0.995 1.000 0.928 0.977 1.000 0.998 0.998 0.989 0.999 1.000 0.995 0.995 0.960 0.984
143 0.994 0.994 0.994 0.993 0.990 0.999 0.959 0.984 0.991 0.987 0.995 0.984 1.000 0.993 0.991 0.991 0.976 0.973
144 0.994 0.996 0.995 0.999 0.997 0.999 0.987 0.990 0.996 0.994 1.000 0.988 1.000 0.997 0.996 0.998 0.994 0.973
145 0.994 0.996 0.995 0.998 0.997 1.000 0.993 0.994 0.998 0.997 0.999 0.991 1.000 0.997 0.997 0.997 0.995 0.982
146 0.994 0.996 0.996 0.997 0.999 1.000 0.959 0.986 1.000 0.999 0.999 0.988 0.999 0.998 0.996 0.998 0.980 0.984
147 0.994 0.997 0.997 0.998 0.998 0.999 0.960 0.983 1.000 0.997 0.996 0.988 1.000 0.997 0.997 1.000 0.986 0.976
148 0.994 0.996 0.992 1.000 1.000 0.998 0.962 0.978 0.995 0.985 0.995 0.983 0.997 0.998 0.991 0.985 0.976 0.961
149 0.994 1.000 0.997 0.998 0.990 0.977 0.944 0.940 0.990 0.954 0.969 0.996 0.987 0.998 0.995 0.997 0.963 0.984
150 0.994 0.996 0.994 0.997 0.989 0.996 0.995 0.991 0.992 0.988 1.000 0.984 0.997 0.996 0.995 0.995 0.997 0.967
151 0.994 0.996 0.995 0.999 1.000 0.998 0.987 0.981 0.990 0.978 0.999 0.995 0.999 0.999 0.998 0.999 0.996 0.956
152 0.994 0.996 0.996 0.997 0.998 0.997 0.990 0.991 0.995 0.995 1.000 0.991 0.998 0.997 0.996 0.996 0.994 0.971
153 0.994 0.993 0.992 0.999 0.990 0.997 0.984 0.993 0.995 0.992 0.991 0.994 0.991 1.000 0.992 0.990 0.986 0.984
154 0.995 0.985 0.984 0.977 0.966 0.974 0.946 0.969 0.972 0.974 0.977 1.000 0.975 0.977 0.970 0.969 0.956 1.000
155 0.995 0.993 0.989 0.992 0.993 0.987 0.971 0.969 0.977 0.964 0.990 0.995 0.992 0.992 0.991 0.987 0.988 1.000
156 0.995 0.996 0.994 0.997 0.997 0.997 0.995 0.991 0.993 0.989 1.000 0.983 0.997 0.996 0.995 0.996 0.996 0.967
157 0.995 0.995 0.994 0.997 0.998 0.998 0.995 0.993 0.995 0.995 0.997 0.994 1.000 0.997 0.996 0.996 0.997 0.961
158 0.995 1.000 0.907 0.944 0.913 0.919 0.902 0.865 0.920 0.937 0.939 0.871 0.989 0.944 0.956 0.909 0.921 0.818
159 0.995 0.988 0.987 0.984 0.954 0.978 0.950 0.974 0.976 0.980 0.981 0.997 0.983 0.984 0.973 0.969 0.960 1.000
160 0.995 0.993 0.986 0.996 1.000 0.983 0.963 0.971 0.973 0.968 0.994 1.000 0.998 0.985 0.991 0.980 0.990 0.989
161 0.995 1.000 0.990 0.992 0.976 0.986 0.912 0.969 0.989 0.987 0.983 0.962 0.981 0.992 0.983 0.986 0.938 0.945
162 0.995 0.996 0.986 1.000 0.998 0.996 0.966 0.979 0.998 0.991 0.998 0.996 1.000 0.993 0.990 1.000 0.987 0.974
163 0.995 0.997 0.993 0.997 0.998 0.999 0.951 0.969 0.995 0.981 0.995 0.994 1.000 0.997 0.992 0.999 0.980 0.988
164 0.995 0.998 0.996 0.999 1.000 1.000 0.979 0.988 0.996 0.995 0.999 0.995 1.000 0.997 0.997 0.999 0.991 0.978
165 0.995 0.995 0.995 0.997 0.997 0.999 0.992 0.995 0.998 0.997 1.000 0.991 1.000 0.996 0.997 0.998 0.995 0.972
166 0.995 0.996 0.994 0.999 0.999 0.999 0.997 0.992 0.994 0.991 1.000 0.986 0.998 0.997 0.996 0.997 0.998 0.967
167 0.995 0.997 0.995 0.997 0.989 0.997 0.995 0.991 0.994 0.989 1.000 0.984 0.997 0.996 0.996 0.996 0.997 0.973
168 0.995 0.995 0.990 0.996 0.999 0.999 0.990 0.988 0.993 0.990 0.997 0.988 1.000 0.995 0.992 0.996 0.992 0.915
169 0.995 0.996 0.989 1.000 0.999 0.995 0.956 0.962 0.989 0.976 0.996 1.000 1.000 0.995 0.992 0.997 0.983 0.986
170 0.995 0.996 0.991 0.997 0.994 0.999 0.988 0.989 0.994 0.991 0.998 0.988 1.000 0.994 0.993 0.997 0.988 0.913
171 0.995 0.997 0.995 0.998 0.991 0.998 0.996 0.992 0.994 0.990 1.000 0.986 0.998 0.997 0.996 0.997 0.997 0.969
172 0.995 0.997 0.996 1.000 0.997 0.997 0.994 0.990 0.998 0.997 0.996 0.985 0.998 1.000 0.999 0.996 0.996 0.980
173 0.995 0.997 0.995 0.995 0.989 0.988 0.954 0.936 0.969 0.919 0.996 0.984 0.994 1.000 0.999 0.990 0.981 0.990
174 0.995 0.996 0.991 0.997 0.993 0.999 0.989 0.988 0.994 0.991 0.998 0.988 1.000 0.995 0.993 0.996 0.988 0.929
175 0.996 0.996 0.995 0.997 0.999 0.999 0.993 0.995 0.998 0.997 1.000 0.992 1.000 0.996 0.996 0.998 0.996 0.975
176 0.996 0.996 0.990 0.997 1.000 0.998 0.989 0.989 0.994 0.990 0.997 0.988 0.999 0.995 0.992 0.996 0.987 0.930
177 0.996 0.997 0.995 0.998 0.991 0.997 0.995 0.991 0.993 0.990 1.000 0.986 0.997 0.997 0.996 0.997 0.997 0.971
178 0.996 0.997 0.995 0.997 0.988 0.996 0.994 0.991 0.994 0.990 1.000 0.984 0.996 0.996 0.995 0.996 0.996 0.965
179 0.996 0.996 0.996 0.997 0.996 0.998 0.995 0.996 0.996 0.996 1.000 0.991 0.999 0.997 0.996 0.996 0.997 0.968
180 0.996 0.997 0.995 0.994 0.996 0.996 0.981 0.988 1.000 0.997 0.989 0.992 0.999 0.998 0.997 0.999 0.988 0.984
181 0.996 0.997 0.996 0.999 0.997 0.998 0.986 0.984 0.995 0.982 0.998 0.994 1.000 0.997 0.997 0.999 0.994 0.986
182 0.996 0.997 0.995 0.997 0.997 0.997 0.995 0.991 0.994 0.990 1.000 0.989 0.998 0.997 0.996 0.997 0.996 0.977
183 0.996 0.997 0.996 1.000 0.995 0.996 0.981 0.987 0.995 0.993 0.993 0.993 0.996 0.998 0.996 0.995 0.988 0.989
184 0.996 0.997 0.995 0.998 0.991 0.997 0.996 0.993 0.995 0.993 1.000 0.988 0.997 0.997 0.996 0.997 0.997 0.966
185 0.996 1.000 0.790 0.754 0.637 0.679 0.628 0.746 0.708 0.707 0.768 0.877 0.690 0.773 0.778 0.820 0.734 0.875
186 0.996 0.997 0.997 0.997 0.997 0.999 0.995 0.997 0.998 0.998 1.000 0.985 1.000 0.997 0.997 0.998 0.997 0.935
187 0.996 0.996 0.996 1.000 0.997 1.000 0.996 0.998 1.000 0.999 0.998 0.996 1.000 1.000 1.000 0.996 0.997 0.993
188 0.996 0.997 0.996 0.998 0.992 0.998 0.996 0.992 0.994 0.991 1.000 0.987 0.998 0.997 0.996 0.997 0.997 0.971
189 0.996 0.997 0.995 0.997 0.982 0.998 0.988 0.989 0.998 0.992 0.962 0.990 1.000 0.996 0.993 0.995 0.992 0.970
190 0.996 0.997 0.995 0.998 0.998 0.997 0.995 0.991 0.994 0.990 1.000 0.985 0.997 0.997 0.996 0.997 0.997 0.970
191 0.996 0.997 0.995 1.000 0.997 1.000 0.991 0.986 0.994 0.984 1.000 0.981 1.000 0.998 0.997 1.000 0.994 0.919
192 0.996 0.997 0.992 0.999 0.991 1.000 0.987 0.989 0.994 0.991 0.999 0.989 1.000 0.995 0.994 0.997 0.988 0.930
193 0.996 0.999 0.998 1.000 0.998 0.998 0.972 0.986 0.995 0.994 0.998 0.997 0.999 0.997 0.996 0.999 0.989 0.985
194 0.996 0.996 0.994 0.997 0.997 0.991 0.979 0.967 0.969 0.959 1.000 0.995 0.997 1.000 0.995 0.989 0.995 0.996
195 0.996 0.997 0.995 0.999 0.995 0.999 0.981 0.985 0.992 0.981 0.997 0.991 1.000 0.999 0.999 1.000 0.990 0.958
196 0.996 0.998 0.996 0.999 0.993 0.998 0.996 0.992 0.995 0.992 1.000 0.985 0.999 0.998 0.997 0.998 0.997 0.970
197 0.996 0.998 0.996 0.998 0.993 0.998 0.996 0.992 0.995 0.991 1.000 0.987 0.998 0.998 0.997 0.998 0.997 0.971
198 0.996 0.997 0.997 1.000 0.998 0.998 0.990 0.987 0.997 0.987 0.999 0.990 1.000 0.998 0.998 0.998 0.994 0.973
199 0.996 0.997 0.997 1.000 0.997 0.996 0.985 0.987 0.996 0.988 0.999 0.994 0.999 1.000 1.000 0.997 0.996 0.995
200 0.996 0.997 0.987 0.995 0.996 0.999 0.978 0.978 0.998 0.995 0.997 0.984 1.000 0.990 0.989 0.994 0.985 0.961
201 0.996 0.998 0.997 0.998 1.000 0.999 0.952 0.986 0.999 0.998 0.998 0.992 1.000 0.998 0.997 0.999 0.979 0.986
202 0.996 0.999 0.999 0.998 0.999 0.998 0.948 0.976 1.000 0.991 0.996 0.989 1.000 0.999 0.998 1.000 0.977 0.979
203 0.996 0.997 0.995 0.998 0.991 0.998 0.996 0.992 0.994 0.991 1.000 0.986 0.998 0.997 0.996 0.997 0.997 0.971
204 0.996 0.996 0.985 1.000 0.997 0.991 0.958 0.950 0.981 0.949 0.994 0.995 0.996 0.992 0.984 0.992 0.990 0.985
205 0.996 0.998 0.997 0.999 1.000 0.998 0.989 0.989 0.997 0.988 0.999 0.992 1.000 0.999 0.999 0.999 0.994 0.975
206 0.996 0.997 0.995 0.997 0.998 0.997 0.995 0.992 0.995 0.990 1.000 0.986 0.998 0.997 0.997 0.997 0.997 0.960
207 0.996 0.997 0.996 0.998 1.000 0.998 0.950 0.982 0.997 0.996 1.000 0.996 0.999 0.997 0.996 0.996 0.979 0.997
208 0.996 0.997 0.996 0.997 0.999 1.000 0.956 0.986 1.000 0.999 0.999 0.995 1.000 0.997 1.000 0.999 0.982 0.993
209 0.996 0.996 0.996 0.998 0.997 0.997 0.965 0.985 0.999 0.996 1.000 0.996 1.000 0.996 0.998 0.997 0.988 0.999
210 0.996 0.998 0.998 1.000 0.999 1.000 0.988 0.997 1.000 0.998 0.999 0.993 1.000 1.000 0.999 0.999 0.992 0.977
211 0.996 0.998 0.996 0.997 0.989 0.997 0.994 0.990 0.993 0.987 1.000 0.986 0.997 0.997 0.996 0.997 0.996 0.973
212 0.996 0.997 0.996 1.000 0.995 0.998 0.949 0.972 0.999 0.998 0.995 0.990 0.996 1.000 0.997 0.994 0.975 0.983
213 0.997 0.997 0.994 0.999 1.000 0.994 0.962 0.976 0.996 0.989 0.997 0.997 0.997 0.991 0.988 0.998 0.984 0.981
214 0.997 0.997 0.992 0.997 0.992 0.999 0.989 0.990 0.994 0.991 0.998 0.988 1.000 0.996 0.993 0.997 0.990 0.931
215 0.997 0.999 0.998 0.998 0.997 0.995 0.952 0.975 0.998 0.984 0.993 0.996 0.999 1.000 0.998 0.999 0.980 0.988
216 0.997 0.990 0.988 0.991 0.994 0.976 0.945 0.965 0.987 0.964 0.982 0.995 0.986 0.992 0.989 0.989 0.969 1.000
217 0.997 0.998 0.996 0.999 0.993 0.998 0.996 0.992 0.995 0.991 1.000 0.987 0.998 0.997 0.996 0.997 0.998 0.971
218 0.997 0.998 0.995 0.998 0.992 0.998 0.996 0.992 0.994 0.991 1.000 0.987 0.997 0.997 0.996 0.997 0.997 0.960
219 0.997 0.997 0.996 0.998 0.992 0.998 0.995 0.992 0.994 0.990 1.000 0.988 0.998 0.998 0.997 0.997 0.997 0.972
220 0.997 0.998 0.994 0.996 0.999 0.997 0.985 0.989 0.994 0.992 1.000 0.986 1.000 0.997 0.996 0.996 0.995 0.974
221 0.997 0.997 0.985 0.989 0.999 0.999 0.989 0.986 0.999 0.999 1.000 0.977 1.000 0.985 0.998 0.938 0.995 0.949
222 0.997 0.997 0.995 0.998 1.000 0.995 0.958 0.968 0.997 0.980 0.996 0.995 0.999 0.993 0.987 0.999 0.983 0.973
223 0.997 0.998 0.997 0.999 0.999 0.999 0.998 0.993 0.995 0.992 1.000 0.986 0.999 0.998 0.997 0.998 0.999 0.968
224 0.997 0.998 0.995 0.996 0.989 0.997 0.994 0.991 0.994 0.989 1.000 0.984 0.997 0.996 0.996 0.996 0.996 0.970
225 0.997 0.998 0.995 0.997 0.997 0.997 0.995 0.992 0.994 0.989 1.000 0.985 0.998 0.996 0.996 0.996 0.996 0.972
226 0.997 0.998 0.998 0.998 0.999 0.999 0.990 0.996 0.999 0.998 0.999 0.988 1.000 0.998 0.998 0.999 0.994 0.970
227 0.997 0.999 0.998 0.997 0.994 0.996 0.952 0.983 0.999 0.995 0.995 0.994 1.000 0.999 0.998 0.999 0.986 0.976
228 0.997 0.997 0.997 0.998 0.999 0.999 0.995 0.996 0.998 0.998 1.000 0.991 1.000 0.998 0.997 0.998 0.997 0.969
229 0.997 0.997 0.994 0.999 1.000 0.991 0.959 0.974 0.998 0.989 0.997 0.995 0.999 0.990 0.984 0.999 0.984 0.982
230 0.997 0.998 0.996 0.998 0.992 0.997 0.995 0.993 0.995 0.992 1.000 0.986 0.998 0.997 0.997 0.997 0.997 0.972
231 0.997 0.998 0.997 0.998 0.998 1.000 0.991 0.992 0.997 0.996 1.000 0.991 1.000 0.997 0.996 0.998 0.995 0.979
232 0.997 0.998 0.995 0.999 0.989 0.997 0.985 0.989 0.994 0.992 1.000 0.986 0.999 0.997 0.997 0.996 0.994 0.967
233 0.997 0.999 0.998 1.000 0.988 0.973 0.925 0.945 0.999 0.960 0.963 0.993 0.990 1.000 0.999 0.999 0.956 0.988
234 0.997 1.000 0.915 0.979 0.962 0.979 0.906 0.887 0.979 0.976 0.958 0.887 0.978 0.979 0.964 0.929 0.928 0.822
235 0.997 1.000 0.990 0.991 0.972 0.987 0.905 0.970 0.989 0.987 0.980 0.963 0.978 0.991 0.978 0.987 0.934 0.952
236 0.997 0.997 0.997 0.998 0.998 0.998 0.996 0.997 0.997 0.997 1.000 0.993 0.999 0.997 0.997 0.997 0.997 0.969
237 0.997 0.999 0.998 0.999 0.997 0.997 0.955 0.981 0.999 0.993 0.995 0.995 0.999 0.998 0.997 1.000 0.987 0.989
238 0.997 0.997 0.996 0.998 0.999 0.999 0.984 0.994 0.998 0.997 0.997 0.993 1.000 0.998 0.997 0.997 0.990 0.972
239 0.997 0.998 0.998 0.999 1.000 1.000 0.985 0.996 1.000 0.999 0.999 0.997 0.999 0.999 0.999 0.998 0.992 0.995
240 0.997 0.998 0.990 0.997 0.997 1.000 0.980 0.978 0.999 0.997 0.997 0.980 1.000 0.996 0.997 0.998 0.988 0.954
241 0.997 0.999 0.996 0.999 0.993 0.991 0.951 0.964 0.993 0.967 0.989 0.996 0.999 1.000 0.999 0.996 0.982 0.988
242 0.997 0.997 0.996 0.999 0.999 0.998 0.994 0.993 0.992 0.982 1.000 0.999 0.999 0.999 0.998 0.999 0.997 0.996
243 0.997 0.991 0.987 0.997 0.998 0.981 0.936 0.963 0.984 0.962 0.980 0.999 0.988 0.994 0.991 0.989 0.972 1.000
244 0.997 0.999 0.998 0.993 0.994 0.990 0.938 0.964 0.999 0.972 0.990 0.991 0.999 1.000 0.999 0.997 0.978 0.986
245 0.997 0.987 0.983 0.985 0.994 0.974 0.934 0.954 0.984 0.960 0.980 0.993 0.988 0.989 0.987 0.986 0.963 1.000
246 0.997 0.999 0.999 0.997 0.998 0.999 0.993 0.998 1.000 1.000 1.000 0.987 1.000 0.999 0.999 1.000 0.997 0.976
247 0.997 0.998 0.996 0.998 0.991 0.998 0.996 0.992 0.994 0.991 1.000 0.986 0.998 0.997 0.996 0.997 0.996 0.972
248 0.997 0.998 0.997 0.999 0.998 1.000 0.985 0.993 0.999 0.997 0.999 0.997 1.000 0.997 0.997 0.998 0.992 0.990
249 0.997 0.998 0.997 0.999 0.994 0.998 0.996 0.993 0.995 0.992 1.000 0.988 0.999 0.998 0.997 0.998 0.997 0.974
250 0.997 0.998 0.997 0.999 0.999 0.999 0.991 0.992 0.997 0.995 1.000 0.995 1.000 0.998 0.998 0.998 0.995 0.967
251 0.997 0.998 0.997 0.998 1.000 1.000 0.982 0.991 0.998 0.994 0.999 0.996 1.000 0.997 0.996 0.999 0.991 0.985
252 0.997 0.998 0.998 1.000 1.000 1.000 0.987 0.997 1.000 1.000 0.999 0.996 1.000 1.000 1.000 0.998 0.993 0.992
253 0.997 0.998 0.996 0.998 0.992 0.998 0.995 0.992 0.995 0.991 1.000 0.989 0.998 0.998 0.997 0.997 0.997 0.978
254 0.997 0.998 0.998 0.998 0.999 1.000 0.994 0.998 0.999 0.999 1.000 0.988 1.000 0.998 0.999 0.999 0.996 0.968
255 0.997 0.994 0.848 0.717 0.672 0.689 0.665 0.832 0.711 0.725 0.888 1.000 0.679 0.787 0.790 0.914 0.845 0.976
256 0.997 0.997 0.996 0.997 0.997 0.998 0.967 0.987 0.998 0.996 0.999 0.997 1.000 0.996 0.998 0.998 0.985 0.994
257 0.997 0.998 0.997 0.997 0.991 0.997 0.995 0.992 0.995 0.991 1.000 0.987 0.998 0.997 0.997 0.998 0.997 0.974
258 0.997 0.998 0.997 0.998 0.993 0.998 0.996 0.994 0.996 0.993 1.000 0.989 0.999 0.998 0.997 0.997 0.997 0.976
259 0.997 0.998 0.993 0.997 0.993 1.000 0.984 0.989 0.994 0.992 0.999 0.988 1.000 0.996 0.994 0.998 0.989 0.931
260 0.997 1.000 0.998 0.999 0.998 0.997 0.953 0.975 0.998 0.989 0.997 0.996 1.000 0.999 0.998 0.999 0.985 0.992
261 0.997 0.992 0.987 0.999 1.000 0.987 0.954 0.968 0.989 0.972 0.990 0.994 0.994 0.993 0.995 0.996 0.978 0.989
262 0.997 0.999 0.998 1.000 0.998 1.000 0.988 0.993 0.999 0.998 1.000 0.994 1.000 0.999 0.999 0.999 0.994 0.981
263 0.997 0.998 0.997 0.998 0.991 0.998 0.995 0.992 0.995 0.991 1.000 0.988 0.998 0.998 0.997 0.998 0.997 0.960
264 0.997 0.998 0.996 0.997 0.988 0.996 0.993 0.991 0.995 0.990 1.000 0.986 0.997 0.997 0.996 0.996 0.996 0.973
265 0.997 0.998 0.997 1.000 0.997 0.998 0.964 0.987 0.997 0.993 0.996 0.994 1.000 0.999 0.998 1.000 0.986 0.981
266 0.997 0.999 0.990 0.994 0.991 0.984 0.948 0.952 0.989 0.959 0.987 0.990 0.988 0.992 0.994 0.993 0.983 1.000
267 0.997 1.000 0.998 0.998 0.996 0.994 0.960 0.974 0.997 0.981 0.993 1.000 0.999 1.000 0.998 1.000 0.983 0.988
268 0.997 0.999 0.999 0.999 0.986 0.982 0.892 0.950 0.997 0.968 0.975 0.998 0.996 1.000 0.996 0.995 0.961 0.993
269 0.997 0.998 0.997 0.998 0.992 0.999 0.996 0.992 0.995 0.992 1.000 0.986 0.998 0.998 0.997 0.998 0.998 0.969
270 0.997 1.000 0.998 0.997 0.991 0.985 0.956 0.952 0.987 0.967 0.983 0.993 0.987 0.998 0.987 0.994 0.969 0.980
271 0.997 0.998 0.997 0.996 0.999 0.999 0.970 0.987 1.000 0.999 0.998 0.991 0.999 0.998 0.998 0.999 0.988 0.986
272 0.997 0.999 0.997 0.998 0.992 0.998 0.995 0.993 0.995 0.991 1.000 0.986 0.998 0.998 0.997 0.998 0.997 0.970
273 0.998 0.999 0.998 0.999 1.000 0.999 0.989 0.993 0.999 0.996 0.999 0.995 1.000 0.999 0.999 0.999 0.995 0.987
274 0.998 0.998 0.998 0.998 0.997 0.998 0.996 0.997 0.997 0.997 1.000 0.993 1.000 0.998 0.997 0.997 0.998 0.970
275 0.998 0.998 0.996 0.997 0.993 0.998 0.988 0.989 0.996 0.990 0.998 0.994 1.000 0.996 0.994 0.993 0.993 0.994
276 0.998 0.998 0.998 0.999 0.999 1.000 0.997 0.998 0.999 0.999 0.999 0.996 1.000 0.999 0.999 1.000 0.998 0.982
277 0.998 0.998 0.997 0.999 1.000 0.998 0.962 0.983 1.000 0.995 0.996 0.997 1.000 0.997 0.996 1.000 0.987 0.994
278 0.998 1.000 0.999 1.000 0.999 0.995 0.960 0.981 0.999 0.993 0.993 0.993 0.999 0.999 0.998 1.000 0.978 0.986
279 0.998 0.998 0.997 0.997 0.998 0.998 0.989 0.996 0.997 0.997 1.000 0.998 0.999 0.997 0.997 0.997 0.993 0.998
280 0.998 0.997 0.995 0.999 0.999 0.993 0.964 0.973 0.998 0.991 0.998 0.996 0.997 0.992 0.984 1.000 0.985 0.980
281 0.998 0.999 0.998 0.999 1.000 0.999 0.996 0.997 1.000 0.999 0.999 0.994 1.000 0.999 0.999 0.999 0.997 0.982
282 0.998 1.000 0.980 0.979 0.970 0.977 0.939 0.962 0.979 0.975 0.972 0.977 0.970 0.980 0.967 0.964 0.957 0.957
283 0.998 0.999 0.998 0.997 0.995 0.997 0.990 0.994 0.995 0.993 1.000 0.985 0.999 0.997 0.995 0.998 0.992 0.960
284 0.998 0.997 0.997 0.997 0.995 0.997 0.991 0.996 0.997 0.997 0.998 0.999 0.998 0.998 0.999 0.998 0.994 1.000
285 0.998 1.000 0.999 0.999 0.998 0.995 0.953 0.984 0.998 0.992 0.994 0.999 0.997 1.000 0.998 0.999 0.982 0.993
286 0.998 1.000 0.998 1.000 0.997 0.997 0.973 0.982 0.998 0.986 0.997 0.995 1.000 0.999 0.999 1.000 0.989 0.975
287 0.998 0.999 0.998 0.999 0.992 0.980 0.892 0.946 0.998 0.965 0.973 0.998 0.995 1.000 0.997 0.993 0.959 0.994
288 0.998 0.998 0.998 0.999 0.998 0.999 0.990 0.993 0.998 0.996 1.000 0.995 1.000 0.998 0.998 0.998 0.995 0.970
289 0.998 0.999 0.997 0.998 0.991 0.998 0.996 0.992 0.995 0.991 1.000 0.987 0.998 0.998 0.997 0.998 0.997 0.975
290 0.998 0.997 0.997 0.993 0.988 0.989 0.988 0.990 0.990 0.991 0.997 0.997 0.990 0.993 0.990 0.996 0.989 1.000
291 0.998 0.999 0.999 0.999 0.999 0.999 0.988 0.993 0.998 0.996 0.999 0.996 1.000 0.999 0.999 1.000 0.995 0.988
292 0.998 1.000 0.996 0.995 0.996 0.996 0.986 0.993 0.997 0.998 0.998 0.981 0.998 0.997 0.996 0.997 0.991 0.967
293 0.998 0.999 0.998 0.998 0.998 0.984 0.966 0.974 0.998 0.986 0.984 0.996 0.992 0.997 0.998 1.000 0.970 0.991
294 0.998 0.998 0.998 0.998 0.997 0.999 0.996 0.998 0.998 0.998 1.000 0.993 0.999 0.999 0.998 0.998 0.998 0.966
295 0.998 1.000 0.992 1.000 0.995 0.994 0.961 0.962 0.993 0.964 0.997 0.995 0.997 0.995 0.992 0.997 0.992 0.997
296 0.998 0.999 0.999 0.999 0.993 0.984 0.892 0.950 0.998 0.971 0.976 0.998 0.997 1.000 0.996 0.995 0.962 0.993
297 0.998 0.999 0.997 0.999 0.993 0.999 0.997 0.993 0.995 0.992 1.000 0.990 0.999 0.998 0.998 0.998 0.998 0.975
298 0.998 0.999 0.998 1.000 0.998 1.000 0.989 0.997 1.000 1.000 1.000 0.996 1.000 1.000 1.000 1.000 0.994 0.993
299 0.998 0.998 0.995 0.998 1.000 0.992 0.959 0.972 0.996 0.986 0.996 0.996 0.997 0.993 0.987 0.998 0.983 0.984
300 0.998 0.998 0.998 0.998 0.999 0.999 0.997 0.998 0.998 0.998 1.000 0.994 1.000 0.998 0.998 0.998 0.998 0.969
301 0.998 0.998 0.998 0.998 0.997 0.998 0.993 0.996 0.998 0.998 1.000 0.989 0.998 0.998 0.998 0.998 0.996 0.960
302 0.998 0.998 0.996 0.999 0.996 1.000 0.970 0.980 0.995 0.992 0.997 0.992 1.000 0.998 0.992 0.998 0.988 0.978
303 0.998 0.998 0.998 0.999 0.999 0.999 0.997 0.996 0.997 0.996 1.000 0.995 0.999 0.998 0.998 0.998 0.998 0.987
304 0.998 0.997 0.988 0.989 0.991 0.976 0.940 0.951 0.985 0.950 0.983 0.986 0.983 0.988 0.989 0.989 0.974 1.000
305 0.998 0.999 0.999 0.994 0.999 0.998 0.994 0.998 1.000 0.999 1.000 0.984 0.999 0.998 1.000 0.999 0.996 0.958
306 0.998 0.998 0.996 1.000 0.998 0.997 0.957 0.982 0.997 0.993 0.995 0.997 0.998 0.999 0.996 0.999 0.986 0.991
307 0.998 0.997 0.996 0.997 0.994 0.992 0.983 0.979 0.991 0.981 0.995 0.996 0.996 0.997 0.996 0.996 0.991 1.000
308 0.998 0.998 0.998 0.998 0.998 0.999 0.996 0.998 0.998 0.998 1.000 0.993 0.999 0.998 0.998 0.998 0.998 0.965
309 0.998 0.999 0.995 1.000 0.991 1.000 0.990 0.993 0.997 0.996 1.000 0.986 1.000 0.997 0.995 0.998 0.993 0.928
310 0.998 0.998 0.994 1.000 0.997 0.995 0.959 0.967 0.996 0.979 0.996 0.995 0.996 0.994 0.990 1.000 0.985 0.987
311 0.998 0.999 0.999 0.999 0.998 0.999 0.997 0.999 1.000 1.000 1.000 0.992 1.000 0.999 1.000 0.999 0.998 0.983
312 0.998 0.998 0.998 0.998 0.998 0.999 0.996 0.998 0.998 0.998 1.000 0.994 0.999 0.998 0.998 0.998 0.998 0.968
313 0.998 1.000 0.987 0.989 0.990 0.987 0.977 0.982 0.990 0.985 0.988 0.986 0.986 0.990 0.988 0.989 0.988 0.987
314 0.998 0.999 0.998 1.000 1.000 1.000 0.962 0.989 1.000 1.000 1.000 0.998 1.000 1.000 0.999 1.000 0.981 0.995
315 0.998 0.999 0.998 0.999 0.999 1.000 0.986 0.993 0.999 0.998 0.999 0.997 1.000 0.998 0.998 0.999 0.994 0.992
316 0.998 0.999 0.997 0.999 0.999 0.998 0.996 0.993 0.995 0.992 1.000 0.989 0.999 0.998 0.997 0.998 0.997 0.977
317 0.998 0.999 0.999 0.999 0.999 1.000 0.995 0.997 0.999 0.998 1.000 0.995 1.000 0.999 0.998 0.999 0.997 0.985
318 0.998 0.999 0.994 0.997 0.995 1.000 0.990 0.993 1.000 0.998 0.999 0.986 1.000 0.997 0.999 0.997 0.994 0.954
319 0.998 0.999 0.995 0.996 0.996 0.996 0.989 0.994 0.997 0.997 0.997 0.995 1.000 0.996 0.998 0.997 0.994 0.986
320 0.998 0.999 0.999 0.999 1.000 1.000 0.992 0.997 1.000 0.999 1.000 0.993 1.000 0.999 0.999 0.999 0.996 0.981
321 0.998 1.000 0.999 1.000 0.997 0.997 0.989 0.996 0.996 0.994 1.000 0.985 0.996 0.999 0.996 0.998 0.991 0.975
322 0.998 1.000 0.998 0.998 1.000 0.999 0.979 0.983 0.999 0.994 0.994 0.988 1.000 0.999 0.997 0.999 0.989 0.967
323 0.998 0.999 0.999 1.000 0.998 0.999 0.991 0.996 1.000 0.999 0.999 0.995 0.999 1.000 1.000 0.999 0.994 0.979
324 0.998 0.998 0.998 0.998 0.999 0.999 0.993 0.997 0.998 0.998 1.000 0.989 0.999 0.999 0.998 0.998 0.996 0.953
325 0.998 1.000 1.000 1.000 0.997 1.000 0.995 0.999 0.999 1.000 1.000 0.991 0.999 1.000 0.999 1.000 0.997 0.987
326 0.998 1.000 0.991 0.997 0.992 0.994 0.973 0.980 0.996 0.993 0.985 0.994 0.994 0.996 0.995 0.989 0.984 0.991
327 0.998 0.999 0.999 0.999 0.999 1.000 0.994 0.998 1.000 1.000 1.000 0.987 1.000 1.000 0.999 1.000 0.997 0.958
328 0.998 0.999 0.998 0.999 0.999 0.999 0.991 0.996 0.999 0.999 1.000 0.997 1.000 0.999 0.999 0.999 0.995 0.993
329 0.998 1.000 0.996 0.996 0.994 0.996 0.964 0.983 1.000 0.994 0.998 0.991 0.999 0.995 0.998 0.997 0.985 0.984
330 0.998 1.000 0.999 0.999 0.993 0.995 0.957 0.982 1.000 0.997 0.998 0.996 0.999 0.999 1.000 1.000 0.983 0.994
331 0.998 1.000 0.988 0.989 0.984 0.978 0.906 0.941 0.990 0.982 0.959 0.960 0.974 0.988 0.984 0.986 0.928 0.950
332 0.998 0.999 0.996 0.999 0.997 1.000 0.968 0.985 0.995 0.994 0.999 0.995 1.000 0.998 0.994 0.999 0.989 0.992
333 0.999 0.999 0.998 1.000 0.994 1.000 0.989 0.996 0.999 0.999 0.999 0.993 1.000 1.000 0.998 0.998 0.994 0.974
334 0.999 0.987 0.977 0.875 0.882 0.711 0.744 0.889 0.711 0.783 0.897 1.000 0.707 0.891 0.890 0.915 0.863 0.988
335 0.999 0.999 0.999 0.999 1.000 1.000 0.997 0.998 0.999 0.999 1.000 0.996 1.000 0.999 0.999 1.000 0.998 0.986
336 0.999 0.999 0.999 0.999 1.000 1.000 0.997 0.998 0.999 0.999 1.000 0.996 1.000 0.999 0.999 1.000 0.998 0.987
337 0.999 0.999 0.996 1.000 0.997 0.994 0.960 0.973 0.998 0.987 0.996 0.995 0.997 0.992 0.986 0.999 0.984 0.979
338 0.999 0.998 0.997 0.996 0.994 0.996 0.970 0.983 0.992 0.992 0.998 0.996 0.996 0.996 0.996 0.996 0.996 1.000
339 0.999 0.999 0.999 0.999 0.998 0.999 0.996 0.998 0.999 0.999 1.000 0.994 0.999 0.999 0.998 0.999 0.997 0.970
340 0.999 0.999 0.999 1.000 0.999 0.999 0.975 0.991 0.999 0.998 0.999 0.997 0.999 1.000 0.999 0.999 0.989 0.994
341 0.999 0.998 0.998 1.000 0.995 0.992 0.966 0.981 0.996 0.986 0.993 0.999 0.996 1.000 0.993 0.993 0.977 0.997
342 0.999 0.999 0.998 0.999 0.997 0.997 0.966 0.981 0.998 0.988 0.996 0.998 1.000 0.999 0.997 1.000 0.986 0.992
343 0.999 0.991 0.990 0.885 0.885 0.851 0.849 0.911 0.870 0.866 0.957 1.000 0.865 0.885 0.872 0.966 0.851 0.989
344 0.999 0.999 0.999 0.999 1.000 1.000 0.996 0.998 0.999 0.998 1.000 0.996 1.000 0.999 0.999 0.999 0.998 0.980
345 0.999 1.000 0.990 0.985 0.966 0.980 0.904 0.964 0.982 0.981 0.980 0.967 0.976 0.985 0.975 0.982 0.933 0.955
346 0.999 1.000 0.993 0.995 0.990 0.988 0.955 0.967 0.989 0.984 0.989 0.996 0.990 0.993 0.992 0.991 0.979 0.991
347 0.999 0.999 0.998 0.997 0.993 0.997 0.994 0.998 0.999 0.998 0.998 0.997 0.998 0.999 0.999 0.999 0.996 1.000
348 0.999 0.998 0.998 0.998 0.998 0.998 0.987 0.997 0.998 0.998 0.998 1.000 0.997 0.998 0.997 0.998 0.992 0.999
349 0.999 0.999 0.995 0.998 0.998 0.997 0.943 0.961 0.994 0.966 0.993 0.996 1.000 0.999 0.994 1.000 0.980 0.989
350 0.999 0.988 0.987 0.988 0.975 0.972 0.942 0.962 0.984 0.961 0.980 0.995 0.982 0.989 0.988 0.987 0.964 1.000
351 0.999 0.998 0.993 0.998 0.995 0.994 0.985 0.980 0.989 0.983 0.995 0.995 0.996 0.997 0.997 0.992 0.995 1.000
352 0.999 0.999 0.998 0.999 0.999 0.999 0.984 0.994 0.999 0.998 0.999 0.998 1.000 0.999 0.999 0.999 0.992 0.993
353 0.999 1.000 1.000 1.000 1.000 0.999 0.991 0.989 0.999 0.988 1.000 0.994 1.000 0.999 0.999 1.000 0.996 0.979
354 0.999 1.000 1.000 0.997 0.998 0.998 0.993 0.998 0.999 0.999 1.000 0.983 0.998 0.997 0.997 0.997 0.995 0.965
355 0.999 1.000 0.999 0.998 0.999 1.000 0.995 0.999 1.000 1.000 1.000 0.987 1.000 1.000 1.000 1.000 0.997 0.961
356 0.999 0.999 0.997 1.000 0.994 0.995 0.976 0.992 0.996 0.996 0.997 1.000 0.999 0.999 0.999 0.998 0.987 0.989
357 0.999 0.999 0.998 0.997 0.991 0.998 0.996 0.998 0.998 0.999 1.000 0.999 0.998 0.999 0.998 0.998 0.997 0.999
358 0.999 1.000 1.000 0.999 0.998 0.998 0.991 0.994 0.998 0.996 0.998 0.994 0.998 0.999 0.998 1.000 0.993 0.980
359 0.999 0.999 0.997 0.999 0.991 1.000 0.996 0.996 0.999 0.997 0.994 0.993 1.000 0.998 1.000 0.998 0.997 0.986
360 0.999 0.999 0.999 0.998 0.999 0.999 0.997 0.998 0.999 0.999 1.000 0.993 1.000 0.998 0.998 0.998 0.998 0.966
361 0.999 0.999 0.994 0.998 1.000 0.999 0.972 0.979 0.997 0.996 0.996 0.992 1.000 0.996 0.995 0.997 0.983 0.979
362 0.999 1.000 0.990 0.991 0.987 0.981 0.938 0.962 0.986 0.981 0.982 0.986 0.985 0.993 0.989 0.987 0.968 0.977
363 0.999 0.999 0.999 0.999 0.996 0.997 0.989 0.996 0.999 0.998 1.000 0.997 0.999 0.999 1.000 0.999 0.994 0.994
364 0.999 0.999 0.999 1.000 0.998 0.999 0.991 0.992 0.998 0.995 0.998 0.998 1.000 0.999 0.998 0.999 0.995 0.995
365 0.999 0.999 0.998 1.000 0.986 1.000 0.987 0.993 0.998 0.996 0.977 0.997 0.999 0.999 0.996 0.997 0.990 0.987
366 0.999 0.999 0.996 0.998 0.999 1.000 0.994 0.993 0.999 0.999 0.999 0.995 1.000 0.997 0.996 0.994 0.995 0.984
367 0.999 0.999 0.999 0.999 0.998 1.000 0.995 0.999 1.000 1.000 1.000 0.988 1.000 0.999 0.999 1.000 0.997 0.963
368 0.999 1.000 0.991 0.989 0.988 0.982 0.948 0.953 0.993 0.964 0.992 0.988 0.988 0.991 0.987 0.993 0.990 0.995
369 0.999 1.000 0.992 0.998 1.000 0.987 0.957 0.958 0.992 0.965 0.993 0.993 0.994 0.994 0.991 0.995 0.987 0.995
370 0.999 1.000 0.989 0.997 0.993 0.984 0.948 0.955 0.991 0.961 0.986 0.991 0.990 0.992 0.993 0.994 0.979 0.992
371 0.999 0.999 0.999 0.999 0.999 0.999 0.997 0.999 1.000 0.999 0.998 0.996 0.999 0.999 1.000 0.999 0.998 0.993
372 0.999 1.000 0.996 0.999 0.994 0.999 0.987 0.989 0.998 0.995 0.996 0.989 1.000 0.998 0.997 0.998 0.994 0.978
373 0.999 0.999 0.999 0.999 1.000 1.000 0.994 0.998 1.000 1.000 1.000 0.998 1.000 0.999 0.999 1.000 0.997 0.994
374 0.999 0.999 0.999 1.000 0.997 0.994 0.969 0.980 0.993 0.990 0.994 0.999 0.996 0.999 0.995 0.996 0.987 0.998
375 0.999 0.999 0.998 0.999 1.000 0.997 0.985 0.989 0.999 0.992 1.000 0.997 1.000 0.998 0.999 1.000 0.989 0.990
376 0.999 0.999 0.998 0.999 0.997 0.998 0.980 0.989 0.998 0.993 1.000 0.998 0.999 0.998 0.998 0.998 0.991 0.994
377 0.999 1.000 0.998 0.997 0.997 0.997 0.981 0.989 0.998 0.996 0.995 0.997 0.999 0.998 0.998 0.999 0.993 0.992
378 0.999 1.000 0.994 0.995 0.999 0.989 0.953 0.964 0.993 0.966 0.996 0.998 0.998 0.994 0.995 0.996 0.984 0.983
379 0.999 0.999 0.999 0.999 0.998 0.999 0.994 0.998 0.999 0.998 1.000 0.990 1.000 0.999 0.999 0.999 0.997 0.953
380 0.999 0.999 0.999 1.000 1.000 1.000 0.995 0.998 1.000 1.000 1.000 0.999 0.999 1.000 1.000 1.000 0.997 0.999
381 0.999 0.999 0.998 0.999 0.997 0.998 0.981 0.989 0.998 0.993 1.000 0.997 1.000 0.998 0.999 0.999 0.992 0.993
382 0.999 0.996 0.995 1.000 0.982 0.974 0.892 0.938 0.993 0.954 0.970 1.000 0.991 1.000 0.997 0.989 0.956 1.000
383 0.999 1.000 0.998 0.995 0.991 0.996 0.961 0.984 0.999 0.991 0.995 0.994 0.999 0.999 0.998 0.999 0.990 0.987
384 0.999 0.999 0.999 1.000 1.000 1.000 0.986 0.997 1.000 1.000 1.000 0.999 1.000 1.000 1.000 1.000 0.992 0.997
385 0.999 1.000 0.999 1.000 0.985 1.000 0.964 0.991 1.000 0.990 0.994 0.999 1.000 1.000 0.994 0.999 0.976 0.997
386 0.999 0.996 0.991 0.987 0.986 0.971 0.933 0.948 0.986 0.950 0.985 0.986 0.983 0.989 0.994 0.988 0.977 1.000
387 0.999 0.999 0.999 0.999 0.996 0.999 0.997 0.998 0.998 0.998 1.000 0.999 1.000 0.999 0.999 0.998 0.998 0.994
388 0.999 1.000 1.000 1.000 1.000 1.000 0.976 0.993 1.000 1.000 0.999 0.998 1.000 1.000 1.000 1.000 0.987 0.995
389 0.999 0.999 0.998 0.982 0.982 0.982 0.972 0.991 0.982 0.987 0.996 0.999 0.982 0.982 0.982 0.993 0.976 1.000
390 0.999 1.000 0.991 0.994 0.976 0.989 0.910 0.971 0.991 0.988 0.977 0.966 0.984 0.994 0.984 0.987 0.939 0.959
391 0.999 1.000 0.991 0.990 0.973 0.986 0.904 0.968 0.987 0.986 0.977 0.968 0.981 0.991 0.980 0.988 0.937 0.961
392 0.999 1.000 0.999 1.000 0.998 0.994 0.972 0.988 0.997 0.988 0.994 0.999 0.997 1.000 0.996 0.998 0.985 0.997
393 0.999 0.999 0.999 0.999 1.000 1.000 0.997 0.999 1.000 0.999 1.000 0.998 1.000 0.999 0.999 1.000 0.999 0.973
394 0.999 1.000 0.999 0.999 1.000 0.999 0.965 0.982 0.999 0.994 0.998 0.998 1.000 0.999 0.998 1.000 0.988 0.994
395 0.999 1.000 0.998 0.997 0.997 0.997 0.980 0.989 0.998 0.995 0.994 0.998 0.998 0.998 0.998 0.998 0.993 0.993
396 0.999 0.999 0.996 0.997 0.989 0.996 0.990 0.990 0.994 0.993 0.991 0.991 1.000 0.996 0.994 0.994 0.994 0.981
397 0.999 1.000 0.996 0.995 0.996 0.993 0.971 0.985 0.996 0.993 0.969 0.993 0.994 0.998 0.996 0.997 0.985 0.979
398 0.999 0.998 0.998 0.998 0.998 0.998 0.978 0.994 0.997 0.998 0.998 1.000 0.997 0.998 0.997 0.998 0.987 1.000
399 0.999 0.999 0.999 1.000 1.000 1.000 0.955 0.987 1.000 1.000 0.999 0.999 1.000 1.000 1.000 1.000 0.977 0.997
400 0.999 1.000 0.991 0.997 0.998 0.989 0.959 0.969 0.995 0.972 0.995 0.997 0.996 0.996 0.995 0.995 0.987 0.979
401 0.999 1.000 0.996 0.996 0.995 0.986 0.951 0.957 0.992 0.960 0.995 0.994 0.995 0.993 0.991 0.995 0.983 0.987
402 0.999 0.999 0.999 0.999 1.000 0.997 0.928 0.969 0.998 0.997 0.995 0.999 1.000 0.999 0.998 0.998 0.975 0.995
403 0.999 1.000 0.998 0.940 0.905 0.936 0.941 0.958 0.938 0.941 0.941 0.992 0.944 0.940 0.946 0.991 0.943 0.994
404 0.999 0.999 0.999 0.999 0.999 1.000 0.998 0.999 0.999 0.999 1.000 0.999 1.000 0.999 0.999 0.999 0.999 0.991
405 0.999 1.000 1.000 0.999 1.000 0.997 0.923 0.967 1.000 0.999 0.994 0.999 1.000 0.998 1.000 1.000 0.977 0.997
406 0.999 0.999 0.999 0.999 0.999 0.999 0.996 0.999 0.999 0.999 1.000 0.994 0.999 1.000 0.999 0.999 0.998 0.970
407 0.999 1.000 0.999 0.999 0.998 0.999 0.979 0.993 0.999 0.999 0.999 0.998 1.000 0.999 1.000 0.999 0.990 0.997
408 0.999 1.000 1.000 1.000 1.000 1.000 0.969 0.990 1.000 0.999 1.000 0.999 1.000 1.000 1.000 1.000 0.989 0.997
409 0.999 1.000 0.999 1.000 1.000 0.999 0.974 0.984 0.999 0.995 0.998 0.992 1.000 0.999 0.999 1.000 0.991 0.973
410 0.999 1.000 1.000 1.000 1.000 0.999 0.989 0.995 1.000 0.999 0.997 0.996 1.000 0.999 1.000 1.000 0.995 0.990
411 0.999 1.000 0.996 0.997 0.996 0.985 0.941 0.966 0.995 0.988 0.985 0.995 0.989 0.997 0.994 0.996 0.970 0.989
412 0.999 1.000 0.999 0.990 0.990 0.993 0.991 0.996 0.996 0.996 0.998 0.977 0.995 0.992 0.993 0.993 0.993 0.965
413 0.999 1.000 1.000 1.000 1.000 1.000 0.977 0.997 1.000 1.000 1.000 0.998 1.000 1.000 1.000 1.000 0.988 0.995
414 0.999 1.000 0.998 0.998 0.999 0.999 0.962 0.986 1.000 0.999 1.000 0.998 1.000 0.999 1.000 1.000 0.982 0.995
415 0.999 1.000 1.000 1.000 0.998 0.999 0.984 0.996 0.999 0.999 0.998 0.998 0.999 1.000 0.999 1.000 0.991 0.987
416 0.999 1.000 1.000 1.000 0.997 0.997 0.940 0.969 0.999 0.982 0.994 0.998 1.000 1.000 0.997 1.000 0.977 0.995
417 0.999 0.999 0.998 0.998 0.999 0.997 0.993 0.993 0.996 0.993 0.999 0.999 0.999 0.997 0.995 0.995 0.996 1.000
418 0.999 1.000 1.000 0.999 1.000 0.999 0.994 0.998 1.000 0.999 1.000 0.990 1.000 0.999 0.999 1.000 0.997 0.959
419 0.999 0.993 0.991 0.996 0.995 0.977 0.942 0.966 0.989 0.967 0.982 0.997 0.982 0.994 0.992 0.989 0.970 1.000
420 0.999 1.000 1.000 0.998 0.999 0.999 0.994 0.997 0.999 0.999 1.000 0.989 0.999 0.998 0.998 0.998 0.996 0.962
421 0.999 1.000 1.000 1.000 1.000 0.998 0.998 0.998 1.000 0.999 1.000 0.998 1.000 1.000 1.000 1.000 0.998 0.988
422 0.999 1.000 0.999 0.999 0.998 1.000 0.984 0.992 0.999 0.998 1.000 0.998 1.000 0.999 0.999 0.999 0.993 0.989
423 0.999 1.000 0.999 0.999 0.999 0.999 0.979 0.989 0.999 0.995 0.999 0.998 0.999 0.999 0.999 1.000 0.991 0.992
424 0.999 1.000 0.998 0.999 0.997 0.999 0.965 0.984 0.999 0.998 0.998 0.999 0.999 0.998 0.999 0.999 0.989 0.980
425 0.999 1.000 0.999 1.000 1.000 1.000 0.989 0.992 0.998 0.998 1.000 0.996 1.000 1.000 0.999 0.999 0.997 0.977
426 0.999 1.000 0.999 1.000 0.998 1.000 0.998 0.998 0.999 0.998 1.000 0.998 1.000 1.000 1.000 1.000 0.999 0.995
427 1.000 1.000 0.992 0.995 0.996 0.994 0.973 0.975 0.999 0.992 0.991 0.985 0.991 0.995 0.998 0.992 0.979 0.968
428 1.000 1.000 1.000 0.998 0.998 0.998 0.980 0.995 0.998 0.998 0.998 0.998 0.998 0.998 0.998 1.000 0.989 0.996
429 1.000 1.000 0.998 0.999 0.990 0.985 0.911 0.960 0.998 0.980 0.977 0.998 0.995 0.998 0.995 0.997 0.966 0.993
430 1.000 0.999 0.999 1.000 0.996 0.991 0.905 0.957 1.000 0.986 0.984 1.000 1.000 0.999 0.997 0.999 0.968 1.000
431 1.000 0.999 0.993 1.000 0.996 1.000 0.995 0.991 0.998 0.996 0.998 0.992 0.998 0.996 0.996 0.993 0.996 0.985
432 1.000 1.000 0.995 0.997 0.999 0.992 0.955 0.973 0.998 0.980 0.997 0.994 0.997 0.994 0.990 0.997 0.986 0.979
433 1.000 1.000 1.000 1.000 1.000 1.000 0.932 0.975 1.000 1.000 0.997 0.999 1.000 1.000 0.999 1.000 0.978 0.997
434 1.000 1.000 0.999 1.000 0.999 0.997 0.990 0.996 0.999 0.996 0.996 0.995 0.996 1.000 0.999 1.000 0.992 0.987
435 1.000 1.000 0.993 0.996 0.995 0.998 0.972 0.975 0.999 0.992 0.994 0.990 0.998 0.993 0.999 0.995 0.991 0.990
436 1.000 1.000 0.998 0.994 0.995 0.990 0.956 0.976 0.995 0.987 0.995 0.987 0.992 0.996 0.998 0.994 0.987 0.987
437 1.000 1.000 1.000 1.000 1.000 1.000 0.975 0.993 1.000 0.999 1.000 0.999 1.000 1.000 0.999 1.000 0.990 0.998
438 1.000 1.000 1.000 1.000 1.000 0.997 0.984 0.989 0.999 0.998 0.999 0.999 1.000 1.000 0.999 1.000 0.992 0.986
439 1.000 1.000 1.000 0.999 0.999 0.999 0.997 0.998 1.000 0.999 1.000 0.996 1.000 0.999 0.999 0.999 0.998 0.982
440 1.000 1.000 1.000 1.000 1.000 1.000 0.998 0.999 1.000 0.999 1.000 0.997 1.000 1.000 1.000 1.000 0.999 0.984
441 1.000 1.000 0.997 0.995 0.976 0.994 0.984 0.989 0.995 0.992 0.966 0.993 0.995 0.996 0.994 0.995 0.989 0.991
442 1.000 1.000 0.999 0.997 0.993 0.994 0.970 0.990 0.995 0.994 0.995 0.998 0.994 0.997 0.994 0.998 0.981 0.997
443 1.000 1.000 1.000 1.000 0.997 0.998 0.972 0.992 0.999 0.997 0.995 0.995 0.998 1.000 0.999 0.999 0.982 0.998
444 1.000 1.000 0.999 0.999 0.999 0.999 0.981 0.992 0.999 0.999 0.998 0.996 0.999 0.999 0.999 0.999 0.989 0.990
445 1.000 1.000 1.000 1.000 1.000 1.000 0.962 0.995 1.000 1.000 1.000 1.000 1.000 1.000 1.000 1.000 0.981 0.996
446 1.000 1.000 0.998 0.946 0.901 0.942 0.938 0.955 0.943 0.939 0.937 0.993 0.941 0.946 0.943 0.994 0.939 0.995
447 1.000 1.000 1.000 1.000 1.000 1.000 0.998 0.999 1.000 1.000 1.000 0.999 1.000 1.000 1.000 1.000 0.998 0.993
448 1.000 1.000 0.999 1.000 0.998 0.999 0.983 0.988 0.998 0.994 1.000 0.999 1.000 0.999 0.999 0.999 0.993 0.993
449 1.000 1.000 1.000 0.998 0.999 0.999 0.996 0.997 0.999 0.998 0.999 0.995 0.999 0.998 0.998 0.999 0.997 0.980
450 1.000 1.000 1.000 1.000 0.999 1.000 0.988 0.993 0.999 0.998 1.000 1.000 1.000 1.000 0.999 1.000 0.995 0.994
451 1.000 1.000 0.999 0.999 0.998 0.998 0.892 0.968 0.999 0.998 0.994 0.999 0.997 0.999 0.998 0.999 0.959 0.997
452 1.000 0.999 0.995 1.000 0.994 0.998 0.952 0.982 1.000 0.996 0.996 0.996 1.000 0.999 0.996 0.998 0.977 0.994
453 1.000 1.000 1.000 0.998 0.997 0.995 0.986 0.994 0.997 0.996 0.997 0.998 0.996 0.998 0.997 1.000 0.990 0.996
454 1.000 1.000 1.000 0.999 0.996 0.993 0.976 0.990 0.999 0.997 0.998 0.997 0.997 0.999 0.999 0.999 0.985 0.998
455 1.000 1.000 0.951 0.944 0.943 0.939 0.940 0.967 0.941 0.952 0.958 0.947 0.941 0.947 0.946 0.949 0.952 0.947
456 1.000 1.000 0.994 0.996 0.993 0.988 0.957 0.972 0.990 0.983 0.991 0.992 0.991 0.996 0.993 0.987 0.974 0.980
457 1.000 0.999 0.993 0.993 0.998 0.983 0.954 0.954 0.985 0.956 0.986 0.993 0.992 0.993 0.999 0.993 0.978 1.000
458 1.000 1.000 0.995 0.996 0.999 0.989 0.949 0.970 0.999 0.979 0.996 0.993 0.997 0.994 0.995 0.997 0.988 0.992
459 1.000 1.000 0.999 0.999 0.995 0.978 0.901 0.949 0.996 0.963 0.975 0.999 0.993 1.000 0.998 0.991 0.961 0.998
460 1.000 1.000 1.000 0.998 0.998 0.999 0.996 0.998 0.999 0.999 0.999 0.992 0.999 0.998 0.997 0.998 0.998 0.968
461 1.000 0.999 0.998 0.997 0.996 0.983 0.948 0.969 0.992 0.970 0.986 0.999 0.992 0.996 0.994 0.993 0.975 1.000
462 1.000 1.000 0.999 0.999 0.997 0.988 0.940 0.971 0.999 0.982 0.988 1.000 0.997 1.000 0.998 0.995 0.975 0.997
463 1.000 1.000 0.998 0.999 0.996 0.991 0.959 0.974 0.996 0.976 0.993 0.999 0.997 0.999 0.997 0.997 0.982 0.997
464 1.000 1.000 0.999 0.999 0.996 0.997 0.978 0.988 0.998 0.996 0.997 0.998 0.997 0.999 0.998 0.999 0.992 0.996
465 1.000 1.000 1.000 1.000 1.000 1.000 0.999 0.999 1.000 1.000 1.000 0.997 1.000 1.000 1.000 1.000 0.999 0.985
466 1.000 1.000 0.995 0.995 0.993 0.992 0.980 0.985 0.994 0.991 0.993 0.994 0.994 0.996 0.994 0.994 0.988 0.989
467 1.000 1.000 1.000 1.000 0.999 1.000 0.999 0.999 1.000 1.000 0.999 1.000 1.000 1.000 0.999 1.000 0.999 0.998
468 1.000 0.999 0.998 0.989 0.979 0.991 0.975 0.988 0.988 0.987 0.998 0.992 0.993 0.992 0.992 0.991 0.991 1.000
469 1.000 1.000 0.989 0.981 0.921 0.957 0.880 0.960 0.973 0.961 0.943 0.983 0.960 0.983 0.950 0.979 0.908 0.974
470 1.000 1.000 1.000 0.986 0.977 0.986 0.948 0.983 0.986 0.988 0.990 1.000 0.982 0.986 0.988 0.999 0.974 0.998
471 1.000 1.000 0.999 0.999 0.996 0.999 0.969 0.992 0.999 0.999 0.998 0.996 0.999 0.999 0.999 0.999 0.984 0.995
472 1.000 1.000 0.995 0.993 0.990 0.994 0.995 0.995 0.996 0.992 0.997 0.995 0.996 0.994 0.997 0.995 0.996 0.990
473 1.000 1.000 1.000 1.000 0.999 1.000 0.967 0.990 1.000 1.000 1.000 0.995 1.000 1.000 1.000 1.000 0.983 0.989
474 1.000 1.000 1.000 1.000 0.999 0.999 0.907 0.970 1.000 1.000 0.995 1.000 1.000 1.000 1.000 1.000 0.969 0.998
475 1.000 1.000 1.000 0.999 1.000 1.000 0.968 0.989 1.000 1.000 1.000 0.970 1.000 1.000 1.000 1.000 0.985 0.938
476 1.000 1.000 0.990 0.996 0.995 0.986 0.957 0.952 0.991 0.957 0.992 0.993 0.994 0.994 0.990 0.996 0.987 0.988
477 1.000 1.000 1.000 1.000 1.000 1.000 0.998 1.000 1.000 1.000 1.000 1.000 1.000 1.000 1.000 1.000 0.999 0.990
478 1.000 0.999 0.998 0.999 0.985 0.978 0.904 0.947 0.995 0.963 0.976 1.000 0.993 1.000 0.997 0.992 0.962 0.999
479 1.000 1.000 1.000 1.000 0.997 1.000 0.997 1.000 1.000 1.000 0.999 1.000 0.999 1.000 0.999 1.000 0.998 0.998
480 1.000 1.000 1.000 1.000 1.000 1.000 0.994 0.998 1.000 0.998 1.000 0.990 1.000 1.000 1.000 1.000 0.997 0.959
481 1.000 1.000 1.000 1.000 1.000 1.000 0.994 0.998 1.000 0.999 1.000 0.990 1.000 1.000 1.000 1.000 0.997 0.957
482 1.000 0.996 0.994 0.998 0.997 0.982 0.946 0.969 0.993 0.970 0.987 0.998 0.991 0.998 0.995 0.992 0.972 1.000
483 1.000 1.000 0.977 0.980 0.974 0.973 0.943 0.942 0.966 0.906 0.986 0.965 0.982 0.982 0.982 0.981 0.982 0.919
484 1.000 1.000 0.998 0.997 0.997 0.996 0.982 0.984 0.997 0.988 0.996 0.996 0.997 0.998 0.997 0.998 0.992 0.999
485 1.000 1.000 1.000 0.998 0.998 0.998 0.998 0.999 0.999 0.999 0.999 0.996 0.998 0.998 0.998 0.998 0.998 0.989
486 1.000 1.000 1.000 1.000 0.999 0.998 0.995 0.995 0.999 0.997 0.999 0.999 0.997 1.000 1.000 0.999 0.996 0.998
487 1.000 1.000 1.000 1.000 1.000 1.000 1.000 1.000 1.000 1.000 1.000 1.000 1.000 1.000 1.000 1.000 1.000 0.999
488 1.000 0.967 0.876 0.822 0.693 0.754 0.707 0.776 0.773 0.750 0.744 0.948 0.761 0.836 0.750 0.837 0.738 0.949
489 1.000 0.994 0.991 0.985 0.970 0.968 0.923 0.946 0.988 0.966 0.979 0.993 0.980 0.990 0.987 0.986 0.962 0.998
490 1.000 1.000 0.999 0.998 0.990 0.988 0.943 0.977 0.998 0.990 0.989 0.998 0.997 0.999 0.998 0.996 0.978 0.995
491 1.000 1.000 0.999 0.999 0.998 0.997 0.986 0.994 0.997 0.995 0.997 0.999 0.999 0.998 0.999 0.998 0.996 0.999
492 1.000 1.000 1.000 1.000 0.997 0.999 0.996 1.000 0.999 0.999 0.999 1.000 0.999 1.000 0.999 1.000 0.997 0.999
493 1.000 0.987 0.928 0.919 0.905 0.916 0.878 0.918 0.915 0.898 0.935 0.982 0.922 0.930 0.929 0.887 0.918 0.990
494 1.000 0.999 0.991 0.987 0.991 0.974 0.929 0.952 0.988 0.956 0.989 0.988 0.984 0.990 0.994 0.989 0.974 0.987
495 1.000 0.992 0.884 0.627 0.624 0.621 0.598 0.865 0.625 0.733 0.805 0.957 0.619 0.934 0.934 0.898 0.855 0.972
496 1.000 1.000 0.992 0.995 0.987 0.986 0.917 0.954 0.992 0.982 0.988 0.992 0.986 0.994 0.993 0.992 0.972 0.986
497 1.000 1.000 0.990 0.991 0.974 0.987 0.914 0.971 0.990 0.988 0.977 0.968 0.981 0.991 0.984 0.988 0.941 0.961
498 1.000 0.999 0.994 0.998 0.999 0.986 0.951 0.953 0.987 0.953 0.993 0.993 0.991 0.995 0.995 0.993 0.986 0.994
499 1.000 0.997 0.994 0.999 0.998 0.986 0.946 0.963 0.996 0.972 0.984 0.998 0.996 0.993 0.992 0.995 0.970 0.992
500 1.000 0.997 0.993 0.993 0.984 0.986 0.876 0.938 0.989 0.986 0.979 0.999 0.976 0.993 0.975 0.983 0.919 0.993
501 1.000 1.000 0.991 0.973 0.979 0.978 0.980 0.977 0.981 0.980 0.985 0.975 0.986 0.980 0.994 0.990 0.985 0.977
502 1.000 0.999 0.995 0.998 0.981 0.975 0.888 0.941 0.993 0.956 0.970 0.996 0.988 0.998 0.995 0.989 0.956 0.996
503 1.000 1.000 0.999 1.000 0.998 0.999 0.971 0.984 0.999 0.995 0.999 0.994 1.000 1.000 0.999 1.000 0.991 0.979
504 1.000 0.959 0.911 0.678 0.899 0.543 0.404 0.751 0.648 0.603 0.813 0.985 0.520 0.815 0.833 0.855 0.708 0.964
505 1.000 0.998 0.996 0.982 0.975 0.980 0.968 0.986 0.980 0.982 0.984 0.999 0.979 0.982 0.980 0.994 0.973 0.998
506 1.000 0.997 0.939 0.916 0.900 0.905 0.883 0.914 0.882 0.879 0.933 0.964 0.922 0.947 0.927 0.933 0.918 0.944
507 1.000 1.000 0.994 0.995 0.992 0.986 0.948 0.957 0.995 0.971 0.994 0.992 0.994 0.993 0.993 0.995 0.985 0.990
508 1.000 0.999 0.986 0.989 0.984 0.974 0.916 0.955 0.981 0.977 0.981 0.993 0.976 0.985 0.991 0.982 0.971 0.987
509 1.000 1.000 1.000 0.999 0.997 0.999 0.996 0.999 0.999 0.999 0.999 1.000 0.998 1.000 0.999 1.000 0.997 0.999
510 1.000 0.977 0.949 0.946 0.943 0.933 0.867 0.887 0.954 0.892 0.944 0.980 0.957 0.956 0.961 0.941 0.926 0.980
511 1.000 1.000 1.000 0.999 0.997 0.999 0.996 0.999 0.999 0.999 0.999 1.000 0.998 1.000 0.998 1.000 0.997 0.999
512 1.000 1.000 0.999 0.998 0.998 0.995 0.968 0.982 0.998 0.990 0.997 0.999 0.998 0.999 0.998 0.998 0.991 0.999
513 1.000 0.997 0.993 0.993 0.986 0.985 0.988 0.987 0.989 0.988 0.991 0.995 0.991 0.992 0.993 0.994 0.994 0.989
514 1.000 0.987 0.955 0.951 0.990 0.947 0.929 0.936 0.961 0.924 0.955 0.998 0.957 0.965 0.966 0.981 0.944 0.988
515 1.000 1.000 0.990 0.997 0.997 0.995 0.967 0.971 0.996 0.988 0.991 0.987 0.995 0.994 0.990 0.991 0.981 0.968
516 1.000 0.995 0.986 0.990 0.988 0.960 0.909 0.934 0.978 0.960 0.963 0.996 0.980 0.988 0.985 0.985 0.965 0.996
517 1.000 1.000 1.000 1.000 0.999 1.000 0.998 0.999 1.000 1.000 0.999 1.000 1.000 1.000 1.000 1.000 0.999 0.999
518 1.000 1.000 1.000 1.000 1.000 1.000 0.948 0.984 1.000 1.000 1.000 1.000 1.000 1.000 1.000 1.000 0.974 0.998
519 1.000 0.999 0.992 0.996 0.988 0.974 0.948 0.952 0.986 0.962 0.984 0.993 0.992 0.992 0.989 0.989 0.977 0.989
520 1.000 1.000 1.000 0.999 0.999 0.999 0.951 0.986 0.999 0.999 0.999 1.000 0.999 0.999 0.999 0.999 0.975 0.999
521 1.000 0.994 0.954 0.960 0.951 0.904 0.852 0.885 0.904 0.882 0.935 0.992 0.942 0.964 0.959 0.940 0.945 0.991
522 1.000 1.000 1.000 0.980 0.987 0.987 0.985 0.997 0.996 0.996 1.000 0.988 0.990 0.987 0.999 0.997 0.986 0.996
523 1.000 0.995 0.948 0.953 0.942 0.954 0.935 0.941 0.950 0.950 0.944 0.953 0.955 0.953 0.950 0.949 0.945 0.942
524 1.000 0.999 0.999 0.991 0.983 0.992 0.975 0.992 0.993 0.990 0.996 1.000 0.995 0.991 0.991 0.995 0.982 0.995
525 1.000 0.994 0.772 0.604 0.583 0.456 0.727 0.758 0.440 0.563 0.726 0.896 0.585 0.799 0.805 0.758 0.762 0.896
526 1.000 0.999 0.962 0.965 0.965 0.978 0.944 0.954 0.913 0.919 0.957 0.992 0.985 0.964 0.964 0.958 0.947 0.992
527 1.000 0.987 0.820 0.872 0.837 0.876 0.716 0.809 0.594 0.652 0.822 0.944 0.879 0.840 0.837 0.788 0.762 0.936
528 1.000 0.999 0.990 0.990 0.973 0.987 0.906 0.970 0.989 0.987 0.982 0.969 0.982 0.990 0.982 0.987 0.939 0.962
529 1.000 0.970 0.731 0.396 0.744 0.384 0.362 0.708 0.395 0.509 0.606 0.810 0.377 0.766 0.765 0.711 0.705 0.848
530 1.000 0.998 0.729 0.520 0.533 0.512 0.493 0.698 0.518 0.551 0.630 0.882 0.507 0.713 0.713 0.767 0.520 0.874
531 1.000 0.999 0.989 0.990 0.974 0.986 0.910 0.966 0.988 0.987 0.982 0.967 0.981 0.990 0.981 0.987 0.939 0.960
532 1.000 1.000 0.997 0.997 0.996 0.997 0.994 0.996 0.996 0.996 0.995 0.995 0.997 0.997 0.997 0.996 0.995 0.994
533 1.000 1.000 0.998 0.998 0.997 0.991 0.977 0.989 0.992 0.992 0.993 0.996 0.999 0.998 0.992 0.994 0.984 0.986
534 1.000 1.000 0.998 0.997 0.994 0.994 0.956 0.980 0.997 0.994 0.998 0.999 0.997 0.998 0.997 0.997 0.985 0.999
535 1.000 1.000 1.000 0.999 0.996 0.999 0.995 0.999 0.999 0.999 0.999 1.000 0.998 0.999 0.998 1.000 0.996 0.999
536 1.000 1.000 0.993 0.998 0.999 0.993 0.960 0.958 0.995 0.965 0.998 0.995 0.998 0.997 0.993 0.997 0.994 0.996
537 1.000 0.998 0.990 0.990 0.993 0.987 0.983 0.987 0.991 0.991 0.988 1.000 0.992 0.989 0.989 0.987 0.986 0.999
538 1.000 0.989 0.977 0.982 0.989 0.959 0.921 0.947 0.977 0.947 0.956 0.989 0.971 0.981 0.979 0.975 0.950 0.996
539 1.000 0.996 0.981 0.990 0.989 0.974 0.939 0.960 0.972 0.952 0.991 0.994 0.990 0.984 0.987 0.980 0.982 0.978
540 1.000 0.999 0.994 0.990 0.990 0.987 0.954 0.975 0.994 0.976 0.995 0.998 0.996 0.993 0.996 0.995 0.974 0.985
541 1.000 0.998 0.975 0.972 0.965 0.967 0.965 0.970 0.968 0.968 0.973 0.974 0.968 0.973 0.970 0.972 0.970 0.980
542 1.000 0.998 0.992 0.987 0.992 0.982 0.945 0.956 0.992 0.961 0.991 0.992 0.991 0.991 0.994 0.991 0.979 0.997
543 1.000 0.999 0.995 0.992 0.996 0.995 0.982 0.992 0.990 0.990 0.996 0.998 0.996 0.995 0.995 0.994 0.990 0.999
544 1.000 0.999 0.992 1.000 0.998 0.994 0.969 0.987 0.998 0.992 0.990 0.992 0.997 1.000 0.996 0.991 0.979 0.989
545 1.000 0.998 0.979 0.976 0.967 0.967 0.887 0.929 0.979 0.963 0.963 0.988 0.980 0.981 0.977 0.980 0.962 0.989
546 1.000 1.000 0.999 0.999 0.999 0.999 0.928 0.976 0.999 0.999 0.999 0.999 0.999 0.999 0.999 0.999 0.975 0.998
547 1.000 0.999 0.987 0.985 0.983 0.982 0.963 0.967 0.982 0.979 0.987 0.984 0.989 0.988 0.987 0.982 0.972 0.953
548 1.000 0.998 0.988 0.966 0.941 0.941 0.877 0.932 0.945 0.932 0.920 0.992 0.945 0.967 0.931 0.975 0.894 0.984
549 1.000 0.993 0.928 0.943 0.952 0.921 0.849 0.927 0.937 0.941 0.957 0.964 0.961 0.933 0.930 0.904 0.944 0.958
550 1.000 0.997 0.987 0.961 0.918 0.951 0.869 0.930 0.951 0.933 0.902 0.992 0.931 0.962 0.935 0.966 0.889 0.988
551 1.000 1.000 1.000 1.000 1.000 1.000 1.000 1.000 1.000 1.000 1.000 1.000 1.000 1.000 1.000 1.000 1.000 1.000
552 1.000 1.000 0.993 0.990 0.990 0.979 0.940 0.955 0.990 0.961 0.988 0.990 0.987 0.993 0.992 0.993 0.974 0.992
553 1.000 0.998 0.988 0.991 0.994 0.969 0.946 0.946 0.981 0.954 0.976 0.992 0.986 0.987 0.993 0.986 0.973 0.981
554 1.000 0.999 0.997 0.993 0.992 0.992 0.991 0.996 0.998 0.997 0.993 0.991 0.993 0.995 0.996 0.993 0.994 0.980
555 1.000 1.000 1.000 1.000 1.000 1.000 0.980 0.992 1.000 0.999 0.999 0.998 1.000 1.000 1.000 1.000 0.989 0.995
556 1.000 1.000 0.997 0.999 0.995 0.991 0.967 0.980 0.995 0.987 0.992 0.997 0.995 0.999 0.996 0.997 0.984 0.990
557 1.000 1.000 0.991 0.989 0.971 0.985 0.903 0.968 0.984 0.984 0.979 0.968 0.977 0.989 0.978 0.988 0.936 0.961
558 1.000 1.000 0.997 0.997 0.992 0.992 0.928 0.969 0.998 0.990 0.986 0.997 0.996 0.997 0.992 0.998 0.970 0.991
559 1.000 0.998 0.995 0.999 0.999 0.998 0.973 0.990 0.999 0.999 0.998 0.998 0.998 0.999 0.998 0.994 0.985 0.993
560 1.000 0.998 0.989 0.990 0.973 0.970 0.907 0.935 0.977 0.965 0.967 0.995 0.975 0.986 0.982 0.987 0.967 0.995
561 1.000 1.000 0.991 0.986 0.984 0.979 0.943 0.960 0.990 0.978 0.983 0.983 0.991 0.989 0.991 0.993 0.971 0.981
562 1.000 1.000 1.000 1.000 0.985 0.997 0.770 0.903 0.999 0.996 0.986 1.000 0.997 1.000 0.995 0.998 0.937 0.998
563 1.000 1.000 1.000 0.998 0.998 0.999 0.998 0.999 0.999 0.999 1.000 0.996 0.999 0.999 0.999 0.999 0.998 0.988
564 1.000 1.000 0.999 0.996 0.988 0.995 0.992 0.996 0.995 0.995 0.998 0.991 0.997 0.996 0.996 0.998 0.994 0.984
565 1.000 0.995 0.977 0.981 0.995 0.983 0.941 0.941 0.987 0.940 0.984 0.980 0.990 0.991 0.988 0.985 0.974 0.986
566 1.000 0.995 0.988 0.988 0.986 0.961 0.916 0.943 0.986 0.952 0.962 0.993 0.983 0.990 0.988 0.984 0.954 0.998
567 1.000 0.999 0.984 0.956 0.900 0.951 0.885 0.921 0.953 0.931 0.930 0.983 0.948 0.958 0.937 0.961 0.906 0.967
568 1.000 0.999 0.996 0.998 0.983 0.975 0.889 0.941 0.995 0.959 0.970 0.998 0.994 0.999 0.997 0.991 0.955 0.996
569 1.000 1.000 0.998 0.996 0.997 0.996 0.992 0.994 0.999 0.997 0.997 0.992 0.997 0.998 0.999 0.997 0.997 0.983
570 1.000 0.994 0.990 0.993 0.993 0.976 0.941 0.962 0.991 0.969 0.982 0.995 0.991 0.994 0.991 0.990 0.969 0.998
571 1.000 0.999 0.988 0.992 0.979 0.989 0.904 0.967 0.991 0.987 0.983 0.967 0.981 0.992 0.983 0.986 0.935 0.961
572 1.000 0.997 0.992 0.998 0.994 0.989 0.948 0.964 0.997 0.974 0.986 0.997 0.992 0.998 0.995 0.985 0.982 0.996
573 1.000 1.000 1.000 1.000 1.000 1.000 0.994 0.998 1.000 1.000 1.000 1.000 1.000 1.000 1.000 1.000 0.996 0.998
574 1.000 0.985 0.978 0.984 0.962 0.956 0.905 0.945 0.979 0.948 0.960 0.988 0.973 0.984 0.979 0.976 0.950 0.997
575 1.000 1.000 1.000 1.000 1.000 1.000 0.939 0.984 1.000 1.000 1.000 1.000 1.000 1.000 1.000 1.000 0.969 0.998
576 1.000 0.999 0.968 0.987 0.973 0.972 0.967 0.968 0.989 0.975 0.963 0.957 0.975 0.988 0.989 0.980 0.968 0.971
577 1.000 0.997 0.993 0.991 0.989 0.979 0.907 0.944 0.983 0.974 0.973 0.997 0.983 0.990 0.988 0.990 0.966 0.996
578 1.000 0.999 0.993 0.980 0.993 0.968 0.928 0.951 0.986 0.951 0.988 0.986 0.981 0.989 0.996 0.987 0.968 0.990
579 1.000 0.999 0.996 0.991 0.989 0.982 0.934 0.968 0.990 0.979 0.989 0.992 0.986 0.998 0.996 0.991 0.973 0.987
580 1.000 1.000 1.000 0.997 0.996 0.997 0.980 0.996 0.997 0.998 0.999 0.998 0.997 0.997 0.997 0.999 0.988 0.992
581 1.000 1.000 0.999 0.996 0.989 0.984 0.939 0.971 0.997 0.980 0.988 0.996 0.996 0.998 0.996 0.994 0.973 0.996
582 1.000 1.000 0.989 0.991 0.978 0.987 0.908 0.968 0.989 0.987 0.976 0.966 0.982 0.992 0.982 0.988 0.939 0.955
583 1.000 0.998 0.913 0.819 0.820 0.850 0.794 0.913 0.874 0.876 0.946 0.975 0.838 0.899 0.897 0.913 0.885 0.976
584 1.000 1.000 1.000 0.999 0.997 0.999 0.996 0.999 0.999 0.999 0.999 1.000 0.998 0.999 0.998 1.000 0.996 0.999
585 1.000 1.000 0.994 1.000 0.997 1.000 0.971 0.979 0.998 0.996 0.995 0.994 1.000 0.998 0.996 0.997 0.985 0.981
586 1.000 0.998 0.992 0.992 0.993 0.984 0.914 0.944 0.989 0.976 0.986 0.994 0.988 0.994 0.992 0.989 0.973 0.997
587 1.000 0.990 0.880 0.793 0.921 0.801 0.923 0.906 0.838 0.830 0.901 0.981 0.798 0.850 0.849 0.846 0.830 0.938
588 1.000 0.999 0.999 0.998 0.998 0.997 0.991 0.995 0.998 0.997 0.998 0.999 0.998 0.999 0.998 0.998 0.996 0.998
589 1.000 1.000 1.000 1.000 1.000 1.000 0.995 1.000 1.000 1.000 1.000 1.000 1.000 1.000 1.000 1.000 0.997 1.000
590 1.000 1.000 0.977 0.997 0.996 0.997 0.969 0.990 0.998 0.995 0.992 0.978 0.997 0.997 0.998 0.978 0.982 0.977
591 1.000 0.989 0.976 0.950 0.887 0.939 0.731 0.953 0.939 0.950 0.905 0.996 0.914 0.951 0.852 0.931 0.821 0.980
592 1.000 0.999 0.999 0.994 0.995 0.995 0.993 0.999 0.997 0.997 0.996 0.995 0.995 0.995 0.995 0.996 0.994 0.992
593 1.000 0.990 0.987 0.989 0.994 0.975 0.939 0.964 0.988 0.966 0.981 0.998 0.985 0.991 0.989 0.987 0.965 0.998
594 1.000 0.998 0.967 0.945 0.929 0.932 0.894 0.917 0.954 0.915 0.945 0.973 0.945 0.958 0.957 0.955 0.928 0.977
595 1.000 0.997 0.978 0.979 0.986 0.974 0.963 0.974 0.973 0.972 0.979 0.992 0.980 0.977 0.978 0.978 0.978 0.991
596 1.000 0.999 0.990 0.992 0.972 0.989 0.910 0.969 0.990 0.988 0.978 0.970 0.984 0.992 0.982 0.987 0.942 0.961
597 1.000 0.994 0.751 0.439 0.417 0.401 0.675 0.727 0.410 0.534 0.656 0.854 0.393 0.775 0.775 0.728 0.734 0.817
598 1.000 0.999 0.996 0.998 0.994 0.991 0.968 0.971 0.990 0.980 0.991 0.997 0.994 0.998 0.995 0.994 0.987 0.996
599 1.000 0.998 0.990 0.979 0.980 0.969 0.925 0.954 0.989 0.955 0.989 0.985 0.980 0.990 0.995 0.987 0.969 0.997
600 1.000 1.000 0.998 0.999 0.997 0.996 0.957 0.980 0.997 0.989 0.997 0.998 0.999 0.999 0.997 0.999 0.987 0.996
601 1.000 0.999 0.997 0.998 0.995 0.983 0.927 0.961 0.996 0.971 0.984 0.999 0.995 0.999 0.997 0.992 0.970 0.998
602 1.000 1.000 0.999 0.998 0.999 0.997 0.984 0.994 0.997 0.992 0.996 0.991 0.999 0.999 0.996 0.996 0.989 0.979
603 1.000 0.999 0.992 0.991 0.989 0.981 0.942 0.955 0.994 0.958 0.992 0.988 0.986 0.993 0.993 0.992 0.988 0.994
604 1.000 0.998 0.998 0.998 0.997 0.996 0.973 0.987 0.998 0.998 0.997 0.999 0.988 0.998 0.998 0.998 0.981 0.997
605 1.000 0.998 0.988 0.990 0.992 0.987 0.966 0.956 0.971 0.952 0.991 0.990 0.991 0.990 0.991 0.991 0.982 0.959
606 1.000 0.999 0.996 0.999 0.994 0.982 0.936 0.949 0.990 0.972 0.986 1.000 0.990 0.997 0.997 0.994 0.978 1.000
607 1.000 1.000 1.000 0.999 0.997 0.999 0.996 0.999 0.999 0.999 0.999 1.000 0.999 0.999 0.998 0.999 0.997 0.999
608 1.000 1.000 0.993 0.998 0.997 0.992 0.958 0.962 1.000 0.968 0.999 0.997 0.998 0.998 0.996 0.999 0.993 0.993
609 1.000 1.000 1.000 1.000 0.997 1.000 0.996 1.000 1.000 0.999 0.999 1.000 0.999 1.000 0.999 1.000 0.997 0.999
