 accp4 accp4c accp4p ARC Cacheus Clock FIFO FIFO-Merge GDSF Hyperbolic LHD LIRS LeCaR QDLP S3FIFO S4LRU TwoQ WTinyLFU
1 0.716 0.639 0.630 0.489 0.558 0.433 0.420 0.515 0.446 0.464 0.566 0.666 0.442 0.596 0.797 0.563 0.476 1.000
2 0.736 0.542 0.654 0.349 0.341 0.302 0.296 0.306 0.303 0.302 0.400 0.571 0.302 0.352 0.309 0.461 0.306 1.000
3 0.756 0.802 0.795 0.673 0.681 0.677 0.653 0.684 0.681 0.688 0.678 0.754 0.680 0.618 0.687 0.887 0.678 1.000
4 0.767 0.606 0.726 0.332 0.490 0.215 0.210 0.298 0.232 0.232 0.719 0.610 0.214 0.535 0.527 0.446 0.405 1.000
5 0.782 0.629 0.749 0.346 0.693 0.218 0.212 0.307 0.235 0.236 0.755 0.625 0.217 0.656 0.640 0.438 0.434 1.000
6 0.791 0.687 0.758 0.418 0.619 0.215 0.210 0.300 0.231 0.232 0.664 0.696 0.214 0.611 0.604 0.447 0.404 1.000
7 0.806 0.657 0.776 0.427 0.801 0.223 0.218 0.317 0.240 0.244 0.596 0.651 0.222 0.732 0.711 0.438 0.480 1.000
8 0.808 0.413 0.628 0.380 0.522 0.227 0.224 0.292 0.233 0.239 0.927 0.401 0.226 0.541 0.510 0.267 0.421 1.000
9 0.810 0.675 0.774 0.348 0.518 0.222 0.216 0.310 0.238 0.240 0.604 0.668 0.220 0.613 0.615 0.476 0.448 1.000
10 0.814 0.708 0.779 0.423 0.561 0.230 0.225 0.322 0.247 0.249 0.408 0.698 0.229 0.642 0.653 0.463 0.478 1.000
11 0.830 0.693 0.800 0.405 0.575 0.215 0.209 0.307 0.232 0.234 0.678 0.672 0.213 0.698 0.706 0.440 0.501 1.000
12 0.830 0.809 0.775 0.829 0.777 0.810 0.732 0.757 0.895 0.737 0.900 0.831 0.819 0.801 0.810 0.381 0.806 1.000
13 0.836 0.832 0.825 0.631 0.772 0.595 0.597 0.668 0.600 0.632 0.681 0.782 0.596 0.888 1.000 0.657 0.784 0.995
14 0.844 0.769 0.772 0.651 0.680 0.589 0.583 0.645 0.597 0.615 0.657 0.790 0.588 0.714 0.692 0.704 0.610 1.000
15 0.847 0.725 0.808 0.373 0.710 0.208 0.203 0.298 0.224 0.228 0.616 0.735 0.207 0.645 0.635 0.468 0.487 1.000
16 0.851 0.747 0.818 0.457 0.595 0.223 0.218 0.320 0.240 0.244 0.431 0.763 0.222 0.705 0.685 0.485 0.462 1.000
17 0.858 0.854 0.852 0.807 0.808 0.808 0.799 0.823 0.809 0.816 0.845 0.824 0.808 0.810 0.812 0.872 0.810 1.000
18 0.864 0.843 0.840 0.689 0.682 0.677 0.668 0.707 0.678 0.685 0.742 0.847 0.680 0.690 0.685 0.815 0.678 1.000
19 0.872 0.868 0.867 0.812 0.797 0.795 0.792 0.777 0.799 0.786 0.869 0.817 0.800 0.838 0.941 0.768 0.975 1.000
20 0.874 0.871 0.869 0.802 0.803 0.802 0.796 0.802 0.802 0.805 0.802 0.832 0.801 0.803 0.804 0.857 0.803 1.000
21 0.875 0.870 0.870 0.816 0.795 0.798 0.794 0.779 0.802 0.789 0.871 0.819 0.802 0.840 0.943 0.770 0.972 1.000
22 0.880 0.860 0.864 0.641 0.640 0.625 0.591 0.660 0.638 0.637 0.643 0.661 0.632 0.643 0.641 0.664 0.636 1.000
23 0.880 0.896 0.677 0.963 0.901 0.996 0.977 0.841 0.981 0.958 0.995 0.585 1.000 0.674 0.661 0.711 0.750 0.315
24 0.883 0.891 0.891 0.845 0.962 0.819 0.764 0.869 0.831 0.790 0.855 0.893 0.813 0.851 0.848 0.850 0.766 1.000
25 0.891 0.886 0.885 0.826 0.814 0.808 0.804 0.788 0.811 0.797 0.876 0.832 0.812 0.854 0.962 0.780 0.991 1.000
26 0.895 0.742 0.855 0.433 0.639 0.237 0.232 0.340 0.256 0.260 0.690 0.738 0.236 0.755 0.745 0.475 0.530 1.000
27 0.904 0.877 0.799 0.772 0.662 0.596 0.609 0.614 0.695 0.593 0.678 0.833 0.598 0.873 0.877 0.861 0.775 1.000
28 0.905 0.891 0.891 0.589 0.903 0.557 0.544 0.763 0.576 0.603 0.690 0.765 0.554 0.820 0.874 0.787 0.956 1.000
29 0.912 0.912 0.912 0.986 0.909 0.974 0.950 0.919 0.902 0.881 0.976 0.913 1.000 0.911 0.910 0.839 0.846 0.853
30 0.912 0.857 0.887 0.694 0.921 0.592 0.520 0.632 0.667 0.595 0.910 0.886 0.595 0.697 0.688 0.831 0.678 1.000
31 0.917 0.964 0.962 0.906 0.936 0.901 0.887 0.915 0.904 0.909 0.940 0.911 0.901 0.918 0.936 0.900 0.952 1.000
32 0.921 0.932 0.930 0.889 0.890 0.884 0.875 0.885 0.886 0.890 0.885 0.916 0.884 0.890 0.889 0.913 0.885 1.000
33 0.931 0.930 0.929 0.912 0.888 0.860 0.856 0.870 0.861 0.874 0.917 0.905 0.860 0.910 0.936 0.867 0.948 1.000
34 0.936 0.859 0.867 0.408 0.408 0.313 0.299 0.335 0.318 0.318 0.754 0.910 0.308 0.408 0.358 0.762 0.316 1.000
35 0.936 0.865 0.868 0.767 0.796 0.729 0.715 0.756 0.744 0.737 0.802 0.814 0.729 0.786 0.811 0.808 0.795 1.000
36 0.937 0.965 0.963 0.996 0.996 0.996 0.996 0.966 0.991 0.984 1.000 0.862 0.997 0.963 0.933 0.985 0.987 0.704
37 0.937 0.854 0.917 0.576 0.673 0.232 0.228 0.336 0.250 0.252 0.686 0.843 0.231 0.880 0.862 0.515 0.592 1.000
38 0.940 0.868 0.906 0.712 0.713 0.706 0.697 0.776 0.707 0.723 0.785 0.876 0.705 0.840 0.843 0.846 0.706 1.000
39 0.943 0.943 0.941 0.888 0.887 0.883 0.874 0.904 0.886 0.893 0.912 0.920 0.884 0.889 0.889 0.928 0.887 1.000
40 0.944 0.831 0.872 0.556 0.574 0.395 0.393 0.440 0.402 0.405 0.568 0.875 0.394 0.565 0.553 0.759 0.440 1.000
41 0.946 0.930 0.935 0.913 0.916 0.873 0.790 0.903 0.882 0.883 1.000 0.928 0.871 0.914 0.910 0.898 0.903 0.907
42 0.950 0.961 0.960 1.000 0.992 0.996 0.991 0.965 0.960 0.955 1.000 0.934 1.000 0.959 0.949 0.957 0.955 0.791
43 0.951 0.951 0.951 0.948 0.953 0.946 0.935 0.950 0.947 0.951 0.975 0.949 0.946 0.953 0.960 0.947 0.948 1.000
44 0.954 0.962 0.960 1.000 0.992 0.997 0.986 0.961 0.948 0.944 1.000 0.942 0.999 0.959 0.948 0.947 0.952 0.868
45 0.954 0.952 0.953 0.953 0.953 0.949 0.938 0.955 0.957 0.953 0.947 0.942 0.946 0.949 0.994 0.989 0.987 1.000
46 0.955 0.980 0.979 0.988 0.987 0.986 0.987 0.966 0.985 0.985 0.999 0.845 0.988 0.978 0.960 0.985 1.000 0.614
47 0.955 0.955 0.954 0.951 0.947 0.945 0.947 0.936 0.939 0.935 0.980 0.944 0.950 0.946 0.953 0.934 0.994 1.000
48 0.957 0.974 0.973 0.996 0.995 0.994 0.997 0.969 0.972 0.949 1.000 0.930 0.998 0.973 0.953 0.985 0.960 0.821
49 0.958 0.971 0.971 0.998 0.996 0.998 0.999 0.967 0.962 0.940 1.000 0.937 0.999 0.973 0.954 0.982 0.956 0.843
50 0.958 0.972 0.971 0.996 0.992 0.996 0.998 0.968 0.964 0.944 1.000 0.937 0.996 0.972 0.954 0.980 0.956 0.835
51 0.959 0.975 0.974 0.998 0.996 0.996 0.998 0.967 0.967 0.945 1.000 0.935 0.999 0.974 0.955 0.986 0.960 0.827
52 0.960 0.974 0.974 0.996 0.996 0.996 0.998 0.972 0.973 0.962 1.000 0.937 0.997 0.973 0.954 0.984 0.960 0.835
53 0.960 0.963 0.962 0.959 0.962 0.941 0.919 0.903 0.919 0.896 1.000 0.951 0.947 0.959 0.975 0.920 0.986 0.863
54 0.961 0.959 0.956 0.921 0.961 0.913 0.896 0.943 0.917 0.926 0.950 0.944 0.912 0.962 0.976 0.938 0.953 1.000
55 0.961 0.970 0.969 0.999 0.996 0.998 0.985 0.959 0.937 0.924 0.998 0.948 1.000 0.971 0.957 0.974 0.957 0.446
56 0.961 0.968 0.960 0.998 0.993 0.995 0.981 0.959 0.945 0.937 1.000 0.947 1.000 0.960 0.949 0.944 0.952 0.858
57 0.961 0.967 0.966 0.952 0.960 0.934 0.849 0.928 0.943 0.935 0.943 0.907 0.929 0.956 1.000 0.956 0.995 0.922
58 0.962 0.962 0.962 0.958 0.959 0.949 0.914 0.944 0.955 0.950 0.950 0.957 0.951 0.959 0.959 0.962 0.957 1.000
59 0.962 0.795 0.905 0.474 0.724 0.274 0.266 0.393 0.294 0.301 0.616 0.792 0.272 0.855 0.808 0.555 0.580 1.000
60 0.963 0.982 0.982 0.974 0.961 0.923 0.857 0.911 0.930 0.911 0.930 0.957 0.920 0.982 0.984 0.941 1.000 0.665
61 0.964 0.976 0.975 0.998 0.996 0.996 0.996 0.972 0.972 0.961 1.000 0.943 0.999 0.975 0.959 0.984 0.962 0.854
62 0.964 0.978 0.976 0.999 0.998 0.997 0.993 0.970 0.970 0.963 1.000 0.936 1.000 0.976 0.958 0.982 0.968 0.822
63 0.967 0.963 0.956 0.952 0.943 0.941 0.926 0.900 0.895 0.888 0.986 0.953 0.962 0.950 0.964 0.798 0.975 1.000
64 0.967 0.967 0.966 0.943 0.947 0.941 0.933 0.966 0.941 0.948 0.978 0.949 0.941 0.962 0.975 0.960 0.951 1.000
65 0.968 0.980 0.980 0.998 0.997 0.997 0.997 0.975 0.970 0.957 1.000 0.949 0.998 0.980 0.965 0.988 0.969 0.873
66 0.969 0.996 0.965 0.905 0.845 0.567 0.453 0.722 0.629 0.591 0.887 0.918 0.588 0.897 0.895 0.668 0.693 1.000
67 0.969 0.982 0.993 0.988 0.900 0.777 0.698 0.785 0.796 0.782 0.791 0.989 0.775 0.988 0.979 0.902 0.935 1.000
68 0.970 0.970 0.970 0.965 0.965 0.963 0.958 0.968 0.966 0.970 0.983 0.967 0.964 0.967 0.967 0.972 0.964 1.000
69 0.970 0.989 0.988 0.967 0.964 0.953 0.922 0.947 0.950 0.946 0.955 0.948 0.953 0.984 0.999 0.957 1.000 0.883
70 0.970 0.970 0.967 0.947 0.919 0.865 0.854 0.892 0.871 0.880 0.917 0.955 0.866 0.958 0.983 0.906 0.974 1.000
71 0.970 0.974 0.974 0.964 0.977 0.966 0.962 0.929 0.954 0.936 1.000 0.950 0.974 0.972 0.975 0.949 0.993 0.932
72 0.971 0.971 0.970 0.968 0.968 0.962 0.828 0.915 0.967 0.950 0.974 0.969 0.965 0.969 0.970 0.961 0.968 1.000
73 0.971 0.968 0.968 0.938 0.930 0.915 0.910 0.905 0.907 0.909 0.943 0.940 0.917 0.957 0.973 0.890 0.997 1.000
74 0.971 1.000 1.000 1.000 0.935 0.916 0.856 0.916 0.957 0.927 0.997 0.961 0.915 0.996 0.990 0.963 0.965 0.925
75 0.971 0.968 0.952 0.938 0.931 0.928 0.911 0.938 0.934 0.933 0.941 0.956 0.928 0.951 0.954 0.938 0.975 1.000
76 0.971 0.721 0.659 0.481 0.390 0.388 0.348 0.698 0.381 0.455 1.000 0.593 0.405 0.558 0.558 0.173 0.343 0.939
77 0.972 0.975 0.987 0.979 0.897 0.775 0.695 0.781 0.796 0.780 0.787 0.995 0.773 0.978 0.978 0.907 0.948 1.000
78 0.972 0.985 0.985 0.973 0.970 0.946 0.874 0.939 0.952 0.944 0.954 0.959 0.943 0.982 1.000 0.958 0.997 0.784
79 0.973 0.970 0.972 0.971 0.972 0.966 0.951 0.971 0.976 0.971 0.964 0.959 0.964 0.968 0.996 1.000 0.991 0.999
80 0.973 0.980 0.980 0.992 0.982 0.971 0.908 0.934 0.930 0.886 1.000 0.977 0.999 0.978 0.977 0.802 0.962 0.805
81 0.974 1.000 0.948 0.830 0.913 0.680 0.627 0.702 0.686 0.702 0.875 0.759 0.686 0.714 0.658 0.539 0.616 0.912
82 0.974 0.982 0.982 1.000 0.997 0.989 0.947 0.966 0.965 0.961 0.992 0.985 0.993 0.987 0.981 0.975 0.983 0.752
83 0.974 0.988 0.987 0.976 0.901 0.783 0.706 0.790 0.805 0.787 0.799 0.996 0.782 0.973 0.974 0.921 0.942 1.000
84 0.974 0.946 0.912 0.870 0.718 0.491 0.564 0.608 0.616 0.528 0.834 0.797 0.510 0.903 1.000 0.634 0.875 0.936
85 0.974 0.983 0.983 1.000 0.993 0.958 0.895 0.942 0.943 0.929 0.985 0.985 0.971 0.987 0.978 0.968 0.974 0.866
86 0.974 0.974 0.973 0.964 0.927 0.880 0.795 0.870 0.900 0.880 0.884 0.956 0.877 0.980 1.000 0.943 0.982 0.926
87 0.975 0.989 0.994 0.989 0.901 0.781 0.700 0.787 0.803 0.785 0.795 1.000 0.779 0.987 0.986 0.910 0.947 0.846
88 0.975 0.966 0.965 0.853 0.750 0.571 0.575 0.623 0.582 0.603 0.719 0.900 0.570 0.926 1.000 0.662 0.907 0.941
89 0.975 0.982 0.988 0.953 0.928 0.900 0.882 0.922 0.920 0.906 0.931 0.985 0.911 0.968 0.976 0.929 0.948 1.000
90 0.975 0.966 0.965 0.900 0.829 0.749 0.735 0.742 0.776 0.747 0.795 0.903 0.753 0.950 0.980 0.865 0.933 1.000
91 0.976 0.993 0.992 0.993 0.997 0.992 0.943 0.959 0.987 0.950 1.000 0.975 0.998 0.990 0.984 0.992 0.990 0.840
92 0.976 0.976 0.974 0.965 0.931 0.883 0.799 0.872 0.903 0.884 0.888 0.947 0.880 0.981 1.000 0.943 0.982 0.920
93 0.976 0.983 0.982 0.969 0.896 0.777 0.695 0.781 0.799 0.780 0.790 0.989 0.775 0.970 0.972 0.919 0.937 1.000
94 0.976 0.980 0.977 0.993 0.991 0.992 0.974 0.959 0.932 0.928 1.000 0.968 0.998 0.974 0.969 0.941 0.968 0.886
95 0.976 0.990 0.993 0.976 0.894 0.772 0.691 0.778 0.793 0.776 0.786 1.000 0.772 0.976 0.976 0.917 0.943 0.997
96 0.977 0.976 0.974 0.966 0.928 0.879 0.796 0.862 0.899 0.880 0.883 0.956 0.877 0.982 1.000 0.943 0.983 0.926
97 0.977 0.986 0.989 0.979 0.900 0.776 0.696 0.781 0.799 0.780 0.792 1.000 0.775 0.977 0.978 0.917 0.940 0.998
98 0.977 0.989 0.991 0.977 0.896 0.774 0.694 0.778 0.796 0.778 0.787 1.000 0.772 0.976 0.972 0.925 0.941 0.878
99 0.977 0.972 0.971 0.929 0.899 0.851 0.836 0.847 0.859 0.844 0.904 0.931 0.851 0.959 1.000 0.897 0.978 0.973
100 0.977 0.975 0.973 0.968 0.914 0.854 0.769 0.846 0.881 0.859 0.859 0.954 0.852 0.982 1.000 0.937 0.979 0.926
101 0.977 0.981 0.978 0.993 0.991 0.992 0.976 0.962 0.938 0.933 1.000 0.969 0.998 0.974 0.970 0.948 0.969 0.606
102 0.977 0.979 0.978 0.963 0.958 0.923 0.884 0.937 0.942 0.937 0.962 0.959 0.927 0.969 1.000 0.966 0.983 0.997
103 0.978 0.987 0.989 0.978 0.896 0.773 0.692 0.779 0.794 0.777 0.787 1.000 0.771 0.971 0.981 0.918 0.943 0.873
104 0.978 0.981 0.981 0.956 0.965 0.926 0.915 0.933 0.934 0.930 0.949 0.953 0.930 0.977 0.986 0.932 0.990 1.000
105 0.978 0.981 0.979 0.994 0.991 0.991 0.976 0.963 0.938 0.934 1.000 0.971 0.998 0.976 0.971 0.949 0.970 0.893
106 0.978 0.975 0.977 0.972 0.972 0.958 0.931 0.959 0.977 0.967 0.966 0.959 0.960 0.966 0.998 0.989 1.000 0.975
107 0.979 0.976 0.974 0.968 0.907 0.840 0.754 0.832 0.870 0.845 0.844 0.952 0.837 0.982 1.000 0.935 0.977 0.923
108 0.979 1.000 0.931 0.903 0.797 0.749 0.697 0.794 0.804 0.770 0.913 0.802 0.836 0.922 0.942 0.867 0.887 0.739
109 0.979 0.979 0.979 0.977 0.977 0.975 0.959 0.974 0.977 0.974 0.976 0.973 0.975 0.978 0.980 0.979 0.978 1.000
110 0.979 0.979 0.977 0.954 0.952 0.965 0.952 0.940 0.930 0.936 0.978 0.964 0.968 0.966 0.984 0.928 0.992 1.000
111 0.979 1.000 0.761 0.844 0.794 0.853 0.852 0.785 0.847 0.815 0.860 0.739 0.866 0.777 0.775 0.717 0.778 0.632
112 0.979 0.985 0.985 0.975 0.895 0.778 0.699 0.783 0.800 0.783 0.791 0.997 0.777 0.966 0.972 0.924 0.935 1.000
113 0.979 0.984 0.989 0.982 0.894 0.776 0.696 0.781 0.798 0.780 0.791 0.992 0.776 0.979 0.984 0.906 0.952 1.000
114 0.979 0.917 0.937 0.981 0.557 0.062 0.064 0.304 0.095 0.094 1.000 0.995 0.062 0.909 0.909 0.179 0.728 0.958
115 0.980 0.987 0.987 0.935 0.936 0.853 0.857 0.907 0.857 0.878 0.921 0.974 0.852 0.972 0.986 0.883 0.889 1.000
116 0.980 0.980 0.980 0.979 0.979 0.977 0.961 0.975 0.979 0.976 0.977 0.975 0.977 0.979 0.982 0.980 0.983 1.000
117 0.980 0.984 0.988 0.985 0.897 0.776 0.696 0.782 0.798 0.780 0.788 0.996 0.776 0.978 0.980 0.909 0.939 1.000
118 0.980 0.981 0.945 0.915 0.932 0.871 0.862 0.904 0.880 0.889 0.995 0.941 0.873 0.943 0.951 0.910 0.909 1.000
119 0.980 0.980 0.981 0.980 0.980 0.978 0.963 0.977 0.980 0.977 0.978 0.977 0.978 0.980 0.981 0.981 0.981 1.000
120 0.981 0.973 0.968 0.975 0.866 0.756 0.673 0.761 0.804 0.766 0.764 0.964 0.753 0.984 1.000 0.908 0.958 0.943
121 0.981 0.990 0.990 0.964 0.898 0.782 0.701 0.787 0.803 0.787 0.794 1.000 0.781 0.967 0.964 0.935 0.934 0.997
122 0.981 0.993 0.993 1.000 0.994 0.983 0.876 0.939 0.981 0.965 0.991 0.980 0.991 0.993 0.991 0.993 0.995 0.625
123 0.981 0.993 0.993 1.000 0.995 0.983 0.876 0.941 0.983 0.969 0.991 0.979 0.991 0.993 0.992 0.992 0.995 0.827
124 0.981 0.981 0.981 0.981 0.981 0.978 0.963 0.977 0.981 0.978 0.979 0.978 0.979 0.981 0.982 0.981 0.982 1.000
125 0.981 0.981 0.981 0.981 0.981 0.978 0.965 0.977 0.981 0.977 0.980 0.977 0.978 0.981 0.982 0.980 0.984 1.000
126 0.981 0.976 0.971 0.982 0.884 0.784 0.702 0.785 0.826 0.794 0.791 0.974 0.781 0.985 1.000 0.921 0.965 0.947
127 0.981 0.981 0.981 0.981 0.981 0.979 0.964 0.978 0.981 0.978 0.980 0.978 0.979 0.981 0.982 0.982 0.982 1.000
128 0.982 0.979 0.978 0.975 0.906 0.832 0.747 0.823 0.864 0.839 0.836 0.961 0.829 0.985 1.000 0.935 0.975 0.929
129 0.982 0.983 0.976 0.970 0.968 0.955 0.941 0.963 0.962 0.961 0.959 0.969 0.958 0.967 0.965 0.978 0.961 1.000
130 0.982 0.984 0.984 0.981 0.979 0.934 0.830 0.911 0.968 0.916 0.965 0.982 0.965 0.982 0.982 0.976 0.980 1.000
131 0.982 0.997 1.000 0.976 0.982 0.971 0.954 0.972 0.975 0.973 0.977 0.963 0.971 0.978 0.979 0.976 0.998 0.996
132 0.982 0.983 0.982 0.987 0.976 0.983 0.980 0.967 0.969 0.969 1.000 0.976 0.987 0.977 0.979 0.963 0.996 0.988
133 0.982 0.994 0.993 0.982 0.893 0.776 0.694 0.779 0.799 0.781 0.789 1.000 0.777 0.975 0.977 0.924 0.951 1.000
134 0.983 0.982 0.982 0.972 0.970 0.974 0.969 0.963 0.962 0.964 0.985 0.974 0.974 0.977 0.978 0.959 0.994 1.000
135 0.983 0.983 0.982 0.974 0.974 0.971 0.964 0.972 0.974 0.974 0.972 0.983 0.972 0.974 0.974 0.977 0.973 1.000
136 0.983 0.988 0.989 0.964 0.976 0.958 0.944 0.960 0.961 0.960 0.966 0.956 0.959 0.983 0.965 0.962 0.992 1.000
137 0.984 0.990 0.991 0.966 0.979 0.958 0.943 0.960 0.961 0.960 0.965 0.955 0.958 0.985 0.965 0.962 1.000 0.998
138 0.984 0.986 0.986 0.992 0.993 0.991 0.975 0.968 0.947 0.946 1.000 0.978 0.995 0.982 0.978 0.958 0.974 0.916
139 0.984 0.989 0.989 0.977 0.972 0.949 0.885 0.940 0.959 0.947 0.951 0.959 0.952 0.986 1.000 0.961 1.000 0.889
140 0.984 0.983 0.978 0.942 0.935 0.891 0.862 0.895 0.924 0.879 0.976 0.858 0.920 0.967 0.987 0.919 1.000 0.657
141 0.984 0.994 0.996 0.978 0.987 0.974 0.958 0.976 0.978 0.977 0.979 0.964 0.975 0.979 0.982 0.979 0.998 1.000
142 0.984 0.984 0.984 0.990 0.981 0.952 0.880 0.941 0.977 0.958 0.965 0.989 0.953 0.983 1.000 0.981 0.993 0.978
143 0.984 0.996 0.971 0.994 0.864 0.785 0.729 0.803 0.803 0.789 0.802 1.000 0.784 0.989 0.993 0.876 0.956 0.983
144 0.984 0.982 0.996 0.988 0.899 0.769 0.690 0.777 0.789 0.773 0.783 0.999 0.767 0.983 0.992 0.897 0.952 1.000
145 0.984 0.987 0.982 0.992 0.993 0.990 0.971 0.964 0.939 0.938 1.000 0.973 0.995 0.980 0.975 0.955 0.973 0.524
146 0.984 0.989 0.992 0.963 0.978 0.955 0.942 0.957 0.958 0.958 0.966 0.954 0.955 0.982 0.977 0.960 0.997 1.000
147 0.985 0.985 0.979 0.946 0.941 0.894 0.878 0.904 0.929 0.885 0.979 0.860 0.926 0.971 0.986 0.927 1.000 0.784
148 0.985 0.984 0.982 0.968 0.963 0.935 0.912 0.933 0.960 0.938 0.949 0.944 0.937 0.982 0.988 0.961 1.000 0.981
149 0.985 0.995 0.995 0.986 0.982 0.946 0.902 0.948 0.952 0.945 0.960 0.978 0.942 0.994 0.997 0.963 1.000 0.937
150 0.985 0.985 0.980 0.941 0.935 0.880 0.855 0.889 0.928 0.870 0.974 0.861 0.916 0.970 0.988 0.922 1.000 0.812
151 0.985 0.988 0.993 0.958 0.978 0.943 0.929 0.946 0.947 0.946 0.960 0.950 0.943 0.985 0.990 0.948 1.000 0.997
152 0.985 0.984 0.990 0.977 0.890 0.770 0.689 0.777 0.792 0.774 0.787 0.992 0.770 0.975 0.978 0.913 0.940 1.000
153 0.985 0.988 0.983 0.950 0.950 0.907 0.891 0.917 0.934 0.898 0.980 0.864 0.927 0.975 0.987 0.938 1.000 0.780
154 0.985 0.987 0.986 0.997 0.999 0.995 0.967 0.972 0.933 0.922 1.000 0.986 0.997 0.987 0.986 0.957 0.986 0.913
155 0.985 0.987 0.989 0.960 0.972 0.934 0.922 0.939 0.937 0.938 0.958 0.956 0.936 0.983 0.994 0.938 0.997 1.000
156 0.985 0.991 0.994 0.963 0.978 0.945 0.932 0.949 0.947 0.948 0.961 0.959 0.946 0.986 0.989 0.950 1.000 0.996
157 0.985 0.985 0.983 0.965 0.960 0.935 0.908 0.932 0.959 0.939 0.945 0.944 0.935 0.982 0.991 0.962 1.000 0.983
158 0.986 0.989 0.983 0.993 0.995 0.991 0.966 0.958 0.923 0.920 1.000 0.976 0.996 0.982 0.976 0.948 0.974 0.881
159 0.986 0.990 0.989 0.996 0.999 0.998 0.978 0.977 0.941 0.937 1.000 0.983 1.000 0.991 0.985 0.987 0.983 0.906
160 0.986 0.983 0.983 0.862 0.806 0.736 0.723 0.731 0.758 0.737 0.903 0.864 0.737 0.953 1.000 0.781 0.965 0.998
161 0.986 0.992 0.994 0.970 0.981 0.965 0.951 0.966 0.968 0.968 0.971 0.962 0.965 0.986 0.974 0.969 0.998 1.000
162 0.986 0.989 0.994 0.960 0.979 0.948 0.935 0.951 0.951 0.951 0.959 0.952 0.949 0.986 0.997 0.953 1.000 0.995
163 0.986 0.992 0.995 0.967 0.980 0.948 0.936 0.952 0.950 0.951 0.963 0.961 0.949 0.985 0.989 0.953 1.000 0.999
164 0.986 0.988 0.986 0.981 0.971 0.960 0.969 0.964 0.961 0.965 0.992 0.975 0.961 0.980 0.984 0.963 1.000 0.989
165 0.986 0.985 0.984 0.959 0.946 0.912 0.862 0.911 0.918 0.911 0.925 0.955 0.921 0.979 1.000 0.952 0.984 0.950
166 0.986 0.988 0.988 0.980 0.986 0.962 0.915 0.960 0.973 0.961 0.974 0.937 0.962 0.985 0.993 0.974 1.000 0.895
167 0.986 0.990 0.989 1.000 0.963 0.925 0.884 0.933 0.936 0.931 0.947 0.994 0.931 0.992 0.971 0.953 0.965 0.939
168 0.987 0.989 0.992 0.963 0.981 0.954 0.940 0.956 0.957 0.956 0.966 0.954 0.954 0.986 0.962 0.958 0.996 1.000
169 0.987 0.990 0.990 0.965 0.976 0.956 0.942 0.959 0.961 0.959 0.968 0.956 0.958 0.987 0.965 0.962 0.993 1.000
170 0.987 0.954 0.964 0.818 0.817 0.810 0.802 0.831 0.815 0.818 0.811 0.966 0.809 0.818 0.817 0.927 0.815 1.000
171 0.987 0.994 0.996 0.973 0.982 0.968 0.954 0.969 0.971 0.970 0.974 0.964 0.969 0.986 0.978 0.974 1.000 0.999
172 0.987 0.991 0.995 0.956 0.978 0.939 0.926 0.943 0.941 0.942 0.958 0.949 0.939 0.984 0.987 0.944 1.000 0.993
173 0.987 0.990 0.992 0.960 0.981 0.944 0.932 0.948 0.946 0.948 0.959 0.952 0.945 0.986 0.986 0.949 1.000 0.980
174 0.987 0.991 0.997 0.983 0.908 0.783 0.702 0.789 0.805 0.787 0.797 1.000 0.784 0.983 0.983 0.924 0.953 0.895
175 0.987 0.989 0.989 0.992 0.994 0.991 0.974 0.969 0.939 0.937 1.000 0.984 0.993 0.989 0.986 0.973 0.985 0.917
176 0.987 0.989 0.989 0.992 0.994 0.991 0.974 0.969 0.940 0.937 1.000 0.984 0.994 0.989 0.986 0.973 0.985 0.917
177 0.987 0.993 0.994 0.963 0.982 0.950 0.937 0.953 0.953 0.953 0.964 0.954 0.951 0.985 0.988 0.955 1.000 0.998
178 0.987 0.984 0.983 0.863 0.808 0.734 0.722 0.730 0.757 0.736 0.906 0.865 0.735 0.954 0.999 0.778 0.965 1.000
179 0.987 0.983 0.983 0.864 0.808 0.735 0.723 0.730 0.758 0.737 0.910 0.866 0.736 0.954 1.000 0.779 0.966 0.999
180 0.987 0.989 0.989 0.992 0.994 0.991 0.974 0.969 0.940 0.937 1.000 0.984 0.993 0.989 0.986 0.973 0.985 0.635
181 0.987 0.984 0.984 0.864 0.806 0.737 0.725 0.731 0.760 0.738 0.895 0.866 0.738 0.954 1.000 0.777 0.967 1.000
182 0.987 0.989 0.989 0.992 0.994 0.990 0.974 0.969 0.940 0.938 1.000 0.984 0.993 0.989 0.987 0.973 0.985 0.917
183 0.987 0.958 0.811 0.826 0.751 0.783 0.646 0.777 1.000 0.797 0.986 0.994 0.868 0.873 0.868 0.902 0.859 0.965
184 0.987 0.984 0.984 0.867 0.811 0.734 0.721 0.730 0.758 0.736 0.906 0.869 0.734 0.958 0.999 0.779 0.964 1.000
185 0.987 0.993 0.992 1.000 0.965 0.895 0.826 0.889 0.905 0.890 0.939 0.986 0.896 0.992 0.989 0.948 0.964 0.891
186 0.988 0.990 0.995 0.956 0.977 0.943 0.930 0.946 0.946 0.946 0.959 0.949 0.944 0.987 0.990 0.950 1.000 0.996
187 0.988 0.989 0.989 0.992 0.994 0.990 0.974 0.969 0.940 0.938 1.000 0.985 0.993 0.990 0.987 0.973 0.985 0.917
188 0.988 0.990 0.995 0.961 0.980 0.948 0.934 0.951 0.951 0.951 0.960 0.952 0.948 0.987 0.982 0.958 1.000 0.996
189 0.988 0.988 0.988 0.979 0.973 0.933 0.882 0.939 0.960 0.937 0.953 0.973 0.939 0.987 1.000 0.970 0.994 0.980
190 0.988 0.988 0.988 0.987 0.987 0.984 0.967 0.983 0.986 0.984 0.985 0.984 0.985 0.987 0.988 0.986 0.988 1.000
191 0.988 0.988 0.986 0.984 0.983 0.982 0.980 0.979 0.977 0.978 1.000 0.984 0.983 0.984 0.983 0.977 0.984 0.984
192 0.988 0.985 0.985 0.866 0.812 0.735 0.723 0.730 0.758 0.736 0.898 0.868 0.736 0.957 1.000 0.784 0.964 0.994
193 0.988 0.994 0.997 0.961 0.980 0.945 0.932 0.949 0.948 0.948 0.961 0.955 0.945 0.985 0.991 0.951 1.000 0.995
194 0.988 0.985 0.985 0.866 0.813 0.737 0.727 0.733 0.760 0.739 0.889 0.868 0.739 0.958 1.000 0.784 0.964 0.994
195 0.988 0.989 0.989 0.992 0.994 0.990 0.974 0.969 0.940 0.938 1.000 0.985 0.993 0.990 0.987 0.974 0.986 0.918
196 0.988 0.985 0.985 0.866 0.812 0.734 0.723 0.730 0.758 0.736 0.921 0.867 0.736 0.958 1.000 0.780 0.965 0.998
197 0.988 0.992 0.994 0.966 0.981 0.958 0.944 0.960 0.961 0.960 0.967 0.957 0.958 0.987 0.973 0.962 0.996 1.000
198 0.988 0.991 0.991 0.990 0.989 0.974 0.926 0.970 0.979 0.975 0.978 0.977 0.974 0.991 0.991 0.980 1.000 0.944
199 0.988 0.992 0.994 0.967 0.982 0.958 0.944 0.960 0.961 0.960 0.966 0.958 0.958 0.985 0.981 0.963 0.999 1.000
200 0.988 0.989 0.986 0.984 0.981 0.980 0.978 0.978 0.976 0.978 1.000 0.985 0.981 0.984 0.982 0.977 0.982 0.976
201 0.988 0.990 0.989 0.992 0.994 0.991 0.974 0.969 0.940 0.938 1.000 0.985 0.993 0.990 0.987 0.974 0.986 0.918
202 0.988 0.995 0.994 0.985 0.977 0.951 0.890 0.943 0.957 0.948 0.953 0.974 0.949 0.992 1.000 0.962 0.999 0.962
203 0.988 0.990 0.993 0.959 0.978 0.946 0.932 0.949 0.951 0.949 0.963 0.950 0.947 0.986 0.991 0.953 1.000 0.991
204 0.988 0.985 0.985 0.866 0.810 0.736 0.724 0.731 0.759 0.737 0.886 0.868 0.736 0.958 1.000 0.780 0.965 0.998
205 0.988 0.985 0.985 0.867 0.810 0.736 0.724 0.733 0.759 0.738 0.877 0.869 0.736 0.957 1.000 0.782 0.965 0.999
206 0.988 0.989 0.989 0.992 0.994 0.990 0.974 0.969 0.940 0.939 1.000 0.985 0.993 0.990 0.987 0.974 0.986 0.918
207 0.988 0.986 0.985 0.868 0.815 0.733 0.723 0.730 0.758 0.735 0.889 0.869 0.736 0.959 1.000 0.782 0.964 0.998
208 0.988 0.988 0.989 0.987 0.987 0.978 0.972 0.977 0.979 0.978 0.991 0.986 0.985 0.987 0.989 0.979 0.989 1.000
209 0.988 0.990 0.989 0.992 0.994 0.991 0.974 0.969 0.941 0.939 1.000 0.985 0.993 0.990 0.988 0.974 0.986 0.918
210 0.988 0.989 0.998 0.992 0.891 0.756 0.674 0.763 0.779 0.759 0.769 1.000 0.757 0.984 0.991 0.902 0.946 0.998
211 0.988 0.982 0.979 0.979 0.948 0.934 0.918 0.930 0.934 0.925 0.969 0.980 0.935 0.979 0.985 0.913 0.975 1.000
212 0.988 0.989 0.989 0.992 0.994 0.990 0.972 0.969 0.941 0.937 1.000 0.985 0.993 0.990 0.987 0.973 0.986 0.917
213 0.988 0.990 0.990 0.993 0.995 0.991 0.975 0.970 0.941 0.939 1.000 0.986 0.994 0.990 0.988 0.974 0.986 0.918
214 0.988 0.988 0.983 1.000 0.989 0.890 0.821 0.853 0.930 0.866 0.962 0.995 0.856 0.999 0.996 0.988 0.981 0.952
215 0.988 0.986 0.985 0.867 0.812 0.734 0.724 0.730 0.759 0.736 0.906 0.869 0.737 0.959 1.000 0.783 0.966 0.999
216 0.989 0.985 0.985 0.866 0.808 0.735 0.722 0.730 0.758 0.736 0.893 0.867 0.735 0.957 1.000 0.783 0.966 0.995
217 0.989 0.986 0.985 0.866 0.813 0.736 0.726 0.732 0.759 0.738 0.905 0.867 0.738 0.958 1.000 0.779 0.966 1.000
218 0.989 0.986 0.985 0.866 0.809 0.735 0.723 0.730 0.758 0.736 0.904 0.868 0.736 0.958 1.000 0.778 0.965 1.000
219 0.989 0.993 0.992 1.000 0.961 0.913 0.868 0.923 0.928 0.917 0.940 0.990 0.928 0.994 0.995 0.961 0.977 0.933
220 0.989 0.986 0.986 0.866 0.809 0.737 0.724 0.732 0.759 0.737 0.911 0.869 0.738 0.957 1.000 0.778 0.966 0.998
221 0.989 0.989 0.986 0.982 0.934 0.874 0.827 0.881 0.929 0.867 0.929 0.979 0.883 0.990 1.000 0.970 0.985 0.946
222 0.989 0.994 0.997 0.966 0.980 0.941 0.929 0.946 0.944 0.945 0.960 0.960 0.943 0.987 0.994 0.947 1.000 0.994
223 0.989 0.990 0.985 0.972 0.974 0.960 0.941 0.945 0.975 0.953 0.994 0.973 0.969 0.980 0.985 0.956 1.000 1.000
224 0.989 0.991 0.993 0.965 0.976 0.941 0.930 0.946 0.944 0.945 0.961 0.961 0.943 0.988 0.992 0.947 1.000 0.999
225 0.989 0.993 0.995 0.968 0.980 0.951 0.939 0.955 0.954 0.954 0.966 0.962 0.952 0.984 0.991 0.956 0.999 1.000
226 0.989 0.986 0.986 0.868 0.812 0.734 0.721 0.730 0.759 0.736 0.930 0.869 0.735 0.960 1.000 0.782 0.966 0.999
227 0.989 0.992 0.991 1.000 0.972 0.903 0.848 0.912 0.918 0.909 0.948 0.978 0.913 0.992 0.983 0.975 0.965 0.840
228 0.989 1.000 0.976 0.981 0.949 0.893 0.818 0.892 0.901 0.887 0.928 0.977 0.898 0.987 0.983 0.951 0.976 0.913
229 0.989 0.986 0.986 0.866 0.810 0.736 0.726 0.732 0.759 0.738 0.889 0.868 0.738 0.960 0.999 0.780 0.966 1.000
230 0.989 0.986 0.986 0.867 0.815 0.737 0.726 0.732 0.761 0.738 0.885 0.868 0.740 0.958 1.000 0.785 0.965 0.995
231 0.989 0.986 0.986 0.869 0.813 0.736 0.722 0.731 0.761 0.737 0.917 0.871 0.736 0.961 0.999 0.783 0.966 1.000
232 0.989 0.963 1.000 0.965 0.961 0.918 0.899 0.985 0.923 0.932 0.955 0.966 0.919 0.965 0.979 0.925 0.969 0.941
233 0.989 0.986 0.986 0.868 0.813 0.736 0.725 0.732 0.762 0.738 0.914 0.870 0.738 0.959 1.000 0.785 0.966 0.998
234 0.989 0.989 0.989 0.998 0.987 0.917 0.872 0.920 0.929 0.920 0.960 1.000 0.918 0.993 0.995 0.972 0.980 0.756
235 0.989 0.990 0.990 0.977 0.972 0.946 0.927 0.948 0.958 0.944 0.963 0.970 0.948 0.987 0.997 0.957 1.000 0.967
236 0.989 0.986 0.985 0.865 0.808 0.735 0.722 0.729 0.759 0.736 0.883 0.867 0.735 0.956 1.000 0.776 0.968 0.999
237 0.989 0.983 1.000 0.965 0.958 0.790 0.728 0.797 0.824 0.781 0.838 0.996 0.787 0.996 0.988 0.826 0.940 0.921
238 0.989 0.992 0.990 0.993 0.996 0.992 0.974 0.976 0.956 0.954 1.000 0.986 0.994 0.988 0.984 0.969 0.981 0.551
239 0.989 0.988 0.985 0.933 0.937 0.872 0.854 0.890 0.918 0.868 0.981 0.864 0.909 0.975 0.992 0.923 1.000 0.791
240 0.989 0.986 0.985 0.866 0.807 0.734 0.719 0.728 0.758 0.734 0.913 0.867 0.733 0.958 0.999 0.777 0.966 1.000
241 0.989 0.981 0.981 0.964 0.953 0.927 0.919 0.904 0.971 0.917 0.981 0.963 0.950 0.975 0.986 0.872 0.991 1.000
242 0.989 0.986 0.986 0.869 0.808 0.736 0.725 0.733 0.760 0.737 0.902 0.870 0.739 0.960 1.000 0.782 0.965 1.000
243 0.989 0.992 0.994 0.971 0.985 0.962 0.948 0.964 0.965 0.964 0.972 0.963 0.962 0.988 0.981 0.967 0.998 1.000
244 0.989 0.994 0.994 0.968 0.981 0.944 0.932 0.949 0.947 0.947 0.962 0.965 0.945 0.987 0.994 0.950 1.000 0.997
245 0.989 0.987 0.987 0.869 0.814 0.734 0.722 0.730 0.758 0.735 0.901 0.872 0.734 0.962 1.000 0.785 0.964 0.996
246 0.989 0.991 0.985 0.956 0.955 0.915 0.899 0.924 0.936 0.908 0.985 0.870 0.947 0.979 0.989 0.937 1.000 0.781
247 0.989 0.987 0.987 0.876 0.822 0.744 0.733 0.740 0.767 0.745 0.888 0.878 0.745 0.965 1.000 0.794 0.964 0.998
248 0.990 0.984 0.983 0.967 0.918 0.860 0.800 0.852 0.897 0.824 0.882 0.956 0.861 0.992 1.000 0.957 0.975 0.570
249 0.990 0.986 0.986 0.870 0.814 0.736 0.723 0.732 0.759 0.737 0.883 0.872 0.736 0.961 1.000 0.781 0.966 0.998
250 0.990 0.991 0.990 0.997 0.998 0.996 0.975 0.980 0.988 0.984 1.000 0.989 0.997 0.991 0.991 0.989 0.992 0.976
251 0.990 0.992 0.994 0.962 0.980 0.951 0.939 0.954 0.954 0.954 0.965 0.955 0.952 0.982 0.987 0.956 0.998 1.000
252 0.990 0.988 0.986 0.976 0.962 0.955 0.938 0.948 0.957 0.940 0.976 0.979 0.959 0.981 0.995 0.944 0.991 1.000
253 0.990 0.994 0.994 0.988 0.950 0.895 0.837 0.891 0.903 0.886 0.907 0.979 0.891 1.000 1.000 0.953 1.000 0.895
254 0.990 0.992 0.993 0.964 0.983 0.954 0.941 0.957 0.957 0.957 0.964 0.956 0.955 0.987 0.983 0.958 0.998 1.000
255 0.990 0.995 0.998 0.968 0.981 0.961 0.947 0.963 0.964 0.964 0.969 0.959 0.962 0.987 0.969 0.965 1.000 1.000
256 0.990 0.988 0.988 0.875 0.822 0.746 0.736 0.742 0.767 0.747 0.894 0.876 0.748 0.965 1.000 0.798 0.964 0.999
257 0.990 0.991 0.991 1.000 0.983 0.943 0.875 0.928 0.976 0.908 0.978 0.993 0.955 0.996 0.996 0.992 0.990 0.863
258 0.990 0.993 0.994 0.964 0.979 0.952 0.938 0.955 0.955 0.955 0.963 0.956 0.952 0.987 0.992 0.957 0.998 1.000
259 0.990 0.992 0.992 0.991 0.992 0.986 0.965 0.986 0.990 0.989 1.000 0.959 0.987 0.992 0.991 0.988 0.990 0.936
260 0.990 0.988 0.987 0.869 0.818 0.737 0.728 0.734 0.761 0.739 0.896 0.870 0.741 0.960 1.000 0.783 0.966 0.999
261 0.990 0.998 1.000 0.972 0.984 0.968 0.952 0.970 0.972 0.971 0.975 0.959 0.969 0.984 0.975 0.978 0.998 0.995
262 0.990 0.988 0.988 0.879 0.826 0.743 0.735 0.741 0.767 0.745 0.907 0.881 0.747 0.969 1.000 0.798 0.964 0.999
263 0.990 0.990 0.988 0.966 0.960 0.947 0.900 0.939 0.949 0.940 0.949 0.964 0.947 0.983 1.000 0.974 0.993 0.908
264 0.990 0.997 0.997 0.963 0.940 0.890 0.825 0.910 0.977 0.926 0.939 0.950 0.950 0.997 1.000 0.987 0.987 0.932
265 0.990 0.994 0.998 0.973 0.981 0.964 0.948 0.965 0.968 0.967 0.970 0.959 0.964 0.995 0.972 0.974 1.000 0.989
266 0.990 0.988 0.988 0.871 0.818 0.736 0.726 0.732 0.762 0.738 0.873 0.873 0.739 0.963 1.000 0.784 0.967 0.999
267 0.991 0.991 0.990 0.992 0.986 0.980 0.975 0.979 0.981 0.981 0.994 0.985 0.981 0.987 0.987 0.980 0.992 1.000
268 0.991 0.989 0.989 0.883 0.828 0.743 0.734 0.741 0.767 0.745 0.905 0.884 0.746 0.971 1.000 0.796 0.965 0.998
269 0.991 0.993 0.995 0.964 0.979 0.955 0.940 0.957 0.958 0.958 0.964 0.954 0.956 0.988 0.972 0.959 0.999 1.000
270 0.991 0.987 0.987 0.984 0.981 0.965 0.910 0.958 0.973 0.968 0.988 0.984 0.966 0.985 0.983 0.976 0.980 1.000
271 0.991 0.992 0.992 1.000 0.977 0.950 0.903 0.949 0.959 0.951 0.964 0.994 0.959 0.995 0.995 0.978 0.979 0.947
272 0.991 0.991 0.990 0.983 0.968 0.934 0.893 0.930 0.942 0.922 0.940 0.974 0.933 0.992 1.000 0.970 0.988 0.899
273 0.991 0.989 0.989 0.877 0.822 0.735 0.723 0.733 0.762 0.737 0.898 0.879 0.736 0.968 1.000 0.785 0.966 0.998
274 0.991 0.995 0.999 0.976 0.982 0.971 0.955 0.972 0.975 0.973 0.976 0.964 0.972 0.991 0.980 0.976 1.000 0.996
275 0.991 0.991 0.990 0.985 0.979 0.941 0.922 0.965 0.965 0.943 0.978 0.990 0.941 0.994 1.000 0.987 0.977 0.999
276 0.991 0.994 0.994 0.998 1.000 0.995 0.961 0.974 0.955 0.953 0.999 0.993 0.995 0.995 0.992 0.979 0.993 0.912
277 0.991 0.965 0.960 0.996 0.772 0.716 0.609 0.746 0.906 0.722 0.922 1.000 0.808 0.974 0.975 0.908 0.885 0.984
278 0.991 0.991 0.986 0.990 0.979 0.976 0.978 0.974 0.973 0.973 1.000 0.986 0.981 0.982 0.982 0.973 0.980 0.982
279 0.991 0.991 0.991 0.983 0.983 0.972 0.918 0.954 0.985 0.964 0.963 0.974 0.976 0.987 1.000 0.913 0.996 0.924
280 0.991 0.997 0.996 0.977 0.973 0.955 0.901 0.949 0.959 0.951 0.957 0.968 0.954 0.992 0.999 0.966 1.000 0.958
281 0.991 0.995 0.995 0.999 1.000 0.995 0.964 0.974 0.953 0.952 1.000 0.992 0.996 0.995 0.991 0.978 0.993 0.699
282 0.991 0.985 0.981 0.981 0.971 0.953 0.936 0.931 0.916 0.905 1.000 0.984 0.967 0.982 0.994 0.867 0.996 0.872
283 0.992 0.992 0.991 0.981 0.983 0.978 0.963 0.977 0.988 0.983 1.000 0.981 0.980 0.989 0.988 0.984 0.996 0.993
284 0.992 0.992 0.992 0.988 0.989 0.985 0.975 0.979 0.980 0.976 1.000 0.984 0.986 0.989 0.994 0.977 0.996 0.978
285 0.992 0.992 0.987 0.988 0.981 0.980 0.980 0.977 0.975 0.977 1.000 0.986 0.981 0.984 0.982 0.975 0.981 0.984
286 0.992 0.998 0.995 0.988 0.940 0.872 0.815 0.872 0.892 0.860 0.886 0.978 0.869 0.999 1.000 0.936 0.992 0.761
287 0.992 0.997 0.996 0.997 0.978 0.942 0.875 0.932 0.951 0.935 0.945 0.985 0.940 0.999 1.000 0.970 0.990 0.928
288 0.992 0.992 0.991 0.982 0.983 0.978 0.963 0.977 0.988 0.982 1.000 0.981 0.979 0.989 0.988 0.984 0.996 0.985
289 0.992 0.989 0.989 0.876 0.818 0.733 0.721 0.730 0.758 0.735 0.897 0.877 0.734 0.967 1.000 0.786 0.965 1.000
290 0.992 0.987 0.987 0.979 0.937 0.886 0.873 0.877 0.889 0.887 0.939 0.978 0.887 0.986 1.000 0.929 0.978 0.990
291 0.992 0.992 0.989 0.988 0.983 0.982 0.981 0.979 0.978 0.980 1.000 0.988 0.983 0.987 0.985 0.978 0.986 0.987
292 0.992 0.994 0.995 0.967 0.983 0.959 0.945 0.960 0.963 0.961 0.966 0.958 0.960 0.989 0.970 0.964 1.000 0.977
293 0.992 0.989 0.989 0.876 0.820 0.735 0.723 0.732 0.760 0.736 0.906 0.878 0.736 0.967 1.000 0.786 0.966 0.992
294 0.992 0.995 0.995 0.999 1.000 0.995 0.962 0.974 0.954 0.955 0.999 0.993 0.996 0.995 0.992 0.978 0.993 0.907
295 0.992 0.997 1.000 0.974 0.983 0.969 0.953 0.970 0.973 0.972 0.976 0.961 0.969 0.988 0.976 0.974 1.000 0.998
296 0.992 0.995 0.995 0.999 1.000 0.995 0.963 0.975 0.953 0.954 0.999 0.993 0.995 0.995 0.992 0.978 0.993 0.911
297 0.992 0.993 0.988 0.980 0.982 0.977 0.970 0.968 0.970 0.962 1.000 0.985 0.979 0.986 0.985 0.970 0.989 0.992
298 0.992 0.994 0.994 1.000 0.992 0.956 0.898 0.959 0.959 0.957 0.976 0.998 0.955 0.997 0.997 0.974 0.983 0.967
299 0.992 0.993 0.989 0.988 0.983 0.982 0.981 0.980 0.978 0.980 1.000 0.988 0.983 0.987 0.985 0.979 0.984 0.985
300 0.992 0.993 0.993 0.997 0.975 0.920 0.858 0.910 0.975 0.888 0.964 0.985 0.928 0.997 1.000 0.992 0.992 0.859
301 0.992 1.000 0.923 0.894 0.864 0.841 0.798 0.815 0.858 0.830 0.842 0.867 0.841 0.931 0.936 0.893 0.917 0.793
302 0.992 0.989 0.989 0.984 0.949 0.916 0.872 0.915 0.909 0.899 0.928 0.979 0.913 0.993 1.000 0.967 0.985 0.953
303 0.993 0.996 0.995 1.000 0.988 0.927 0.874 0.935 0.940 0.933 0.961 0.978 0.945 0.995 0.982 0.985 0.972 0.924
304 0.993 0.993 0.993 0.993 0.992 0.988 0.968 0.987 0.991 0.988 0.990 0.988 0.987 0.992 0.993 0.991 0.993 1.000
305 0.993 0.994 0.992 0.985 0.983 0.943 0.913 0.954 0.953 0.949 0.973 0.980 0.967 0.990 1.000 0.961 0.979 0.993
306 0.993 0.991 0.991 1.000 0.989 0.939 0.882 0.950 0.949 0.946 0.970 0.999 0.938 0.995 0.996 0.965 0.976 0.972
307 0.993 0.996 0.996 0.999 1.000 0.994 0.959 0.975 0.956 0.957 0.998 0.994 0.994 0.996 0.993 0.978 0.993 0.904
308 0.993 0.993 0.993 0.993 0.992 0.988 0.968 0.988 0.991 0.988 0.990 0.989 0.988 0.993 0.993 0.990 0.993 1.000
309 0.993 0.993 0.987 0.990 0.982 0.979 0.981 0.976 0.973 0.974 1.000 0.988 0.983 0.984 0.983 0.974 0.982 0.984
310 0.993 0.997 0.997 0.996 0.993 0.986 0.947 0.980 0.987 0.982 0.987 0.992 0.985 0.997 0.997 0.989 1.000 0.973
311 0.993 0.996 0.996 0.999 1.000 0.994 0.959 0.975 0.956 0.957 0.999 0.994 0.994 0.996 0.993 0.978 0.993 0.906
312 0.993 0.992 0.991 1.000 0.989 0.958 0.893 0.945 0.957 0.940 0.971 0.995 0.957 0.997 0.996 0.985 0.986 0.885
313 0.993 0.994 0.994 1.000 0.992 0.972 0.913 0.960 0.947 0.948 0.985 0.997 0.968 0.996 0.993 0.978 0.985 0.889
314 0.993 0.996 0.994 0.984 0.956 0.906 0.882 0.916 0.916 0.910 0.950 0.989 0.905 0.989 0.989 0.957 0.977 1.000
315 0.994 0.995 0.995 0.998 0.999 0.997 0.975 0.981 0.956 0.946 1.000 0.993 0.999 0.997 0.993 0.991 0.991 0.938
316 0.994 0.994 0.994 1.000 0.991 0.971 0.910 0.958 0.947 0.949 0.984 0.997 0.967 0.997 0.993 0.978 0.984 0.887
317 0.994 0.995 0.995 1.000 0.998 0.991 0.912 0.958 0.978 0.962 0.996 0.980 0.993 0.995 0.995 0.990 0.995 0.857
318 0.994 1.000 0.991 0.984 0.944 0.791 0.743 0.851 0.823 0.797 0.913 0.995 0.800 0.991 0.993 0.855 0.894 0.829
319 0.994 0.995 0.994 1.000 0.991 0.972 0.912 0.959 0.947 0.948 0.984 0.997 0.969 0.997 0.994 0.978 0.985 0.544
320 0.994 0.997 0.997 0.982 0.977 0.963 0.928 0.958 0.966 0.962 0.964 0.979 0.963 0.991 1.000 0.977 0.992 0.992
321 0.994 0.996 0.996 1.000 0.992 0.986 0.913 0.960 0.968 0.943 0.978 0.994 0.989 0.997 0.996 0.993 0.994 0.915
322 0.994 1.000 0.997 0.991 0.965 0.925 0.871 0.918 0.928 0.922 0.933 0.986 0.925 0.999 1.000 0.974 0.991 0.937
323 0.994 0.987 0.963 0.921 0.913 0.865 0.839 0.879 0.871 0.864 0.916 0.938 0.878 0.957 0.965 0.904 0.976 1.000
324 0.994 0.997 0.996 1.000 0.997 0.991 0.962 0.977 0.955 0.952 0.999 0.998 0.991 1.000 0.999 0.993 0.997 0.935
325 0.994 0.993 0.993 0.990 0.986 0.946 0.899 0.956 0.961 0.952 0.972 0.981 0.950 0.992 1.000 0.969 0.991 0.979
326 0.994 0.994 0.989 0.980 0.973 0.961 0.940 0.959 0.975 0.959 0.974 0.974 0.961 0.989 1.000 0.981 0.996 0.951
327 0.994 1.000 0.939 0.983 0.980 0.813 0.665 0.774 0.841 0.755 0.900 0.986 0.836 0.943 0.956 0.750 0.927 0.757
328 0.994 0.995 0.992 1.000 0.984 0.941 0.866 0.908 0.970 0.944 0.966 0.993 0.961 0.992 0.990 0.970 0.987 0.937
329 0.994 0.995 0.989 0.999 0.999 0.999 0.985 0.985 0.960 0.999 1.000 0.980 0.999 0.992 0.990 0.609 0.987 0.747
330 0.994 0.991 0.991 0.995 0.978 0.938 0.871 0.937 0.946 0.936 0.953 0.993 0.932 0.996 1.000 0.971 0.988 0.981
331 0.994 0.999 0.999 0.996 0.994 0.957 0.920 0.967 0.964 0.962 0.983 0.987 0.964 0.999 1.000 0.967 1.000 0.941
332 0.994 0.993 0.993 1.000 0.991 0.939 0.881 0.948 0.949 0.946 0.970 1.000 0.937 0.997 0.997 0.961 0.967 0.973
333 0.994 0.993 0.993 0.986 0.978 0.935 0.891 0.947 0.952 0.941 0.963 0.980 0.943 0.993 1.000 0.963 0.991 0.976
334 0.994 0.990 0.988 0.955 0.916 0.855 0.781 0.850 0.867 0.848 0.874 0.955 0.850 0.981 1.000 0.822 0.993 0.966
335 0.994 0.994 0.994 0.983 0.989 0.944 0.887 0.951 0.954 0.951 0.968 0.973 0.943 0.992 1.000 0.963 0.992 0.968
336 0.994 1.000 0.999 0.965 0.899 0.783 0.701 0.787 0.804 0.787 0.797 1.000 0.780 0.968 0.971 0.939 0.939 0.888
337 0.994 0.999 0.999 0.997 0.974 0.926 0.879 0.925 0.920 0.919 0.936 0.990 0.923 1.000 0.998 0.987 0.993 0.954
338 0.994 1.000 0.999 0.986 0.976 0.932 0.871 0.921 0.959 0.920 0.969 0.975 0.939 0.997 0.997 0.967 0.997 0.966
339 0.994 0.995 0.989 0.991 0.983 0.980 0.983 0.977 0.975 0.976 1.000 0.989 0.985 0.985 0.985 0.976 0.985 0.986
340 0.994 0.996 0.996 1.000 0.997 0.989 0.933 0.966 0.981 0.947 0.987 0.992 0.991 0.997 0.995 0.994 1.000 0.870
341 0.995 0.996 0.994 0.997 0.997 0.995 0.964 0.978 0.961 0.957 1.000 0.991 0.994 0.992 0.990 0.972 0.987 0.940
342 0.995 0.995 0.990 0.982 0.983 0.977 0.969 0.968 0.970 0.961 1.000 0.987 0.979 0.987 0.986 0.970 0.991 0.991
343 0.995 0.995 0.990 0.982 0.983 0.979 0.971 0.969 0.970 0.963 1.000 0.986 0.980 0.987 0.986 0.971 0.990 0.991
344 0.995 0.997 0.995 0.991 0.995 0.989 0.969 0.978 0.963 0.964 1.000 0.991 0.991 0.993 0.991 0.975 0.989 0.949
345 0.995 1.000 1.000 0.997 0.993 0.976 0.897 0.958 0.987 0.971 0.994 0.991 0.982 0.999 0.997 0.986 0.999 0.998
346 0.995 0.994 0.987 1.000 0.956 0.881 0.817 0.879 0.873 0.827 0.953 0.997 0.868 0.994 0.994 0.917 0.974 0.875
347 0.995 0.992 0.990 0.986 0.985 0.940 0.871 0.940 0.966 0.947 0.955 0.980 0.940 0.994 1.000 0.986 0.986 0.978
348 0.995 0.995 0.991 0.982 0.982 0.963 0.922 0.951 0.983 0.959 0.970 0.961 0.965 0.989 0.990 0.971 1.000 0.962
349 0.995 0.994 0.994 0.997 0.988 0.946 0.905 0.956 0.951 0.951 0.971 0.993 0.951 0.997 1.000 0.969 0.992 0.974
350 0.995 0.995 0.995 0.996 0.996 0.989 0.961 0.987 0.992 0.990 0.993 0.982 0.989 0.995 0.996 0.993 1.000 0.964
351 0.995 0.996 0.923 0.999 1.000 0.996 0.969 0.959 0.975 0.974 0.997 0.915 0.997 0.922 0.916 0.934 0.952 0.718
352 0.995 1.000 0.998 0.995 0.990 0.943 0.877 0.944 0.966 0.947 0.962 0.988 0.941 0.994 1.000 0.984 0.992 0.960
353 0.995 0.996 0.995 0.994 0.986 0.962 0.946 0.960 0.960 0.953 0.985 0.991 0.969 0.997 0.998 0.965 1.000 0.987
354 0.995 1.000 0.962 0.843 0.909 0.803 0.756 0.857 0.816 0.827 0.979 0.880 0.801 0.919 0.961 0.831 0.948 0.991
355 0.995 0.998 0.997 0.999 0.992 0.983 0.966 0.982 0.986 0.983 0.984 0.994 0.983 1.000 0.996 0.991 0.989 0.973
356 0.995 1.000 0.996 0.989 0.985 0.971 0.939 0.967 0.977 0.971 0.973 0.981 0.971 0.995 1.000 0.977 0.995 0.891
357 0.995 0.995 0.994 0.997 0.992 0.949 0.900 0.960 0.956 0.955 0.979 0.994 0.947 0.996 1.000 0.969 0.986 0.980
358 0.995 1.000 0.961 0.948 0.958 0.942 0.920 0.924 0.948 0.934 0.948 0.931 0.945 0.961 0.963 0.912 0.960 0.941
359 0.995 0.997 0.995 1.000 0.997 0.968 0.933 0.969 0.975 0.968 0.977 0.986 0.970 0.997 0.992 0.991 0.977 0.911
360 0.995 0.997 0.997 0.989 0.984 0.959 0.927 0.965 0.968 0.963 0.978 0.992 0.959 0.994 0.992 0.981 0.987 1.000
361 0.995 0.996 0.991 0.982 0.983 0.979 0.972 0.970 0.972 0.964 1.000 0.988 0.981 0.988 0.988 0.972 0.992 0.982
362 0.995 1.000 0.999 0.995 0.991 0.982 0.960 0.975 0.966 0.964 0.996 0.995 0.987 0.996 0.998 0.974 0.995 0.965
363 0.995 0.995 0.995 0.994 0.994 0.987 0.969 0.989 0.992 0.990 1.000 0.986 0.985 0.994 0.993 0.993 0.994 0.994
364 0.995 0.996 0.991 0.986 0.985 0.980 0.971 0.969 0.974 0.961 1.000 0.987 0.982 0.988 0.988 0.972 0.994 0.983
365 0.995 0.998 0.995 1.000 0.987 0.976 0.942 0.966 0.945 0.950 0.993 0.999 0.974 0.999 0.999 0.988 0.996 0.941
366 0.995 0.998 0.997 0.997 0.983 0.966 0.951 0.972 0.976 0.978 0.974 0.992 0.976 1.000 0.998 0.991 0.979 0.958
367 0.995 0.994 0.993 0.985 0.978 0.956 0.871 0.942 0.969 0.956 0.963 0.984 0.953 0.992 0.994 0.971 1.000 0.987
368 0.995 0.996 0.992 0.986 0.985 0.980 0.964 0.966 0.975 0.959 1.000 0.988 0.982 0.989 0.988 0.975 0.992 0.993
369 0.996 0.995 0.995 1.000 0.993 0.945 0.892 0.952 0.954 0.950 0.976 0.999 0.942 0.998 0.998 0.967 0.978 0.978
370 0.996 1.000 0.998 0.995 0.999 0.989 0.939 0.981 0.994 0.987 0.993 0.963 0.989 0.999 0.995 0.995 0.993 0.905
371 0.996 0.996 0.992 0.986 0.985 0.980 0.969 0.969 0.971 0.962 1.000 0.989 0.981 0.989 0.988 0.972 0.994 0.993
372 0.996 0.998 0.998 0.996 0.996 0.989 0.959 0.986 0.990 0.987 0.993 0.991 0.988 0.998 0.999 0.992 1.000 0.977
373 0.996 0.996 0.995 0.989 0.987 0.979 0.972 0.975 0.975 0.974 0.990 0.988 0.980 0.993 0.994 0.976 1.000 1.000
374 0.996 0.996 0.997 0.993 0.988 0.967 0.953 0.970 0.978 0.968 0.971 0.999 0.975 0.993 0.988 0.992 0.985 1.000
375 0.996 0.996 0.976 0.953 0.930 0.893 0.848 0.891 0.914 0.891 0.905 0.941 0.894 0.977 1.000 0.947 0.986 0.975
376 0.996 0.996 0.988 0.981 0.982 0.978 0.973 0.968 0.970 0.961 1.000 0.987 0.981 0.985 0.985 0.971 0.990 0.989
377 0.996 0.996 0.996 0.995 0.995 0.983 0.938 0.975 0.983 0.977 0.985 0.992 0.982 0.996 0.999 0.987 1.000 0.987
378 0.996 0.997 0.995 1.000 0.989 0.978 0.948 0.965 0.940 0.943 0.994 1.000 0.980 1.000 0.999 0.988 0.994 0.935
379 0.996 0.997 0.996 0.995 0.993 0.958 0.917 0.968 0.964 0.963 0.983 0.988 0.957 0.996 1.000 0.969 0.998 0.960
380 0.996 0.996 0.992 0.985 0.985 0.981 0.972 0.970 0.972 0.963 1.000 0.988 0.983 0.989 0.988 0.972 0.994 0.993
381 0.996 0.996 0.990 0.983 0.984 0.979 0.968 0.968 0.974 0.963 1.000 0.988 0.981 0.988 0.987 0.973 0.992 0.991
382 0.996 0.996 0.991 0.984 0.985 0.979 0.969 0.968 0.974 0.961 1.000 0.988 0.981 0.988 0.988 0.972 0.994 0.981
383 0.996 0.996 0.978 0.957 0.957 0.940 0.916 0.933 0.957 0.938 0.948 0.934 0.935 0.982 0.988 0.967 1.000 0.926
384 0.996 0.999 0.999 0.997 0.997 0.990 0.958 0.976 0.956 0.954 1.000 0.998 0.991 1.000 0.999 0.978 0.996 0.945
385 0.996 0.998 0.997 0.989 0.995 0.988 0.966 0.980 0.970 0.971 1.000 0.993 0.991 0.994 0.994 0.978 0.991 0.967
386 0.996 0.996 0.991 0.986 0.986 0.981 0.971 0.969 0.973 0.962 1.000 0.988 0.983 0.989 0.989 0.974 0.994 0.981
387 0.996 0.996 0.990 0.984 0.984 0.979 0.968 0.967 0.969 0.960 1.000 0.987 0.981 0.988 0.988 0.971 0.993 0.992
388 0.996 0.999 0.999 0.998 0.969 0.937 0.894 0.930 0.914 0.878 0.968 0.992 0.949 1.000 1.000 0.991 0.996 0.918
389 0.996 0.997 0.992 0.986 0.987 0.982 0.966 0.968 0.975 0.962 1.000 0.989 0.983 0.990 0.989 0.975 0.994 0.993
390 0.996 0.995 0.996 0.993 0.990 0.986 0.980 0.982 0.985 0.984 0.994 0.992 0.987 0.995 0.995 0.985 0.999 1.000
391 0.996 0.997 0.995 0.999 0.999 0.998 0.994 0.990 0.978 0.978 1.000 0.997 1.000 0.997 0.994 0.995 0.989 0.972
392 0.996 0.997 0.996 0.999 0.999 0.998 0.995 0.991 0.980 0.980 1.000 0.998 0.999 0.998 0.996 0.997 0.991 0.974
393 0.996 0.999 0.999 1.000 1.000 0.994 0.947 0.979 0.976 0.977 0.999 0.992 0.994 0.998 0.996 0.983 0.992 0.916
394 0.996 0.997 0.997 0.997 0.998 0.994 0.980 0.993 0.997 0.993 0.995 0.992 0.994 0.996 0.997 0.995 1.000 0.990
395 0.996 0.999 0.998 0.997 0.996 0.990 0.967 0.976 0.959 0.960 1.000 0.995 0.991 0.998 0.998 0.979 0.996 0.948
396 0.996 0.998 0.998 0.993 0.991 0.971 0.949 0.973 0.984 0.967 0.983 0.992 0.972 1.000 0.999 0.991 0.993 0.929
397 0.996 1.000 1.000 1.000 0.993 0.982 0.964 0.981 0.992 0.985 0.984 0.988 0.982 0.998 0.996 0.995 0.997 0.927
398 0.996 0.997 0.997 0.995 0.995 0.993 0.979 0.990 0.995 0.991 0.996 0.993 0.994 0.996 0.998 0.995 1.000 0.992
399 0.996 0.998 1.000 0.981 0.991 0.921 0.856 0.931 0.934 0.928 0.946 0.986 0.922 0.992 0.991 0.953 0.979 0.976
400 0.996 0.997 0.990 0.983 0.985 0.979 0.967 0.967 0.974 0.961 1.000 0.987 0.981 0.988 0.988 0.974 0.993 0.993
401 0.996 0.996 0.994 0.995 0.968 0.927 0.857 0.918 0.924 0.917 0.949 0.991 0.923 0.999 1.000 0.972 0.987 0.950
402 0.996 0.997 0.996 0.992 0.983 0.938 0.890 0.946 0.955 0.945 0.961 0.988 0.941 0.998 1.000 0.964 0.994 0.975
403 0.997 0.997 0.989 0.981 0.923 0.977 0.970 0.966 0.969 0.960 1.000 0.987 0.980 0.986 0.986 0.970 0.990 0.989
404 0.997 0.997 0.997 1.000 0.995 0.969 0.931 0.960 0.954 0.932 0.986 0.995 0.983 0.998 0.995 0.983 0.989 0.907
405 0.997 1.000 0.997 0.997 0.989 0.959 0.924 0.954 0.964 0.958 0.966 0.988 0.959 0.996 0.995 0.982 0.990 0.946
406 0.997 0.998 0.997 0.974 0.988 0.973 0.955 0.983 0.977 0.980 0.990 0.995 0.966 0.996 1.000 0.983 0.991 0.996
407 0.997 0.998 0.997 0.986 0.980 0.939 0.876 0.928 0.966 0.937 0.991 0.983 0.948 0.993 0.992 0.969 0.998 1.000
408 0.997 0.999 0.995 0.998 0.958 0.896 0.851 0.886 0.879 0.864 0.956 1.000 0.891 0.996 0.996 0.929 0.972 0.727
409 0.997 0.997 0.996 0.987 0.981 0.965 0.930 0.963 0.967 0.962 0.969 0.986 0.962 0.994 0.995 0.986 0.990 1.000
410 0.997 0.998 0.996 1.000 0.996 0.992 0.975 0.988 0.990 0.988 0.991 0.999 0.992 0.998 0.998 0.990 0.998 0.994
411 0.997 0.997 0.992 0.985 0.987 0.982 0.969 0.970 0.976 0.965 1.000 0.989 0.984 0.990 0.989 0.976 0.994 0.993
412 0.997 0.994 0.995 1.000 0.974 0.915 0.832 0.920 0.936 0.925 0.928 0.994 0.933 1.000 0.998 0.959 0.988 0.928
413 0.997 0.998 0.998 1.000 0.998 0.967 0.897 0.949 0.990 0.938 0.988 0.982 0.990 0.998 0.998 0.995 0.992 0.888
414 0.997 0.996 0.996 1.000 0.990 0.947 0.886 0.949 0.960 0.942 0.973 0.996 0.947 0.998 0.997 0.958 0.985 0.968
415 0.997 0.997 0.997 1.000 0.999 0.998 0.994 0.991 0.980 0.981 1.000 0.999 0.999 0.999 0.997 0.998 0.993 0.929
416 0.997 1.000 1.000 0.995 0.977 0.943 0.880 0.930 0.945 0.928 0.945 0.992 0.942 0.999 0.997 0.967 0.995 0.968
417 0.997 0.998 0.998 1.000 0.995 0.973 0.924 0.964 0.982 0.944 0.984 0.995 0.986 0.999 0.999 0.994 0.996 0.940
418 0.997 0.999 0.999 0.999 1.000 0.989 0.937 0.975 0.984 0.960 0.991 0.997 0.991 0.998 0.998 0.993 0.995 0.941
419 0.997 0.997 0.997 0.992 0.993 0.988 0.976 0.988 0.995 0.989 0.989 0.987 0.989 0.994 1.000 0.999 0.999 0.995
420 0.997 0.997 0.998 0.996 0.997 0.991 0.978 0.991 0.996 0.991 0.993 0.984 0.991 0.997 0.997 0.994 1.000 0.926
421 0.997 0.999 0.997 0.990 0.968 0.926 0.882 0.923 0.925 0.918 0.931 0.983 0.923 0.998 1.000 0.977 0.990 0.870
422 0.997 0.994 0.994 0.987 0.985 0.972 0.936 0.974 0.975 0.973 0.984 0.992 0.971 0.987 0.986 0.990 0.981 1.000
423 0.997 0.997 0.990 0.983 0.985 0.980 0.971 0.969 0.972 0.963 1.000 0.988 0.982 0.988 0.988 0.972 0.993 0.989
424 0.997 0.996 0.997 0.991 0.985 0.939 0.892 0.955 0.958 0.952 0.970 0.987 0.936 0.995 1.000 0.970 0.987 0.980
425 0.997 0.998 0.997 1.000 0.998 0.991 0.937 0.974 0.986 0.975 0.989 0.996 0.992 0.998 0.999 0.993 0.996 0.923
426 0.997 0.997 0.997 0.997 0.982 0.946 0.905 0.943 0.942 0.902 0.970 0.990 0.961 0.999 1.000 0.988 0.997 0.925
427 0.997 0.998 0.992 0.985 0.985 0.981 0.967 0.968 0.975 0.962 1.000 0.988 0.983 0.989 0.988 0.976 0.995 0.993
428 0.997 0.997 0.997 0.999 0.995 0.990 0.957 0.978 0.967 0.964 0.998 0.997 0.989 1.000 0.999 0.993 0.999 0.854
429 0.997 1.000 0.940 0.944 0.938 0.926 0.864 0.904 0.922 0.901 0.930 0.923 0.929 0.946 0.944 0.933 0.936 0.878
430 0.997 0.998 0.998 0.995 0.971 0.936 0.898 0.935 0.924 0.899 0.969 0.989 0.935 0.998 1.000 0.985 0.997 0.850
431 0.997 0.999 0.999 0.998 1.000 0.992 0.979 0.990 0.994 0.988 0.996 0.995 0.993 0.998 0.997 0.996 0.999 0.997
432 0.997 1.000 0.996 0.978 0.931 0.825 0.782 0.842 0.853 0.824 0.856 0.984 0.828 0.986 0.982 0.914 0.930 0.977
433 0.997 0.998 0.992 0.983 0.987 0.982 0.965 0.968 0.978 0.962 1.000 0.989 0.984 0.990 0.990 0.978 0.995 0.995
434 0.997 0.998 0.994 0.991 0.991 0.986 0.973 0.971 0.980 0.965 1.000 0.990 0.989 0.992 0.992 0.979 0.998 0.997
435 0.997 0.998 0.993 0.987 0.988 0.982 0.968 0.969 0.977 0.964 1.000 0.990 0.984 0.991 0.990 0.977 0.995 0.985
436 0.998 0.998 0.998 0.996 0.994 0.982 0.942 0.973 0.979 0.969 0.992 0.996 0.983 0.998 1.000 0.988 0.995 0.973
437 0.998 0.998 0.994 0.986 0.988 0.984 0.976 0.975 0.977 0.968 1.000 0.990 0.986 0.991 0.991 0.976 0.996 0.986
438 0.998 0.998 0.997 0.999 0.994 0.986 0.951 0.974 0.967 0.968 0.997 0.996 0.986 1.000 0.999 0.994 0.998 0.949
439 0.998 0.998 0.997 0.999 0.994 0.989 0.953 0.977 0.969 0.964 0.997 0.996 0.988 1.000 1.000 0.993 0.999 0.955
440 0.998 1.000 0.990 0.989 0.984 0.964 0.946 0.957 0.964 0.953 0.978 0.981 0.966 0.989 0.986 0.962 0.978 0.951
441 0.998 0.998 0.998 1.000 0.998 0.988 0.947 0.977 0.984 0.975 0.992 1.000 0.990 0.999 0.999 0.995 0.997 0.846
442 0.998 0.998 0.998 1.000 0.996 0.974 0.926 0.965 0.983 0.945 0.984 0.995 0.987 0.999 1.000 0.995 0.997 0.941
443 0.998 1.000 0.982 0.985 0.971 0.969 0.887 0.934 0.916 0.923 0.974 0.983 0.980 0.985 0.984 0.917 0.975 0.932
444 0.998 0.998 0.998 0.999 0.988 0.967 0.919 0.960 0.969 0.964 0.967 0.995 0.966 0.999 1.000 0.984 0.999 0.976
445 0.998 0.998 0.998 0.999 0.999 0.956 0.943 0.976 0.978 0.963 0.994 0.995 0.984 0.997 1.000 0.984 0.999 1.000
446 0.998 0.993 0.993 0.990 0.975 0.919 0.833 0.914 0.932 0.921 0.934 0.987 0.912 0.997 1.000 0.964 0.987 0.811
447 0.998 1.000 0.999 0.985 0.983 0.961 0.904 0.957 0.969 0.957 0.968 0.966 0.958 0.994 0.996 0.973 0.999 0.960
448 0.998 0.998 0.998 0.993 0.989 0.976 0.954 0.974 0.984 0.977 0.986 0.987 0.979 0.997 1.000 0.990 0.995 0.979
449 0.998 0.998 0.997 1.000 0.997 0.995 0.988 0.991 0.983 0.984 0.999 1.000 0.997 0.999 0.998 0.997 0.992 0.981
450 0.998 1.000 0.999 0.995 0.993 0.974 0.949 0.971 0.979 0.972 0.983 0.993 0.977 0.997 0.996 0.987 0.986 0.914
451 0.998 1.000 0.999 1.000 1.000 0.987 0.945 0.982 0.993 0.989 0.991 0.981 0.987 1.000 0.996 0.996 0.991 0.934
452 0.998 0.998 0.991 0.984 0.984 0.971 0.951 0.961 0.981 0.968 0.980 0.975 0.977 0.988 0.998 0.974 1.000 0.978
453 0.998 0.997 0.999 0.998 0.984 0.968 0.964 0.962 0.972 0.965 0.982 1.000 0.971 1.000 0.999 0.974 0.989 0.990
454 0.998 0.998 0.995 0.993 0.962 0.978 0.972 0.968 0.981 0.973 0.984 0.990 0.986 0.994 0.996 0.988 1.000 0.991
455 0.998 0.998 0.997 0.991 0.988 0.979 0.968 0.976 0.993 0.979 0.989 0.989 0.981 0.995 0.999 0.981 0.999 1.000
456 0.998 0.999 0.999 0.996 0.993 0.984 0.964 0.982 0.985 0.980 0.990 0.998 0.983 0.996 0.995 0.992 0.993 1.000
457 0.998 0.999 0.999 0.987 0.980 0.946 0.895 0.951 0.952 0.949 0.971 0.982 0.946 0.993 1.000 0.971 0.991 0.990
458 0.998 1.000 1.000 0.997 0.983 0.951 0.914 0.947 0.955 0.922 0.976 0.988 0.956 1.000 1.000 0.991 0.998 0.967
459 0.998 1.000 0.999 0.991 0.993 0.988 0.980 0.984 0.993 0.989 0.989 0.986 0.986 0.996 1.000 0.996 0.992 0.975
460 0.998 1.000 0.947 0.962 0.960 0.960 0.910 0.930 0.868 0.870 0.956 0.951 0.964 0.945 0.942 0.865 0.937 0.841
461 0.998 1.000 0.993 0.988 0.984 0.969 0.913 0.957 0.968 0.959 0.976 0.983 0.972 0.993 0.992 0.975 0.981 0.967
462 0.998 1.000 0.979 0.987 0.985 0.982 0.974 0.983 0.965 0.974 0.988 0.986 0.983 0.983 0.979 0.975 0.982 0.972
463 0.999 0.999 0.999 1.000 0.998 0.995 0.980 0.994 0.996 0.995 0.996 0.996 0.996 0.999 0.998 0.996 0.994 0.963
464 0.999 1.000 0.993 0.992 0.991 0.979 0.955 0.971 0.995 0.977 0.986 0.977 0.982 0.991 0.998 0.957 1.000 0.974
465 0.999 1.000 0.960 0.965 0.955 0.941 0.877 0.921 0.939 0.918 0.945 0.950 0.946 0.965 0.962 0.953 0.954 0.905
466 0.999 1.000 0.920 0.986 0.983 0.992 0.917 0.927 0.889 0.878 0.976 0.924 0.994 0.920 0.917 0.764 0.927 0.750
467 0.999 1.000 0.923 0.989 0.986 0.994 0.922 0.929 0.899 0.887 0.979 0.927 0.996 0.922 0.919 0.771 0.929 0.751
468 0.999 0.999 0.999 0.998 0.998 0.993 0.976 0.993 0.997 0.994 0.996 0.986 0.994 0.998 0.999 0.993 1.000 0.943
469 0.999 0.998 0.998 0.992 0.986 0.980 0.969 0.979 0.986 0.979 0.986 0.988 0.983 0.996 0.998 0.989 0.999 1.000
470 0.999 0.999 0.993 0.985 0.987 0.982 0.962 0.967 0.980 0.964 1.000 0.990 0.984 0.991 0.990 0.980 0.996 0.995
471 0.999 0.999 0.999 0.999 1.000 0.999 0.994 0.999 1.000 0.999 0.999 0.999 0.999 0.999 0.999 1.000 0.999 0.998
472 0.999 1.000 0.920 0.987 0.984 0.994 0.922 0.929 0.892 0.880 0.978 0.924 0.996 0.919 0.916 0.767 0.927 0.748
473 0.999 1.000 0.920 0.988 0.985 0.994 0.922 0.929 0.892 0.879 0.984 0.924 0.997 0.919 0.915 0.767 0.926 0.750
474 0.999 1.000 0.923 0.987 0.984 0.992 0.920 0.929 0.892 0.880 0.977 0.927 0.995 0.922 0.919 0.768 0.929 0.751
475 0.999 0.999 0.999 0.999 0.996 0.961 0.906 0.954 0.972 0.914 0.977 0.991 0.982 0.999 1.000 0.994 0.995 0.939
476 0.999 1.000 0.956 0.960 0.969 0.955 0.942 0.935 0.943 0.933 0.956 0.938 0.957 0.956 0.955 0.913 0.961 0.964
477 0.999 0.999 0.995 0.989 0.989 0.984 0.962 0.967 0.980 0.961 1.000 0.990 0.986 0.993 0.993 0.980 0.998 0.997
478 0.999 1.000 1.000 0.991 0.995 0.988 0.982 0.985 0.994 0.990 0.987 0.988 0.988 0.995 0.999 0.996 0.990 0.990
479 0.999 1.000 0.997 0.999 0.998 0.992 0.955 0.981 0.995 0.991 0.998 0.992 0.993 0.997 0.995 0.994 0.993 0.982
480 0.999 0.998 0.996 0.984 0.965 0.935 0.886 0.929 0.953 0.926 0.938 0.980 0.944 0.992 1.000 0.982 0.991 0.955
481 0.999 1.000 0.920 0.988 0.985 0.995 0.925 0.932 0.900 0.886 0.981 0.925 0.998 0.920 0.917 0.769 0.928 0.752
482 0.999 1.000 0.919 0.986 0.982 0.993 0.918 0.926 0.885 0.873 0.978 0.922 0.995 0.917 0.914 0.762 0.925 0.746
483 0.999 1.000 1.000 0.997 0.998 0.993 0.947 0.994 0.997 0.997 0.995 0.979 0.996 0.998 0.999 0.999 0.997 0.991
484 0.999 1.000 0.995 0.965 0.973 0.783 0.737 0.861 0.951 0.795 0.950 0.986 0.816 0.996 0.997 0.965 0.951 0.977
485 0.999 0.999 0.999 0.995 0.976 0.930 0.902 0.936 0.937 0.911 0.966 0.982 0.930 1.000 1.000 0.984 0.998 0.954
486 0.999 1.000 0.963 0.976 0.970 0.972 0.960 0.945 0.946 0.946 0.973 0.945 0.975 0.961 0.960 0.917 0.966 0.965
487 0.999 1.000 0.996 0.990 0.984 0.968 0.944 0.962 0.975 0.964 0.977 0.972 0.977 0.996 0.997 0.973 0.994 0.966
488 0.999 1.000 0.999 0.964 0.964 0.961 0.952 0.979 0.963 0.968 0.979 0.989 0.961 0.965 0.964 0.976 0.963 0.992
489 0.999 0.999 0.999 0.980 0.990 0.945 0.894 0.957 0.967 0.960 0.970 0.976 0.942 0.992 1.000 0.980 0.997 0.978
490 0.999 0.999 0.994 0.987 0.988 0.984 0.962 0.967 0.980 0.963 1.000 0.990 0.985 0.992 0.991 0.980 0.997 0.996
491 0.999 1.000 0.999 0.992 0.995 0.988 0.982 0.988 0.993 0.990 0.988 0.988 0.988 0.997 0.998 0.997 0.990 0.984
492 0.999 1.000 1.000 1.000 0.995 0.974 0.938 0.970 0.985 0.956 0.991 0.999 0.988 1.000 0.997 0.993 0.994 0.977
493 0.999 1.000 0.961 0.955 0.895 0.788 0.712 0.757 0.845 0.775 0.894 0.948 0.776 0.967 0.966 0.799 0.923 0.888
494 0.999 0.999 0.999 1.000 0.998 0.971 0.907 0.957 0.971 0.916 0.979 0.990 0.991 1.000 1.000 0.997 0.994 0.913
495 0.999 0.999 0.999 0.993 0.966 0.929 0.892 0.928 0.929 0.892 0.958 0.986 0.929 1.000 1.000 0.987 0.997 0.934
496 0.999 1.000 0.997 0.992 0.976 0.946 0.909 0.944 0.950 0.911 0.964 0.989 0.942 0.992 0.997 0.960 0.989 0.941
497 0.999 1.000 0.998 0.997 0.993 0.975 0.959 0.976 0.983 0.975 0.977 0.991 0.976 0.998 0.997 0.989 0.998 0.982
498 0.999 1.000 0.947 0.950 0.962 0.949 0.934 0.923 0.940 0.926 0.951 0.920 0.949 0.949 0.950 0.891 0.954 0.967
499 1.000 1.000 0.996 0.997 0.997 0.996 0.967 0.984 0.993 0.990 0.999 0.993 0.997 0.996 0.995 0.994 0.996 0.988
500 1.000 1.000 0.999 0.999 0.996 0.964 0.907 0.957 0.982 0.949 0.983 0.991 0.980 1.000 0.999 0.994 0.992 0.758
501 1.000 0.999 0.997 0.998 0.985 0.970 0.915 0.952 0.966 0.947 0.981 0.997 0.970 0.999 1.000 0.984 0.995 0.959
502 1.000 1.000 1.000 0.990 0.966 0.939 0.910 0.934 0.947 0.912 0.967 0.981 0.940 1.000 0.999 0.983 0.998 0.929
503 1.000 1.000 1.000 0.992 0.975 0.943 0.915 0.938 0.940 0.918 0.968 0.982 0.942 1.000 0.999 0.984 0.998 0.931
504 1.000 1.000 1.000 0.989 0.971 0.939 0.911 0.935 0.938 0.916 0.967 0.978 0.936 1.000 0.999 0.980 0.998 0.926
505 1.000 1.000 1.000 0.996 0.972 0.942 0.915 0.939 0.926 0.913 0.965 0.994 0.942 1.000 0.999 0.988 0.995 0.742
506 1.000 1.000 1.000 0.998 0.980 0.939 0.908 0.942 0.950 0.910 0.975 0.990 0.943 1.000 0.999 0.987 0.999 0.958
507 1.000 1.000 0.965 0.977 0.974 0.977 0.959 0.941 0.972 0.956 0.975 0.940 0.979 0.968 0.971 0.914 0.978 0.981
508 1.000 1.000 0.974 0.981 0.943 0.913 0.856 0.905 0.879 0.888 0.943 0.985 0.916 0.979 0.979 0.943 0.963 0.898
509 1.000 1.000 1.000 0.998 0.998 0.987 0.945 0.987 0.998 0.998 0.996 0.987 0.997 0.999 1.000 0.999 0.998 0.993
510 1.000 1.000 0.999 0.999 0.995 0.968 0.911 0.961 0.982 0.953 0.985 0.993 0.980 1.000 0.999 0.994 0.992 0.933
511 1.000 1.000 1.000 1.000 0.999 0.999 0.989 0.995 0.999 0.999 1.000 0.999 0.999 0.999 0.999 0.999 1.000 1.000
512 1.000 0.999 0.998 0.996 0.981 0.936 0.866 0.930 0.945 0.930 0.939 0.988 0.935 0.996 0.995 0.969 0.989 0.852
513 1.000 1.000 1.000 1.000 1.000 1.000 1.000 1.000 1.000 1.000 1.000 1.000 1.000 1.000 1.000 1.000 1.000 1.000
514 1.000 0.992 0.991 0.989 0.973 0.959 0.922 0.954 0.966 0.946 0.977 0.992 0.961 0.993 0.993 0.982 0.979 0.980
515 1.000 1.000 1.000 1.000 1.000 1.000 1.000 1.000 1.000 1.000 1.000 1.000 1.000 1.000 1.000 1.000 1.000 1.000
516 1.000 0.992 0.948 0.842 0.873 0.801 0.807 0.944 0.810 0.816 0.967 0.879 0.800 0.911 0.945 0.795 0.909 0.891
517 1.000 1.000 1.000 1.000 1.000 1.000 1.000 1.000 1.000 1.000 1.000 1.000 1.000 1.000 1.000 1.000 1.000 1.000
518 1.000 0.999 0.999 0.996 0.987 0.961 0.923 0.960 0.969 0.963 0.971 0.997 0.961 0.999 0.999 0.987 0.992 0.991
519 1.000 1.000 1.000 1.000 1.000 1.000 1.000 1.000 1.000 1.000 1.000 1.000 1.000 1.000 1.000 1.000 1.000 1.000
520 1.000 1.000 1.000 1.000 1.000 1.000 1.000 1.000 1.000 1.000 1.000 1.000 1.000 1.000 1.000 1.000 1.000 1.000
521 1.000 1.000 1.000 1.000 1.000 1.000 1.000 1.000 1.000 1.000 1.000 1.000 1.000 1.000 1.000 1.000 1.000 1.000
522 1.000 1.000 1.000 1.000 1.000 1.000 1.000 1.000 1.000 1.000 1.000 1.000 1.000 1.000 1.000 1.000 1.000 1.000
523 1.000 1.000 1.000 1.000 1.000 1.000 1.000 1.000 1.000 1.000 1.000 1.000 1.000 1.000 1.000 1.000 1.000 1.000
524 1.000 1.000 1.000 1.000 1.000 1.000 1.000 1.000 1.000 1.000 1.000 1.000 1.000 1.000 1.000 1.000 1.000 1.000
525 1.000 1.000 1.000 1.000 1.000 1.000 1.000 1.000 1.000 1.000 1.000 1.000 1.000 1.000 1.000 1.000 1.000 1.000
526 1.000 1.000 1.000 1.000 1.000 1.000 1.000 1.000 1.000 1.000 1.000 1.000 1.000 1.000 1.000 1.000 1.000 1.000
527 1.000 1.000 1.000 1.000 1.000 1.000 1.000 1.000 1.000 1.000 1.000 1.000 1.000 1.000 1.000 1.000 1.000 1.000
528 1.000 1.000 1.000 1.000 1.000 1.000 1.000 1.000 1.000 1.000 1.000 1.000 1.000 1.000 1.000 1.000 1.000 1.000
529 1.000 1.000 1.000 1.000 1.000 1.000 1.000 1.000 1.000 1.000 1.000 1.000 1.000 1.000 1.000 1.000 1.000 1.000
530 1.000 1.000 1.000 0.999 0.998 0.994 0.992 0.996 0.995 0.995 0.997 0.998 0.995 1.000 1.000 0.996 0.999 0.998
531 1.000 1.000 1.000 1.000 1.000 1.000 1.000 1.000 1.000 1.000 1.000 1.000 1.000 1.000 1.000 1.000 1.000 1.000
532 1.000 0.990 0.966 0.985 0.887 0.869 0.834 0.876 0.780 0.795 0.963 0.992 0.874 0.971 0.974 0.861 0.930 0.972
533 1.000 1.000 1.000 0.999 0.999 0.994 0.991 0.995 0.995 0.995 0.997 0.999 0.995 1.000 1.000 0.996 0.999 0.998
534 1.000 0.999 0.994 0.991 0.988 0.984 0.968 0.973 0.981 0.976 0.992 0.989 0.985 0.993 0.995 0.987 1.000 0.989
535 1.000 1.000 1.000 1.000 1.000 1.000 1.000 1.000 1.000 1.000 1.000 1.000 1.000 1.000 1.000 1.000 1.000 1.000
536 1.000 1.000 1.000 1.000 1.000 1.000 1.000 1.000 1.000 1.000 1.000 1.000 1.000 1.000 1.000 1.000 1.000 1.000
537 1.000 0.962 0.922 0.972 0.437 0.263 0.283 0.380 0.279 0.276 0.937 0.975 0.270 0.945 0.967 0.505 0.817 0.762
538 1.000 1.000 1.000 1.000 1.000 1.000 1.000 1.000 1.000 1.000 1.000 1.000 1.000 1.000 1.000 1.000 1.000 1.000
539 1.000 0.999 0.999 0.985 0.983 0.963 0.945 0.977 0.964 0.968 0.987 0.997 0.962 0.986 0.984 0.985 0.978 0.958
540 1.000 1.000 1.000 1.000 1.000 1.000 1.000 1.000 1.000 1.000 1.000 1.000 1.000 1.000 1.000 1.000 1.000 1.000
541 1.000 1.000 1.000 1.000 1.000 1.000 1.000 1.000 1.000 1.000 1.000 1.000 1.000 1.000 1.000 1.000 1.000 1.000
542 1.000 1.000 1.000 1.000 1.000 1.000 1.000 1.000 1.000 1.000 1.000 1.000 1.000 1.000 1.000 1.000 1.000 1.000
543 1.000 1.000 1.000 0.999 0.998 0.994 0.991 0.995 0.995 0.995 0.997 0.999 0.995 1.000 1.000 0.996 0.999 0.998
544 1.000 1.000 1.000 1.000 1.000 1.000 1.000 1.000 1.000 1.000 1.000 1.000 1.000 1.000 1.000 1.000 1.000 1.000
545 1.000 1.000 1.000 1.000 1.000 1.000 1.000 1.000 1.000 1.000 1.000 1.000 1.000 1.000 1.000 1.000 1.000 1.000
546 1.000 0.999 0.999 0.994 0.994 0.993 0.962 0.984 0.993 0.990 0.999 0.994 0.995 0.998 0.999 0.996 0.998 0.993
547 1.000 1.000 1.000 0.999 0.998 0.994 0.992 0.996 0.995 0.995 0.997 0.999 0.995 1.000 1.000 0.996 0.999 0.998
548 1.000 1.000 0.997 0.993 0.992 0.989 0.952 0.974 0.989 0.982 0.997 0.992 0.990 0.996 0.996 0.990 0.998 0.992
549 1.000 0.998 0.952 0.967 0.753 0.585 0.522 0.635 0.711 0.598 0.673 0.972 0.577 0.970 0.979 0.824 0.907 0.971
550 1.000 1.000 1.000 1.000 1.000 1.000 1.000 1.000 1.000 1.000 1.000 1.000 1.000 1.000 1.000 1.000 1.000 1.000
551 1.000 1.000 1.000 0.999 0.998 0.994 0.992 0.996 0.995 0.995 0.997 0.999 0.995 1.000 1.000 0.996 0.999 0.998
552 1.000 1.000 1.000 1.000 1.000 1.000 1.000 1.000 1.000 1.000 1.000 1.000 1.000 1.000 1.000 1.000 1.000 1.000
553 1.000 1.000 1.000 1.000 1.000 1.000 1.000 1.000 1.000 1.000 1.000 1.000 1.000 1.000 1.000 1.000 1.000 1.000
554 1.000 0.999 0.992 0.973 0.988 0.954 0.923 0.953 0.961 0.945 0.969 0.959 0.948 0.995 0.998 0.947 0.981 0.989
555 1.000 0.989 0.989 0.994 0.960 0.936 0.900 0.931 0.899 0.888 0.959 0.989 0.936 0.997 1.000 0.978 0.982 0.971
556 1.000 0.989 0.924 0.938 0.741 0.563 0.505 0.634 0.707 0.563 0.711 0.949 0.552 0.940 0.946 0.811 0.868 0.957
557 1.000 0.998 0.990 0.971 0.960 0.966 0.917 0.944 0.966 0.949 0.984 0.959 0.977 0.984 0.990 0.940 0.995 0.956
558 1.000 1.000 1.000 1.000 1.000 1.000 1.000 1.000 1.000 1.000 1.000 1.000 1.000 1.000 1.000 1.000 1.000 1.000
559 1.000 1.000 1.000 1.000 1.000 1.000 1.000 1.000 1.000 1.000 1.000 1.000 1.000 1.000 1.000 1.000 1.000 1.000
560 1.000 1.000 1.000 0.998 0.998 0.994 0.991 0.995 0.995 0.995 0.997 0.998 0.995 1.000 1.000 0.996 0.999 0.998
561 1.000 0.984 0.984 0.962 0.964 0.849 0.806 0.863 0.875 0.860 0.852 0.981 0.855 0.968 0.907 0.964 0.886 0.929
562 1.000 1.000 1.000 1.000 1.000 1.000 1.000 1.000 1.000 1.000 1.000 1.000 1.000 1.000 1.000 1.000 1.000 1.000
563 1.000 0.968 0.967 0.978 0.958 0.891 0.836 0.939 0.919 0.915 0.961 0.973 0.955 0.973 0.950 0.965 0.893 0.987
564 1.000 0.972 0.962 0.925 0.724 0.480 0.515 0.554 0.479 0.523 0.665 0.988 0.480 0.975 0.988 0.535 0.901 0.958
565 1.000 1.000 1.000 1.000 1.000 1.000 1.000 1.000 1.000 1.000 1.000 1.000 1.000 1.000 1.000 1.000 1.000 1.000
566 1.000 1.000 1.000 1.000 1.000 1.000 1.000 1.000 1.000 1.000 1.000 1.000 1.000 1.000 1.000 1.000 1.000 1.000
567 1.000 1.000 1.000 1.000 1.000 1.000 1.000 1.000 1.000 1.000 1.000 1.000 1.000 1.000 1.000 1.000 1.000 1.000
568 1.000 0.945 0.968 0.757 0.763 0.560 0.546 0.573 0.574 0.565 0.757 0.960 0.557 0.768 0.723 0.826 0.651 0.904
569 1.000 1.000 1.000 1.000 1.000 1.000 1.000 1.000 1.000 1.000 1.000 1.000 1.000 1.000 1.000 1.000 1.000 1.000
570 1.000 0.999 0.962 0.970 0.892 0.840 0.794 0.854 0.848 0.809 0.904 0.975 0.839 0.973 0.974 0.946 0.947 0.948
571 1.000 1.000 1.000 1.000 1.000 1.000 1.000 1.000 1.000 1.000 1.000 1.000 1.000 1.000 1.000 1.000 1.000 1.000
572 1.000 0.962 0.959 0.960 0.721 0.559 0.541 0.490 0.563 0.520 0.704 0.963 0.560 0.984 0.958 0.400 0.853 0.900
573 1.000 1.000 0.997 0.994 0.990 0.978 0.938 0.965 0.978 0.972 0.997 0.993 0.983 0.997 0.997 0.984 0.997 0.997
574 1.000 1.000 1.000 1.000 1.000 1.000 1.000 1.000 1.000 1.000 1.000 1.000 1.000 1.000 1.000 1.000 1.000 1.000
575 1.000 1.000 1.000 1.000 1.000 1.000 1.000 1.000 1.000 1.000 1.000 1.000 1.000 1.000 1.000 1.000 1.000 1.000
576 1.000 1.000 1.000 1.000 1.000 1.000 1.000 1.000 1.000 1.000 1.000 1.000 1.000 1.000 1.000 1.000 1.000 1.000
577 1.000 0.999 0.968 0.977 0.932 0.902 0.847 0.897 0.874 0.877 0.936 0.982 0.907 0.974 0.975 0.936 0.956 0.896
578 1.000 1.000 1.000 1.000 1.000 1.000 1.000 1.000 1.000 1.000 1.000 1.000 1.000 1.000 1.000 1.000 1.000 1.000
579 1.000 1.000 1.000 1.000 1.000 1.000 1.000 1.000 1.000 1.000 1.000 1.000 1.000 1.000 1.000 1.000 1.000 1.000
580 1.000 1.000 0.994 0.984 0.983 0.976 0.962 0.963 0.982 0.968 0.999 0.986 0.979 0.992 0.992 0.978 0.996 0.994
581 1.000 1.000 1.000 1.000 1.000 1.000 1.000 1.000 1.000 1.000 1.000 1.000 1.000 1.000 1.000 1.000 1.000 1.000
582 1.000 1.000 1.000 1.000 1.000 1.000 1.000 1.000 1.000 1.000 1.000 1.000 1.000 1.000 1.000 1.000 1.000 1.000
583 1.000 1.000 1.000 1.000 1.000 1.000 1.000 1.000 1.000 1.000 1.000 1.000 1.000 1.000 1.000 1.000 1.000 1.000
584 1.000 0.977 0.885 0.858 0.874 0.906 0.794 0.834 0.724 0.736 0.763 0.996 0.911 0.844 0.837 0.642 0.820 0.807
585 1.000 0.975 0.984 0.834 0.834 0.818 0.810 0.828 0.821 0.823 0.819 0.985 0.820 0.835 0.830 0.946 0.820 0.994
586 1.000 1.000 1.000 0.999 0.998 0.994 0.992 0.996 0.995 0.995 0.997 0.999 0.995 1.000 1.000 0.996 0.999 0.998
587 1.000 1.000 1.000 1.000 1.000 1.000 1.000 1.000 1.000 1.000 1.000 1.000 1.000 1.000 1.000 1.000 1.000 1.000
588 1.000 0.999 0.991 0.977 0.972 0.966 0.936 0.945 0.974 0.958 0.967 0.982 0.966 0.984 0.991 0.982 0.982 0.958
589 1.000 1.000 1.000 0.999 0.998 0.994 0.992 0.996 0.995 0.995 0.997 0.999 0.995 1.000 1.000 0.996 0.999 0.998
590 1.000 1.000 1.000 1.000 1.000 1.000 1.000 1.000 1.000 1.000 1.000 1.000 1.000 1.000 1.000 1.000 1.000 1.000
591 1.000 1.000 1.000 0.987 0.936 0.900 0.850 0.895 0.997 0.890 0.975 0.986 0.931 0.999 1.000 0.967 0.997 1.000
592 1.000 1.000 1.000 1.000 1.000 1.000 1.000 1.000 1.000 1.000 1.000 1.000 1.000 1.000 1.000 1.000 1.000 1.000
593 1.000 0.999 0.983 0.971 0.936 0.881 0.865 0.900 0.907 0.881 0.939 0.980 0.887 0.981 0.991 0.919 0.957 0.982
594 1.000 1.000 1.000 1.000 1.000 1.000 1.000 1.000 1.000 1.000 1.000 1.000 1.000 1.000 1.000 1.000 1.000 1.000
595 1.000 1.000 1.000 1.000 1.000 1.000 1.000 1.000 1.000 1.000 1.000 1.000 1.000 1.000 1.000 1.000 1.000 1.000
596 1.000 1.000 1.000 0.996 0.990 0.980 0.948 0.973 0.982 0.969 0.985 0.996 0.980 0.998 0.999 0.983 0.996 0.989
597 1.000 0.999 0.997 0.996 0.990 0.984 0.964 0.979 0.987 0.978 0.988 0.995 0.985 0.998 0.999 0.988 0.997 0.996
598 1.000 1.000 1.000 1.000 1.000 1.000 1.000 1.000 1.000 1.000 1.000 1.000 1.000 1.000 1.000 1.000 1.000 1.000
599 1.000 0.999 0.997 0.928 0.928 0.905 0.884 0.914 0.921 0.917 0.924 1.000 0.904 0.930 0.925 0.982 0.915 0.957
600 1.000 1.000 1.000 1.000 1.000 1.000 1.000 1.000 1.000 1.000 1.000 1.000 1.000 1.000 1.000 1.000 1.000 1.000
601 1.000 1.000 1.000 1.000 1.000 1.000 1.000 1.000 1.000 1.000 1.000 1.000 1.000 1.000 1.000 1.000 1.000 1.000
602 1.000 1.000 1.000 1.000 1.000 1.000 1.000 1.000 1.000 1.000 1.000 1.000 1.000 1.000 1.000 1.000 1.000 1.000
603 1.000 1.000 1.000 1.000 1.000 1.000 1.000 1.000 1.000 1.000 1.000 1.000 1.000 1.000 1.000 1.000 1.000 1.000
604 1.000 1.000 1.000 1.000 1.000 1.000 1.000 1.000 1.000 1.000 1.000 1.000 1.000 1.000 1.000 1.000 1.000 1.000
605 1.000 0.996 0.985 0.959 0.914 0.894 0.866 0.888 0.821 0.788 0.929 0.988 0.903 0.979 0.984 0.796 0.947 0.888
606 1.000 1.000 1.000 1.000 1.000 1.000 1.000 1.000 1.000 1.000 1.000 1.000 1.000 1.000 1.000 1.000 1.000 1.000
607 1.000 1.000 1.000 1.000 1.000 1.000 1.000 1.000 1.000 1.000 1.000 1.000 1.000 1.000 1.000 1.000 1.000 1.000
608 1.000 1.000 1.000 1.000 1.000 1.000 1.000 1.000 1.000 1.000 1.000 1.000 1.000 1.000 1.000 1.000 1.000 1.000
609 1.000 1.000 1.000 1.000 1.000 1.000 1.000 1.000 1.000 1.000 1.000 1.000 1.000 1.000 1.000 1.000 1.000 1.000
