 accp4 accp4c accp4p ARC Cacheus Clock FIFO FIFO-Merge GDSF Hyperbolic LHD LIRS LeCaR QDLP S3FIFO S4LRU TwoQ WTinyLFU
1 0.894 0.890 0.831 0.994 0.964 0.963 0.892 0.902 0.983 0.939 0.959 0.831 0.956 1.000 0.970 0.846 0.939 0.815
2 0.901 0.898 0.901 0.912 0.852 0.830 0.821 0.863 0.835 0.846 0.882 0.912 0.885 0.942 0.979 0.903 0.849 1.000
3 0.920 0.943 0.912 0.895 0.968 0.955 0.926 0.935 1.000 0.971 0.958 0.708 0.940 0.916 0.972 0.959 0.979 0.753
4 0.925 0.916 0.900 0.896 0.909 0.857 0.848 0.836 0.900 0.862 0.925 0.897 0.916 0.901 0.937 0.826 0.949 1.000
5 0.927 0.916 0.902 0.898 0.905 0.856 0.842 0.838 0.903 0.862 0.930 0.898 0.910 0.901 0.934 0.823 0.944 1.000
6 0.929 0.918 0.905 0.899 0.897 0.855 0.869 0.850 0.909 0.857 0.932 0.917 0.898 0.904 0.927 0.824 0.934 1.000
7 0.929 0.919 0.904 0.900 0.907 0.859 0.846 0.840 0.907 0.865 0.933 0.903 0.912 0.904 0.946 0.826 0.950 1.000
8 0.930 0.921 0.908 0.902 0.909 0.861 0.849 0.847 0.906 0.869 0.930 0.904 0.915 0.905 0.932 0.829 0.945 1.000
9 0.930 0.921 0.900 0.889 0.919 0.864 0.872 0.838 0.893 0.853 0.927 0.918 0.869 0.899 0.927 0.832 0.952 1.000
10 0.930 0.921 0.905 0.879 0.916 0.864 0.857 0.848 0.903 0.871 0.934 0.906 0.924 0.905 0.923 0.832 0.957 1.000
11 0.930 0.920 0.905 0.884 0.918 0.864 0.857 0.843 0.900 0.869 0.929 0.904 0.925 0.906 0.934 0.831 0.961 1.000
12 0.930 0.920 0.907 0.898 0.902 0.855 0.873 0.848 0.908 0.856 0.929 0.911 0.894 0.904 0.926 0.828 0.938 1.000
13 0.930 0.922 0.899 0.885 0.926 0.866 0.874 0.836 0.894 0.853 0.927 0.920 0.871 0.900 0.942 0.829 0.946 1.000
14 0.931 0.921 0.907 0.902 0.909 0.861 0.847 0.847 0.909 0.869 0.934 0.908 0.912 0.905 0.935 0.828 0.946 1.000
15 0.931 0.920 0.908 0.893 0.898 0.856 0.871 0.852 0.908 0.858 0.935 0.919 0.895 0.905 0.924 0.828 0.937 1.000
16 0.931 0.921 0.908 0.900 0.907 0.861 0.845 0.852 0.909 0.869 0.932 0.908 0.909 0.907 0.928 0.828 0.944 1.000
17 0.931 0.923 0.901 0.884 0.923 0.864 0.874 0.837 0.894 0.852 0.927 0.921 0.862 0.897 0.927 0.828 0.946 1.000
18 0.931 0.921 0.908 0.894 0.906 0.859 0.845 0.847 0.907 0.867 0.934 0.905 0.910 0.905 0.933 0.828 0.945 1.000
19 0.931 0.922 0.909 0.903 0.907 0.863 0.881 0.852 0.911 0.870 0.933 0.911 0.906 0.907 0.931 0.830 0.946 1.000
20 0.931 0.921 0.908 0.903 0.903 0.860 0.877 0.850 0.912 0.860 0.934 0.915 0.895 0.906 0.936 0.827 0.944 1.000
21 0.931 0.922 0.907 0.897 0.913 0.864 0.852 0.847 0.909 0.870 0.933 0.905 0.919 0.906 0.935 0.830 0.950 1.000
22 0.932 0.922 0.907 0.892 0.914 0.865 0.852 0.848 0.907 0.870 0.933 0.902 0.920 0.907 0.928 0.829 0.947 1.000
23 0.932 0.923 0.907 0.900 0.916 0.864 0.857 0.846 0.903 0.871 0.935 0.904 0.923 0.908 0.938 0.834 0.956 1.000
24 0.932 0.922 0.907 0.907 0.909 0.862 0.848 0.848 0.910 0.869 0.936 0.906 0.912 0.907 0.938 0.831 0.947 1.000
25 0.932 0.923 0.903 0.890 0.925 0.865 0.874 0.841 0.895 0.856 0.925 0.920 0.865 0.900 0.932 0.834 0.953 1.000
26 0.932 0.922 0.908 0.882 0.908 0.860 0.881 0.851 0.908 0.869 0.935 0.908 0.910 0.906 0.927 0.829 0.946 1.000
27 0.932 0.924 0.901 0.894 0.926 0.868 0.877 0.840 0.897 0.857 0.932 0.922 0.870 0.900 0.940 0.834 0.951 1.000
28 0.933 0.920 0.909 0.882 0.900 0.856 0.871 0.856 0.912 0.859 0.935 0.921 0.901 0.906 0.925 0.829 0.929 1.000
29 0.933 0.919 0.912 0.889 0.913 0.882 0.863 0.823 0.896 0.828 0.920 0.898 0.916 0.905 0.922 0.786 0.916 1.000
30 0.933 0.925 0.903 0.882 0.927 0.866 0.874 0.841 0.896 0.856 0.928 0.921 0.870 0.902 0.936 0.836 0.955 1.000
31 0.933 0.924 0.909 0.897 0.917 0.864 0.856 0.848 0.906 0.872 0.933 0.905 0.924 0.909 0.930 0.835 0.953 1.000
32 0.934 0.918 0.908 0.901 0.893 0.854 0.865 0.852 0.912 0.856 0.932 0.923 0.916 0.904 0.925 0.825 0.920 1.000
33 0.934 0.921 0.908 0.898 0.895 0.854 0.863 0.848 0.912 0.855 0.931 0.922 0.920 0.903 0.942 0.824 0.935 1.000
34 0.934 0.923 0.909 0.898 0.896 0.857 0.866 0.852 0.913 0.858 0.931 0.924 0.920 0.906 0.936 0.825 0.928 1.000
35 0.936 0.922 0.910 0.899 0.896 0.856 0.869 0.851 0.912 0.858 0.934 0.924 0.912 0.906 0.929 0.828 0.935 1.000
36 0.937 0.925 0.912 0.901 0.918 0.895 0.852 0.853 0.915 0.855 0.935 0.915 0.915 0.905 0.928 0.823 0.923 1.000
37 0.938 0.927 0.913 0.898 0.912 0.894 0.861 0.855 0.916 0.859 0.934 0.923 0.917 0.907 0.933 0.826 0.923 1.000
38 0.941 0.926 0.908 0.919 0.910 0.897 0.882 0.824 0.914 0.840 0.940 0.929 0.925 0.907 0.917 0.780 0.935 1.000
39 0.942 0.934 0.927 0.902 0.913 0.884 0.870 0.863 0.935 0.873 0.935 0.904 0.912 0.920 0.931 0.908 0.928 1.000
40 0.942 0.936 0.928 0.905 0.914 0.890 0.881 0.865 0.932 0.880 0.938 0.909 0.915 0.922 0.930 0.901 0.929 1.000
41 0.943 0.933 0.935 0.918 0.939 0.909 0.907 0.864 0.921 0.885 0.948 0.920 0.931 0.933 0.934 0.898 0.961 1.000
42 0.944 0.938 0.929 0.910 0.916 0.890 0.878 0.864 0.934 0.879 0.939 0.910 0.918 0.923 0.930 0.907 0.934 1.000
43 0.945 0.938 0.931 0.910 0.925 0.890 0.873 0.867 0.936 0.880 0.937 0.904 0.921 0.924 0.935 0.912 0.932 1.000
44 0.945 0.935 0.927 0.929 0.934 0.921 0.916 0.867 0.917 0.891 0.949 0.923 0.942 0.915 0.927 0.907 0.972 1.000
45 0.946 0.938 0.924 0.915 0.927 0.878 0.865 0.861 0.922 0.885 0.942 0.919 0.934 0.922 0.951 0.844 0.962 1.000
46 0.947 0.936 0.930 0.932 0.938 0.922 0.917 0.869 0.918 0.892 0.951 0.926 0.943 0.916 0.927 0.910 0.973 1.000
47 0.952 0.944 0.930 0.929 0.956 0.908 0.903 0.850 0.834 0.814 0.958 0.943 0.960 0.931 0.928 0.817 0.959 1.000
48 0.952 0.942 0.930 0.908 0.929 0.880 0.866 0.872 0.929 0.890 0.957 0.927 0.932 0.926 0.946 0.849 0.963 1.000
49 0.954 0.945 0.931 0.926 0.929 0.883 0.903 0.872 0.933 0.890 0.957 0.935 0.927 0.928 0.957 0.849 0.971 1.000
50 0.957 0.951 0.940 0.939 0.901 0.866 0.800 0.847 0.932 0.842 0.882 0.948 0.898 0.934 0.958 0.898 0.907 1.000
51 0.957 0.935 0.914 0.920 0.929 0.856 0.806 0.845 0.910 0.850 0.885 0.924 0.939 0.920 0.938 0.771 0.936 1.000
52 0.957 0.947 0.944 0.969 0.967 0.941 0.912 0.889 0.940 0.887 0.951 0.975 0.955 0.953 0.960 0.941 0.960 1.000
53 0.958 0.949 0.935 0.920 0.936 0.887 0.873 0.877 0.936 0.896 0.964 0.934 0.937 0.933 0.956 0.854 0.972 1.000
54 0.959 0.947 0.940 0.923 0.926 0.909 0.889 0.876 0.938 0.872 0.947 0.931 0.933 0.930 0.958 0.943 0.943 1.000
55 0.960 0.939 0.921 0.976 0.828 0.901 0.822 0.887 0.824 0.887 0.915 1.000 0.926 0.919 0.921 0.798 0.916 0.991
56 0.961 0.953 0.937 0.948 0.925 0.932 0.913 0.908 0.938 0.906 0.950 0.942 0.949 0.932 0.946 0.868 0.963 1.000
57 0.961 0.945 0.929 0.939 0.873 0.898 0.832 0.877 0.868 0.899 0.901 0.989 0.947 0.920 0.932 0.852 0.901 1.000
58 0.963 0.949 0.938 0.925 0.918 0.878 0.890 0.878 0.938 0.883 0.958 0.951 0.947 0.933 0.955 0.848 0.953 1.000
59 0.963 0.970 0.955 0.978 1.000 0.963 0.942 0.947 0.958 0.957 0.983 0.956 0.992 0.958 0.957 0.922 0.983 0.934
60 0.964 0.940 0.923 0.964 0.914 0.886 0.821 0.857 0.858 0.866 0.913 0.977 0.915 0.922 0.937 0.816 0.921 1.000
61 0.964 0.950 0.943 0.967 0.931 0.952 0.927 0.936 0.944 0.923 0.963 0.983 0.957 0.948 0.947 0.890 0.952 1.000
62 0.964 0.969 0.952 0.972 1.000 0.962 0.943 0.945 0.958 0.957 0.979 0.954 0.987 0.953 0.954 0.915 0.978 0.930
63 0.964 0.974 0.958 0.979 1.000 0.962 0.943 0.947 0.963 0.958 0.985 0.959 0.993 0.965 0.961 0.930 0.988 0.812
64 0.965 0.977 0.941 0.982 0.988 0.994 0.971 0.939 0.985 0.976 0.983 0.862 1.000 0.947 0.937 0.950 0.968 0.741
65 0.965 0.957 0.942 0.933 0.900 0.928 0.890 0.890 0.906 0.869 0.948 0.956 0.961 0.923 0.942 0.876 0.961 1.000
66 0.966 0.961 0.960 0.922 0.920 0.891 0.829 0.916 0.887 0.908 0.958 0.967 0.866 0.934 0.923 0.945 0.901 1.000
67 0.966 0.972 0.959 0.978 1.000 0.964 0.945 0.947 0.953 0.960 0.984 0.962 0.995 0.959 0.959 0.924 0.983 0.940
68 0.966 0.974 0.961 0.981 1.000 0.971 0.942 0.949 0.970 0.962 0.986 0.959 0.998 0.966 0.965 0.930 0.990 0.793
69 0.966 0.958 0.965 0.974 0.971 0.963 0.931 0.942 0.967 0.941 0.967 0.980 0.964 0.973 0.976 0.971 0.967 1.000
70 0.966 0.962 0.961 0.938 0.905 0.898 0.834 0.920 0.894 0.913 0.959 0.970 0.871 0.943 0.933 0.940 0.913 1.000
71 0.966 0.978 0.971 0.984 0.997 0.995 0.972 0.962 0.953 0.951 1.000 0.960 0.994 0.986 0.981 0.989 0.986 0.885
72 0.966 0.972 0.957 0.978 1.000 0.962 0.940 0.947 0.958 0.956 0.983 0.957 0.988 0.960 0.959 0.926 0.984 0.932
73 0.967 0.974 0.956 0.983 1.000 0.964 0.942 0.946 0.957 0.959 0.983 0.963 0.993 0.962 0.961 0.926 0.986 0.940
74 0.967 0.959 0.933 0.857 0.918 0.814 0.806 0.866 0.821 0.850 0.876 0.929 0.814 0.936 0.970 0.894 0.959 1.000
75 0.967 0.975 0.976 0.990 0.993 0.989 0.992 0.968 0.975 0.970 0.997 0.960 0.993 0.977 0.972 0.967 1.000 0.915
76 0.967 0.974 0.957 0.972 1.000 0.963 0.940 0.945 0.961 0.957 0.983 0.956 0.990 0.959 0.958 0.925 0.983 0.940
77 0.967 0.975 0.961 0.979 1.000 0.966 0.940 0.949 0.957 0.962 0.987 0.963 0.993 0.963 0.958 0.927 0.987 0.936
78 0.968 0.960 0.952 0.930 0.940 0.910 0.897 0.887 0.958 0.899 0.964 0.928 0.936 0.945 0.954 0.933 0.950 1.000
79 0.968 0.972 0.957 0.974 1.000 0.964 0.940 0.946 0.965 0.958 0.983 0.961 0.992 0.961 0.963 0.932 0.983 0.945
80 0.968 0.974 0.956 0.976 1.000 0.962 0.945 0.945 0.956 0.958 0.982 0.962 0.989 0.960 0.958 0.920 0.979 0.933
81 0.968 0.977 0.977 0.993 0.993 0.991 0.992 0.972 0.975 0.974 0.997 0.959 0.994 0.979 0.971 0.972 1.000 0.912
82 0.969 0.975 0.958 0.982 1.000 0.965 0.940 0.948 0.959 0.958 0.985 0.965 0.990 0.968 0.967 0.925 0.987 0.936
83 0.969 0.966 0.965 0.930 0.907 0.892 0.827 0.915 0.889 0.908 0.952 0.970 0.866 0.938 0.929 0.945 0.906 1.000
84 0.969 0.974 0.954 0.974 1.000 0.964 0.936 0.947 0.962 0.959 0.984 0.958 0.993 0.959 0.958 0.924 0.987 0.938
85 0.969 0.974 0.957 0.979 1.000 0.965 0.941 0.948 0.961 0.960 0.985 0.960 0.994 0.964 0.968 0.932 0.987 0.941
86 0.969 0.978 0.960 0.982 1.000 0.965 0.937 0.947 0.959 0.962 0.983 0.961 0.991 0.962 0.960 0.926 0.984 0.934
87 0.970 0.994 0.984 0.996 0.983 0.956 0.812 0.921 0.972 0.951 0.962 0.952 0.938 1.000 0.976 0.952 0.934 0.926
88 0.970 0.954 0.939 0.957 0.928 0.901 0.859 0.884 0.916 0.892 0.913 0.973 0.928 0.938 0.945 0.836 0.938 1.000
89 0.970 0.952 0.928 0.906 0.918 0.945 0.903 0.889 0.923 0.878 0.985 0.970 0.970 0.929 0.960 0.821 0.950 1.000
90 0.971 0.960 0.944 0.954 0.937 0.913 0.867 0.902 0.933 0.911 0.940 0.978 0.925 0.951 0.959 0.922 0.952 1.000
91 0.971 0.981 0.981 0.994 1.000 0.999 0.940 0.982 1.000 0.995 0.997 0.965 0.999 0.990 0.995 0.986 0.979 0.924
92 0.971 0.962 0.916 0.915 0.898 0.781 0.914 0.870 0.791 0.843 0.890 0.964 0.947 0.921 0.950 0.881 0.942 1.000
93 0.971 0.973 0.971 0.979 0.971 0.958 0.925 0.945 0.978 0.940 0.970 0.982 0.968 0.980 0.981 0.967 0.967 1.000
94 0.971 0.932 0.760 0.254 0.961 0.166 0.135 0.604 0.192 0.322 0.888 1.000 0.156 0.643 0.648 0.714 0.466 0.922
95 0.971 0.973 0.970 0.987 0.996 0.990 0.970 0.948 0.943 0.928 1.000 0.981 0.994 0.983 0.982 0.973 0.982 0.962
96 0.971 0.969 0.952 0.894 0.909 0.860 0.856 0.900 0.897 0.892 0.953 0.935 0.859 0.955 0.957 0.913 0.970 1.000
97 0.971 0.961 0.965 0.963 0.960 0.947 0.917 0.922 0.949 0.918 0.968 0.977 0.959 0.970 0.975 0.955 0.964 1.000
98 0.972 0.959 0.946 0.961 0.932 0.920 0.866 0.893 0.929 0.882 0.921 0.979 0.931 0.949 0.954 0.843 0.940 1.000
99 0.972 0.976 0.976 1.000 0.961 0.887 0.846 0.897 0.927 0.899 0.918 0.993 0.907 0.976 0.971 0.939 0.951 0.962
100 0.972 0.977 0.960 0.977 1.000 0.970 0.940 0.951 0.959 0.963 0.987 0.964 0.992 0.958 0.959 0.927 0.989 0.790
101 0.972 0.984 0.982 0.999 0.998 0.998 0.998 0.990 0.976 0.995 1.000 0.970 0.998 0.984 0.980 0.989 0.998 0.953
102 0.973 0.981 0.971 0.981 0.997 0.991 0.976 0.952 0.927 0.923 1.000 0.983 0.998 0.979 0.975 0.961 0.985 0.947
103 0.973 0.960 0.921 0.890 0.916 0.834 0.900 0.902 0.800 0.841 0.901 1.000 0.890 0.933 0.937 0.902 0.929 0.976
104 0.973 0.958 0.950 0.967 0.934 0.942 0.893 0.891 0.913 0.884 0.950 0.976 0.957 0.956 0.958 0.849 0.951 1.000
105 0.973 0.978 0.960 0.976 1.000 0.968 0.942 0.949 0.968 0.959 0.987 0.961 0.995 0.966 0.968 0.925 0.985 0.944
106 0.974 0.982 0.964 0.981 1.000 0.966 0.941 0.951 0.963 0.960 0.986 0.962 0.989 0.965 0.962 0.927 0.986 0.943
107 0.975 0.952 0.898 0.874 0.950 0.882 0.845 0.831 0.782 0.853 0.900 0.917 0.894 0.896 0.927 0.782 0.946 1.000
108 0.976 0.970 0.956 0.946 0.950 0.869 0.900 0.923 0.887 0.888 0.949 1.000 0.872 0.966 0.969 0.939 0.943 0.990
109 0.976 0.982 0.950 0.974 0.987 0.976 0.952 0.936 0.906 0.892 1.000 0.966 0.991 0.974 0.976 0.961 0.992 0.922
110 0.976 1.000 0.989 0.990 0.977 0.950 0.810 0.917 0.969 0.950 0.938 0.956 0.934 0.992 0.971 0.961 0.930 0.937
111 0.976 1.000 0.989 0.994 0.981 0.956 0.817 0.924 0.979 0.952 0.962 0.956 0.940 0.996 0.975 0.969 0.929 0.931
112 0.976 0.962 0.955 0.970 0.959 0.960 0.929 0.943 0.955 0.932 0.964 0.990 0.971 0.957 0.962 0.897 0.969 1.000
113 0.976 1.000 0.990 0.990 0.978 0.951 0.819 0.918 0.972 0.951 0.931 0.957 0.938 0.993 0.972 0.970 0.933 0.940
114 0.977 0.983 0.983 0.988 0.994 0.989 0.987 0.969 0.973 0.970 1.000 0.973 0.992 0.987 0.986 0.979 0.999 0.940
115 0.977 1.000 0.989 0.990 0.975 0.948 0.807 0.917 0.970 0.951 0.936 0.957 0.930 0.992 0.972 0.975 0.926 0.936
116 0.977 0.970 0.964 0.954 0.952 0.928 0.889 0.890 0.958 0.892 0.969 0.958 0.950 0.967 0.971 0.953 0.955 1.000
117 0.977 0.971 0.965 0.985 0.963 0.972 0.922 0.952 0.956 0.941 0.970 0.994 0.965 0.969 0.969 0.930 0.983 1.000
118 0.977 1.000 0.989 0.991 0.978 0.949 0.818 0.920 0.974 0.953 0.953 0.959 0.935 0.993 0.977 0.976 0.927 0.940
119 0.977 1.000 0.989 0.991 0.978 0.953 0.806 0.914 0.972 0.950 0.945 0.960 0.934 0.994 0.974 0.970 0.932 0.945
120 0.977 1.000 0.988 0.991 0.979 0.953 0.816 0.918 0.973 0.953 0.950 0.958 0.941 0.993 0.976 0.968 0.935 0.936
121 0.977 1.000 0.989 0.997 0.980 0.954 0.812 0.916 0.977 0.950 0.962 0.959 0.933 1.000 0.973 0.972 0.927 0.937
122 0.977 0.982 0.983 0.988 0.993 0.991 0.984 0.965 0.963 0.957 1.000 0.980 0.992 0.990 0.990 0.983 1.000 0.823
123 0.978 1.000 0.989 0.989 0.979 0.947 0.809 0.912 0.974 0.951 0.953 0.960 0.935 0.992 0.975 0.973 0.931 0.943
124 0.978 0.971 0.972 0.983 0.971 0.961 0.941 0.939 0.952 0.921 0.981 0.990 0.974 0.980 0.981 0.974 0.972 1.000
125 0.978 0.981 0.979 0.990 0.997 0.993 0.975 0.955 0.956 0.935 1.000 0.982 0.996 0.989 0.989 0.989 0.988 0.947
126 0.978 1.000 0.989 0.984 0.973 0.946 0.810 0.911 0.967 0.942 0.941 0.961 0.932 0.990 0.969 0.975 0.926 0.934
127 0.978 0.968 0.969 0.977 0.959 0.952 0.928 0.945 0.955 0.929 0.971 0.989 0.965 0.975 0.978 0.976 0.969 1.000
128 0.979 0.968 0.895 0.878 0.797 0.761 0.770 0.816 0.758 0.777 0.835 0.959 0.786 0.898 0.969 0.865 0.894 1.000
129 0.979 0.970 0.959 0.953 0.930 0.949 0.898 0.934 0.911 0.938 0.949 0.998 0.978 0.954 0.954 0.927 0.950 1.000
130 0.979 0.972 0.957 0.971 0.923 0.947 0.877 0.912 0.847 0.859 0.926 0.974 0.946 0.949 0.949 0.919 0.937 1.000
131 0.979 0.960 0.959 0.696 0.697 0.640 0.606 0.774 0.676 0.662 0.667 1.000 0.640 0.698 0.687 0.910 0.677 0.791
132 0.979 0.971 0.969 0.973 0.964 0.954 0.909 0.927 0.970 0.937 0.974 0.977 0.965 0.970 0.980 0.968 0.969 1.000
133 0.979 0.987 0.970 0.980 1.000 0.970 0.940 0.954 0.966 0.960 0.988 0.968 0.993 0.975 0.973 0.934 0.988 0.818
134 0.979 1.000 0.989 0.985 0.975 0.947 0.809 0.915 0.966 0.949 0.943 0.962 0.933 0.988 0.969 0.974 0.928 0.946
135 0.979 0.984 0.983 0.997 1.000 0.997 0.981 0.955 0.969 0.940 1.000 0.977 0.999 0.990 0.987 0.989 0.989 0.909
136 0.979 0.988 0.985 0.999 0.999 0.998 0.985 0.971 0.990 0.977 1.000 0.962 1.000 0.986 0.978 0.992 0.995 0.938
137 0.979 0.977 0.972 0.978 0.974 0.990 0.960 0.961 0.974 0.952 0.984 0.972 1.000 0.980 0.975 0.976 0.947 0.962
138 0.980 0.976 0.975 0.925 0.809 0.868 0.839 0.921 0.873 0.901 0.948 0.988 0.868 0.931 0.899 0.952 0.887 1.000
139 0.980 0.988 0.982 0.997 0.999 0.997 0.980 0.968 0.990 0.972 1.000 0.962 0.999 0.983 0.974 0.990 0.995 0.917
140 0.980 0.970 0.966 0.982 0.968 0.957 0.943 0.950 0.962 0.941 0.970 0.995 0.971 0.972 0.974 0.983 0.969 1.000
141 0.980 0.976 0.975 0.926 0.920 0.877 0.854 0.923 0.881 0.907 0.954 0.988 0.876 0.936 0.908 0.949 0.897 1.000
142 0.980 0.974 0.973 0.910 0.903 0.842 0.817 0.913 0.846 0.887 0.938 0.990 0.845 0.922 0.883 0.944 0.869 1.000
143 0.981 0.972 0.962 0.981 0.956 0.970 0.947 0.951 0.952 0.938 0.970 1.000 0.976 0.967 0.967 0.930 0.975 0.967
144 0.981 0.977 0.963 0.973 0.935 0.966 0.896 0.914 0.825 0.844 0.923 0.980 0.963 0.950 0.950 0.921 0.926 1.000
145 0.981 0.974 0.960 0.960 0.952 0.941 0.901 0.902 0.955 0.908 0.959 0.972 0.959 0.966 0.966 0.960 0.955 1.000
146 0.981 0.977 0.969 0.968 0.970 0.941 0.936 0.954 0.959 0.947 0.969 0.992 0.978 0.971 0.973 0.936 0.985 1.000
147 0.982 0.975 0.975 0.913 0.808 0.850 0.819 0.915 0.854 0.891 0.944 0.989 0.848 0.924 0.889 0.948 0.876 1.000
148 0.982 0.977 0.975 0.951 0.951 0.942 0.893 0.933 0.945 0.946 0.951 0.984 0.943 0.952 0.946 0.972 0.926 1.000
149 0.982 0.977 0.973 0.983 0.971 0.966 0.950 0.949 0.960 0.945 0.976 0.989 0.974 0.975 0.978 0.933 0.974 1.000
150 0.982 0.977 0.976 0.915 0.907 0.848 0.808 0.914 0.855 0.890 0.947 0.991 0.838 0.926 0.889 0.947 0.876 1.000
151 0.982 0.973 0.963 0.977 0.964 0.947 0.924 0.926 0.954 0.921 0.970 0.987 0.963 0.959 0.962 0.956 0.972 1.000
152 0.982 0.986 0.984 0.976 0.995 0.873 0.771 0.912 0.895 0.892 0.914 0.982 0.914 1.000 0.957 0.970 0.883 0.948
153 0.983 0.973 0.978 0.992 0.967 0.964 0.926 0.954 0.965 0.942 0.974 1.000 0.966 0.987 0.986 0.974 0.973 0.989
154 0.983 0.983 0.979 0.991 0.987 0.981 0.935 0.959 0.984 0.955 0.986 0.998 0.986 0.992 0.989 0.991 0.979 1.000
155 0.983 0.971 0.970 0.842 0.839 0.834 0.732 0.869 0.839 0.847 0.921 0.988 0.840 0.842 0.837 0.942 0.817 1.000
156 0.983 0.975 0.973 0.920 0.803 0.863 0.838 0.916 0.871 0.895 0.946 0.992 0.862 0.927 0.897 0.950 0.887 1.000
157 0.984 0.993 0.988 0.998 1.000 0.997 0.949 0.972 0.988 0.978 0.996 0.980 0.998 0.996 0.994 0.991 0.991 0.955
158 0.984 0.986 0.971 0.996 0.996 0.996 0.955 0.941 0.958 0.919 0.992 0.997 1.000 0.989 0.987 0.992 0.987 0.990
159 0.984 0.991 0.974 0.986 0.997 0.980 0.948 0.928 0.990 0.936 1.000 0.966 0.996 0.980 0.983 0.975 0.987 0.982
160 0.984 0.975 0.962 0.971 0.976 0.942 0.925 0.946 0.960 0.944 0.976 1.000 0.982 0.967 0.967 0.917 0.976 0.977
161 0.984 0.978 0.977 0.921 0.916 0.866 0.839 0.920 0.876 0.900 0.952 0.993 0.871 0.932 0.902 0.958 0.891 1.000
162 0.984 0.967 0.935 0.878 0.945 0.815 0.914 0.924 0.821 0.879 0.921 1.000 0.829 0.954 0.957 0.929 0.943 0.995
163 0.985 0.976 0.971 0.983 0.982 0.965 0.928 0.951 0.964 0.937 0.977 1.000 0.964 0.973 0.975 0.972 0.973 0.989
164 0.985 0.978 0.970 0.973 0.979 0.945 0.944 0.951 0.961 0.948 0.967 0.999 0.920 0.970 0.972 0.934 0.960 1.000
165 0.985 0.984 0.982 0.981 0.983 0.974 0.958 0.948 0.965 0.944 0.992 0.986 0.983 0.986 0.985 0.971 0.986 1.000
166 0.985 0.980 0.974 0.989 0.983 0.969 0.955 0.959 0.956 0.946 0.980 0.998 0.976 0.980 0.981 0.942 0.977 1.000
167 0.985 0.989 0.989 0.991 0.995 0.992 0.983 0.962 0.967 0.954 1.000 0.982 0.994 0.994 0.991 0.987 0.999 0.955
168 0.985 0.979 0.978 0.925 0.915 0.869 0.849 0.921 0.878 0.903 0.954 0.994 0.869 0.933 0.904 0.953 0.892 1.000
169 0.985 0.981 0.980 0.924 0.916 0.867 0.832 0.917 0.874 0.900 0.947 0.991 0.864 0.931 0.900 0.954 0.887 1.000
170 0.985 0.979 0.978 0.922 0.814 0.864 0.837 0.919 0.876 0.898 0.949 0.994 0.872 0.934 0.901 0.952 0.887 1.000
171 0.985 0.984 0.983 0.978 0.981 0.972 0.953 0.944 0.964 0.942 0.992 0.984 0.980 0.985 0.986 0.975 0.985 1.000
172 0.985 0.976 0.967 0.980 0.956 0.968 0.934 0.949 0.956 0.942 0.970 0.996 0.974 0.968 0.974 0.927 0.975 1.000
173 0.986 0.976 0.904 0.888 0.812 0.777 0.788 0.830 0.775 0.791 0.857 0.961 0.811 0.898 0.966 0.845 0.910 1.000
174 0.986 0.973 0.923 0.944 0.914 0.907 0.878 0.890 0.897 0.862 0.942 0.971 0.927 0.931 0.932 0.838 0.935 1.000
175 0.986 0.980 0.967 0.951 0.924 0.958 0.917 0.946 0.932 0.921 0.970 1.000 0.979 0.979 0.984 0.941 0.952 0.997
176 0.986 0.985 0.967 0.965 0.960 0.949 0.952 0.940 0.957 0.957 0.972 0.968 0.966 0.961 0.987 0.938 0.990 1.000
177 0.986 0.979 0.977 0.958 0.954 0.938 0.902 0.930 0.980 0.933 0.970 0.971 0.958 0.978 0.988 0.969 0.962 1.000
178 0.986 0.979 0.971 0.978 0.980 0.948 0.945 0.950 0.964 0.950 0.969 0.999 0.927 0.972 0.973 0.934 0.961 1.000
179 0.986 0.997 0.954 0.968 0.990 0.952 0.908 0.909 0.854 0.903 0.977 1.000 0.990 0.975 0.965 0.837 0.967 0.666
180 0.986 0.980 0.979 0.913 0.806 0.849 0.823 0.912 0.856 0.890 0.942 0.992 0.851 0.925 0.889 0.948 0.876 1.000
181 0.986 0.982 0.982 0.970 0.968 0.967 0.882 0.953 0.968 0.969 0.972 0.987 0.969 0.970 0.967 0.982 0.949 1.000
182 0.986 0.970 0.965 0.987 0.961 0.977 0.929 0.957 0.956 0.946 0.971 1.000 0.974 0.969 0.969 0.938 0.979 0.996
183 0.986 0.974 0.975 0.784 0.784 0.769 0.725 0.833 0.780 0.787 0.804 1.000 0.769 0.785 0.784 0.940 0.782 0.982
184 0.987 0.973 0.965 0.984 0.958 0.974 0.922 0.954 0.954 0.943 0.968 1.000 0.972 0.969 0.969 0.935 0.976 0.997
185 0.987 0.991 0.989 0.994 0.999 0.999 0.988 0.988 0.994 0.989 0.998 0.971 1.000 0.989 0.988 0.989 0.996 0.942
186 0.987 0.984 0.982 0.987 0.988 0.978 0.963 0.957 0.967 0.950 0.994 0.989 0.987 0.984 0.990 0.985 0.988 1.000
187 0.987 0.976 0.966 0.983 0.959 0.976 0.926 0.956 0.955 0.945 0.971 1.000 0.972 0.968 0.969 0.936 0.979 0.999
188 0.987 0.980 0.978 0.928 0.921 0.871 0.832 0.920 0.876 0.902 0.951 0.996 0.867 0.935 0.906 0.961 0.893 1.000
189 0.987 0.972 0.972 0.745 0.767 0.723 0.707 0.779 0.726 0.736 0.806 1.000 0.720 0.767 0.751 0.898 0.748 0.983
190 0.987 0.982 0.980 0.929 0.920 0.871 0.836 0.924 0.876 0.903 0.953 0.996 0.869 0.937 0.906 0.958 0.892 1.000
191 0.987 0.983 0.982 0.932 0.928 0.889 0.870 0.929 0.900 0.916 0.962 0.990 0.900 0.939 0.920 0.957 0.908 1.000
192 0.988 0.988 0.995 0.975 0.947 0.937 0.905 0.954 0.957 0.950 0.984 1.000 0.950 0.997 0.999 0.966 0.980 0.975
193 0.988 0.988 0.984 0.993 0.942 0.915 0.889 0.930 0.959 0.928 0.976 0.995 0.970 0.986 0.980 0.973 0.963 1.000
194 0.988 0.984 0.982 0.929 0.813 0.873 0.834 0.923 0.879 0.905 0.951 0.997 0.864 0.936 0.907 0.954 0.895 1.000
195 0.988 0.987 0.984 0.984 0.986 0.978 0.960 0.951 0.969 0.948 0.994 0.987 0.985 0.987 0.989 0.978 0.987 1.000
196 0.988 0.977 0.975 0.958 0.897 0.816 0.815 0.865 0.829 0.825 0.948 1.000 0.816 0.956 0.950 0.946 0.919 0.982
197 0.988 1.000 0.996 0.946 0.959 0.922 0.788 0.935 0.912 0.916 0.935 0.988 0.918 0.987 0.969 0.989 0.879 0.979
198 0.988 0.979 0.975 0.985 0.972 0.955 0.924 0.945 0.962 0.947 0.975 0.994 0.967 0.982 0.985 0.980 0.973 1.000
199 0.989 0.980 0.978 0.988 0.965 0.954 0.922 0.935 0.957 0.920 0.958 0.991 0.967 0.984 0.986 0.978 0.971 1.000
200 0.989 0.974 0.928 0.925 0.926 0.794 0.909 0.906 0.784 0.831 0.885 0.993 0.902 0.948 0.954 0.913 0.942 1.000
201 0.989 0.984 0.983 0.930 0.924 0.880 0.839 0.928 0.887 0.908 0.953 0.998 0.873 0.940 0.909 0.957 0.896 1.000
202 0.989 0.997 0.997 0.998 1.000 0.997 0.980 0.984 0.999 0.982 1.000 0.973 1.000 0.997 0.992 0.999 0.996 0.944
203 0.989 0.984 0.982 0.933 0.817 0.878 0.856 0.931 0.887 0.910 0.963 0.997 0.887 0.939 0.909 0.959 0.897 1.000
204 0.989 0.988 0.986 0.993 0.996 0.991 0.982 0.974 0.957 0.958 1.000 0.996 0.999 0.989 0.988 0.960 0.993 0.990
205 0.989 0.989 0.986 0.997 1.000 0.996 0.974 0.975 0.964 0.956 0.998 0.996 0.999 0.990 0.989 0.972 0.991 0.850
206 0.989 0.981 0.949 0.966 0.950 0.934 0.909 0.934 0.959 0.925 0.968 1.000 0.956 0.959 0.963 0.900 0.965 0.939
207 0.989 0.984 0.982 0.926 0.923 0.877 0.847 0.927 0.885 0.906 0.956 0.994 0.877 0.939 0.907 0.956 0.895 1.000
208 0.989 0.982 0.980 0.925 0.917 0.877 0.851 0.926 0.888 0.904 0.948 0.995 0.881 0.935 0.904 0.959 0.891 1.000
209 0.989 0.987 0.985 0.984 0.981 0.975 0.959 0.950 0.957 0.936 0.989 0.985 0.983 0.988 0.989 0.975 0.982 1.000
210 0.989 0.984 0.982 0.930 0.818 0.874 0.838 0.927 0.880 0.906 0.951 0.997 0.872 0.938 0.906 0.954 0.891 1.000
211 0.989 0.983 0.982 0.932 0.811 0.880 0.851 0.927 0.888 0.911 0.961 0.995 0.879 0.935 0.906 0.957 0.894 1.000
212 0.990 0.971 0.969 0.963 0.942 0.920 0.849 0.897 0.978 0.896 0.946 0.971 0.944 0.972 0.992 0.958 0.940 1.000
213 0.990 0.984 0.983 0.928 0.921 0.877 0.847 0.926 0.888 0.907 0.959 0.995 0.878 0.938 0.908 0.960 0.894 1.000
214 0.990 0.986 0.984 0.934 0.926 0.878 0.849 0.929 0.888 0.909 0.957 1.000 0.884 0.942 0.912 0.964 0.900 1.000
215 0.990 0.985 0.984 0.934 0.922 0.878 0.862 0.930 0.887 0.911 0.955 0.997 0.888 0.940 0.909 0.956 0.895 1.000
216 0.990 0.978 0.973 0.981 0.957 0.948 0.896 0.912 0.960 0.915 0.958 0.987 0.963 0.982 0.980 0.974 0.947 1.000
217 0.990 0.992 0.987 1.000 0.999 0.991 0.978 0.981 0.987 0.983 0.968 0.995 0.992 0.993 0.988 0.992 0.983 0.937
218 0.990 0.987 0.986 0.931 0.821 0.873 0.847 0.924 0.885 0.906 0.955 0.999 0.878 0.938 0.908 0.960 0.895 1.000
219 0.990 0.985 0.984 0.938 0.821 0.882 0.859 0.929 0.891 0.911 0.960 0.995 0.892 0.941 0.911 0.956 0.901 1.000
220 0.990 0.974 0.945 0.806 0.920 0.782 0.760 0.888 0.792 0.837 0.834 1.000 0.775 0.952 0.956 0.917 0.938 0.997
221 0.991 0.987 0.972 0.992 0.917 0.988 0.968 0.938 0.929 0.909 1.000 0.993 0.994 0.985 0.982 0.979 0.998 0.988
222 0.991 0.979 0.971 0.989 0.965 0.979 0.932 0.959 0.961 0.950 0.975 0.998 0.971 0.974 0.974 0.939 0.983 1.000
223 0.991 0.998 0.993 0.998 1.000 0.999 0.992 0.982 0.985 0.973 1.000 0.979 1.000 0.995 0.993 0.997 0.996 0.950
224 0.991 0.967 0.966 0.691 0.692 0.631 0.598 0.761 0.666 0.651 0.656 1.000 0.625 0.694 0.683 0.910 0.672 0.972
225 0.991 0.990 0.987 0.987 0.988 0.984 0.980 0.970 0.971 0.968 0.989 0.985 0.987 0.988 0.989 0.978 0.995 1.000
226 0.991 0.967 0.959 0.549 0.528 0.528 0.473 0.533 0.536 0.528 0.531 1.000 0.518 0.556 0.523 0.888 0.495 0.987
227 0.991 0.985 0.980 0.994 0.976 0.948 0.944 0.965 0.967 0.957 0.978 1.000 0.983 0.981 0.982 0.948 0.994 0.979
228 0.991 0.984 0.983 0.937 0.928 0.880 0.847 0.928 0.889 0.910 0.962 0.997 0.879 0.944 0.914 0.956 0.900 1.000
229 0.991 0.982 0.982 0.990 0.978 0.963 0.941 0.947 0.965 0.942 0.985 0.997 0.980 0.985 0.987 0.978 0.984 1.000
230 0.991 0.988 0.986 0.942 0.821 0.879 0.849 0.932 0.885 0.912 0.960 0.996 0.881 0.946 0.914 0.954 0.901 1.000
231 0.991 0.990 0.986 1.000 0.996 0.991 0.978 0.967 0.956 0.947 0.994 0.992 0.999 0.986 0.985 0.953 0.989 0.958
232 0.991 0.980 0.930 0.685 0.726 0.636 0.601 0.806 0.667 0.675 0.713 1.000 0.661 0.970 0.979 0.905 0.666 0.978
233 0.992 0.989 0.990 0.987 0.987 0.974 0.967 0.964 0.977 0.961 0.994 0.996 0.985 0.991 0.994 0.980 0.990 1.000
234 0.992 0.969 0.939 0.581 0.782 0.581 0.580 0.804 0.581 0.686 0.738 0.975 0.581 0.868 0.870 0.866 0.842 1.000
235 0.992 0.986 0.984 0.930 0.825 0.874 0.845 0.930 0.881 0.907 0.956 0.999 0.875 0.939 0.907 0.966 0.894 1.000
236 0.992 0.985 0.971 0.983 1.000 0.961 0.897 0.932 0.891 0.903 0.942 0.989 0.964 0.962 0.961 0.930 0.917 0.980
237 0.992 0.989 0.988 0.931 0.823 0.869 0.836 0.930 0.879 0.907 0.967 1.000 0.866 0.940 0.907 0.967 0.894 0.998
238 0.992 0.984 0.983 0.981 0.983 0.959 0.932 0.936 0.973 0.937 0.977 0.981 0.971 0.984 0.987 0.972 0.971 1.000
239 0.992 0.997 0.997 0.998 1.000 1.000 0.986 0.992 0.999 0.994 1.000 0.981 1.000 0.997 0.995 0.999 0.997 0.959
240 0.992 0.994 0.992 0.996 0.994 0.991 0.982 0.989 0.990 0.990 1.000 0.963 0.992 0.994 0.993 0.990 0.994 0.910
241 0.992 0.993 0.990 0.994 0.997 0.995 0.989 0.982 0.968 0.965 1.000 0.994 1.000 0.990 0.988 0.974 0.993 0.977
242 0.992 0.996 0.995 0.997 0.999 0.999 0.987 0.990 0.996 0.991 1.000 0.979 0.999 0.996 0.995 0.995 0.996 0.951
243 0.992 0.997 0.990 0.999 1.000 0.999 0.991 0.979 0.980 0.969 1.000 0.979 0.999 0.994 0.991 0.997 0.994 0.933
244 0.992 0.996 0.994 0.999 1.000 0.999 0.987 0.982 1.000 0.992 0.997 0.977 1.000 0.998 0.994 0.992 0.990 0.961
245 0.993 0.997 0.997 0.998 1.000 1.000 0.987 0.996 1.000 0.999 0.999 0.987 1.000 0.998 1.000 0.999 0.996 0.983
246 0.993 0.992 0.990 0.998 0.993 0.995 0.985 0.991 0.993 0.993 0.997 0.993 1.000 0.991 0.990 0.977 0.987 0.968
247 0.993 0.983 0.980 0.952 0.929 0.908 0.903 0.932 0.913 0.909 0.905 0.997 0.908 0.954 0.918 0.960 0.905 1.000
248 0.993 0.972 0.931 0.949 0.903 0.938 0.874 0.867 0.797 0.768 0.998 0.981 0.991 0.937 0.937 0.843 0.945 1.000
249 0.993 0.997 0.991 0.998 0.999 0.998 0.992 0.979 0.984 0.971 1.000 0.977 0.999 0.995 0.992 0.997 0.997 0.941
250 0.993 0.996 0.991 0.998 0.999 0.998 0.992 0.980 0.982 0.972 1.000 0.978 0.999 0.994 0.991 0.996 0.994 0.941
251 0.993 0.997 0.991 0.999 1.000 0.999 0.993 0.981 0.983 0.975 1.000 0.979 1.000 0.995 0.993 0.998 0.996 0.950
252 0.993 0.997 0.991 0.998 1.000 0.998 0.991 0.978 0.978 0.969 1.000 0.981 0.999 0.996 0.993 0.997 0.994 0.949
253 0.993 0.995 0.930 1.000 0.969 0.944 0.876 0.867 0.965 0.935 0.953 0.917 0.944 1.000 0.966 0.695 0.939 0.748
254 0.993 1.000 0.994 0.983 0.989 0.973 0.869 0.967 0.971 0.973 0.983 0.981 0.974 0.998 0.987 0.997 0.941 0.963
255 0.993 0.993 0.990 1.000 1.000 0.993 0.966 0.977 0.972 0.964 0.997 0.997 0.998 0.996 0.997 0.992 0.998 0.867
256 0.993 0.994 0.989 0.999 1.000 0.996 0.980 0.983 0.994 0.990 0.955 0.994 0.999 0.994 0.992 0.991 0.990 0.944
257 0.993 0.997 0.985 0.984 1.000 1.000 0.964 0.978 0.959 0.983 1.000 0.984 1.000 0.992 0.983 0.999 0.980 0.930
258 0.993 0.994 0.994 0.994 0.992 0.993 0.974 0.970 0.980 0.964 1.000 0.990 0.997 0.998 0.998 0.989 0.990 0.978
259 0.993 0.989 0.988 0.940 0.928 0.889 0.877 0.931 0.897 0.915 0.963 1.000 0.894 0.945 0.920 0.960 0.910 0.994
260 0.994 0.995 0.995 0.997 0.998 0.993 0.975 0.969 0.975 0.956 1.000 0.996 0.999 0.999 0.999 0.993 0.995 0.996
261 0.994 1.000 0.991 0.988 0.994 0.988 0.967 0.966 0.989 0.962 0.997 0.983 0.993 0.996 0.995 0.991 0.994 0.967
262 0.994 0.995 0.995 0.996 0.999 0.994 0.976 0.969 0.974 0.953 1.000 0.994 0.999 1.000 0.998 0.994 0.994 0.990
263 0.994 0.996 0.990 0.999 1.000 0.991 0.974 0.981 0.988 0.985 0.950 0.992 0.996 0.992 0.987 0.988 0.979 0.959
264 0.994 0.998 0.992 0.999 0.893 0.999 0.992 0.980 0.983 0.971 1.000 0.981 0.999 0.996 0.993 0.998 0.996 0.947
265 0.994 0.997 0.991 0.998 1.000 0.999 0.992 0.980 0.983 0.973 1.000 0.980 0.999 0.995 0.993 0.997 0.995 0.944
266 0.994 1.000 0.990 0.988 0.994 0.988 0.968 0.965 0.988 0.962 0.998 0.983 0.993 0.995 0.995 0.991 0.994 0.964
267 0.994 0.997 0.993 0.999 0.999 0.999 0.994 0.982 0.987 0.976 1.000 0.978 0.999 0.995 0.993 0.997 0.997 0.947
268 0.994 0.996 0.995 0.997 0.999 0.998 0.989 0.991 0.998 0.992 1.000 0.969 0.999 0.996 0.995 0.997 0.996 0.918
269 0.994 0.999 0.989 1.000 0.987 0.973 0.928 0.959 0.982 0.966 0.977 0.981 0.971 0.994 0.991 0.959 0.971 0.940
270 0.994 0.989 0.988 0.945 0.935 0.899 0.921 0.944 0.908 0.932 0.986 1.000 0.903 0.949 0.931 0.963 0.924 0.997
271 0.994 0.998 0.997 0.998 1.000 1.000 0.992 0.996 1.000 0.999 1.000 0.986 1.000 0.998 0.996 0.999 0.997 0.970
272 0.994 0.985 0.964 0.979 0.957 0.934 0.905 0.941 0.961 0.928 0.967 0.996 0.953 0.970 0.970 0.930 0.982 1.000
273 0.994 0.998 0.994 0.999 1.000 0.999 0.992 0.981 0.984 0.973 1.000 0.981 1.000 0.997 0.994 0.999 0.997 0.952
274 0.994 0.995 0.994 0.998 0.999 0.998 0.980 0.986 0.992 0.988 1.000 0.987 1.000 0.995 0.994 0.993 0.995 0.936
275 0.994 0.997 0.995 0.997 0.998 0.997 0.987 0.989 0.998 0.992 1.000 0.967 0.998 0.994 0.993 0.996 0.996 0.914
276 0.994 0.992 0.944 0.961 0.940 0.943 0.908 0.922 0.825 0.847 0.916 0.996 0.958 0.955 0.956 0.934 0.944 1.000
277 0.994 0.999 0.994 0.998 0.999 0.999 0.992 0.983 0.988 0.975 1.000 0.979 0.999 0.996 0.993 0.998 0.996 0.949
278 0.994 0.996 0.995 0.998 1.000 1.000 0.991 0.990 0.997 0.996 1.000 0.989 1.000 0.996 0.994 0.998 0.994 0.966
279 0.994 0.998 0.994 0.999 0.999 0.998 0.992 0.983 0.986 0.974 1.000 0.980 0.999 0.996 0.993 0.997 0.998 0.949
280 0.994 0.999 0.994 1.000 1.000 0.999 0.993 0.983 0.988 0.978 1.000 0.980 1.000 0.996 0.993 0.997 0.997 0.948
281 0.994 0.998 0.997 0.998 0.982 0.978 0.890 0.954 0.984 0.978 0.983 0.981 0.991 1.000 0.988 0.989 0.965 0.963
282 0.994 0.996 0.995 0.998 1.000 0.999 0.981 0.989 0.994 0.989 0.998 0.992 0.999 0.997 0.996 0.998 0.994 0.973
283 0.994 0.995 0.995 0.995 0.996 0.992 0.989 1.000 0.994 0.994 0.998 0.994 0.992 0.995 0.995 0.994 0.992 0.991
284 0.994 0.997 0.993 0.999 1.000 0.999 0.992 0.980 0.983 0.972 1.000 0.982 0.999 0.996 0.994 0.998 0.995 0.949
285 0.994 0.998 0.993 0.999 1.000 0.999 0.992 0.980 0.982 0.971 0.999 0.982 0.999 0.995 0.993 0.998 0.995 0.947
286 0.994 0.996 0.995 0.998 0.999 0.999 0.982 0.988 0.993 0.991 1.000 0.988 1.000 0.996 0.996 0.993 0.996 0.944
287 0.995 0.998 0.998 0.995 0.998 0.996 0.980 0.976 0.993 0.969 1.000 0.987 0.999 0.999 0.997 0.998 0.997 0.965
288 0.995 0.986 0.986 0.980 0.974 0.967 0.912 0.928 0.993 0.918 0.983 0.984 0.981 0.988 0.992 0.984 0.967 1.000
289 0.995 0.998 0.993 1.000 1.000 0.999 0.994 0.982 0.988 0.975 1.000 0.980 1.000 0.996 0.994 0.998 0.997 0.948
290 0.995 0.998 0.992 0.998 0.999 0.998 0.991 0.981 0.985 0.973 1.000 0.980 0.999 0.996 0.994 0.997 0.996 0.932
291 0.995 0.998 0.993 0.999 1.000 0.999 0.991 0.981 0.983 0.972 1.000 0.982 0.999 0.996 0.993 0.998 0.995 0.950
292 0.995 0.998 0.997 0.998 0.999 0.999 0.989 0.992 0.999 0.997 1.000 0.970 1.000 0.996 0.996 0.998 0.997 0.932
293 0.995 0.997 0.997 0.999 0.999 0.999 0.990 0.987 0.996 0.984 1.000 0.984 0.999 0.997 0.996 0.998 0.997 0.932
294 0.995 0.986 0.986 0.888 0.895 0.858 0.855 0.870 0.872 0.868 0.933 1.000 0.858 0.897 0.891 0.962 0.867 0.993
295 0.995 0.995 0.994 0.992 0.991 0.980 0.970 0.951 0.981 0.958 0.992 0.991 0.986 0.996 0.995 0.989 0.995 1.000
296 0.995 0.996 0.995 0.998 0.998 1.000 0.979 0.985 0.990 0.987 1.000 0.986 1.000 0.996 0.995 0.991 0.994 0.952
297 0.995 0.998 0.990 0.999 0.999 1.000 0.971 0.972 0.996 0.984 0.984 0.981 0.999 0.987 0.982 0.953 0.980 0.939
298 0.995 0.999 0.994 0.999 1.000 0.999 0.992 0.981 0.985 0.975 1.000 0.982 0.999 0.997 0.995 0.998 0.995 0.955
299 0.995 0.998 0.996 0.995 1.000 0.997 0.969 0.968 0.990 0.958 0.998 0.987 1.000 0.998 0.995 0.999 0.995 0.960
300 0.995 0.999 0.997 0.992 0.997 0.995 0.975 0.986 1.000 0.993 0.994 0.982 0.999 0.998 0.996 0.997 0.992 0.971
301 0.995 1.000 0.964 0.983 0.982 0.982 0.926 0.949 0.988 0.981 0.923 0.934 0.976 0.978 0.981 0.964 0.956 0.874
302 0.995 0.995 0.995 0.992 0.993 0.990 0.973 0.989 0.991 0.992 0.994 0.997 0.992 0.992 0.992 0.995 0.986 1.000
303 0.995 0.999 0.993 0.999 1.000 0.999 0.993 0.980 0.983 0.973 0.999 0.979 0.999 0.996 0.993 0.997 0.996 0.949
304 0.995 0.989 0.971 0.964 0.951 0.936 0.934 0.944 0.953 0.932 0.955 0.970 0.974 0.972 0.980 0.963 0.974 1.000
305 0.995 0.999 0.993 0.999 1.000 0.999 0.992 0.983 0.986 0.977 1.000 0.983 1.000 0.997 0.995 0.998 0.997 0.960
306 0.995 0.998 0.994 0.999 0.999 0.998 0.992 0.983 0.988 0.977 1.000 0.982 0.999 0.997 0.995 0.998 0.996 0.956
307 0.995 0.998 0.997 0.997 0.999 0.999 0.990 0.992 0.999 0.996 1.000 0.969 0.999 0.996 0.995 0.998 0.997 0.928
308 0.995 0.998 0.997 0.997 0.999 0.996 0.974 0.981 0.999 0.982 1.000 0.981 1.000 0.998 0.996 1.000 0.990 0.902
309 0.995 0.999 0.994 0.999 1.000 0.999 0.993 0.982 0.988 0.975 1.000 0.980 0.999 0.996 0.994 0.998 0.998 0.949
310 0.995 0.999 0.994 0.999 1.000 0.999 0.992 0.981 0.985 0.973 1.000 0.982 1.000 0.996 0.994 0.998 0.996 0.952
311 0.995 0.998 0.997 0.997 0.999 0.999 0.991 0.993 0.999 0.997 1.000 0.972 0.999 0.997 0.997 0.998 0.997 0.930
312 0.996 0.998 0.993 0.999 1.000 0.999 0.991 0.981 0.985 0.973 0.998 0.982 1.000 0.996 0.994 0.997 0.993 0.950
313 0.996 0.999 0.994 1.000 1.000 0.999 0.992 0.982 0.986 0.975 1.000 0.981 1.000 0.997 0.995 0.998 0.995 0.951
314 0.996 0.998 0.994 0.999 0.999 0.999 0.992 0.982 0.986 0.975 1.000 0.982 0.999 0.996 0.994 0.998 0.998 0.953
315 0.996 0.996 0.995 0.997 0.999 0.997 0.991 0.988 0.991 0.989 0.998 0.996 1.000 0.996 0.996 0.990 0.998 0.994
316 0.996 1.000 1.000 0.994 0.996 0.990 0.889 0.946 1.000 0.990 0.989 0.947 0.999 0.999 0.999 0.999 0.985 0.891
317 0.996 0.999 0.999 0.999 0.999 0.999 0.981 0.985 0.999 0.982 0.999 0.990 1.000 0.999 0.997 1.000 0.997 0.970
318 0.996 0.998 0.988 0.985 0.997 0.988 0.952 0.963 0.983 0.964 0.988 0.976 1.000 0.993 0.996 0.985 0.988 0.929
319 0.996 0.996 0.993 0.994 0.991 0.992 0.981 0.994 0.984 0.979 0.996 0.993 1.000 0.993 0.992 1.000 0.989 0.943
320 0.996 0.998 0.997 0.998 1.000 0.999 0.992 0.994 0.999 0.997 1.000 0.972 1.000 0.997 0.997 0.999 0.998 0.920
321 0.996 0.994 0.988 0.996 0.953 0.967 0.941 0.973 0.964 0.961 0.981 0.997 0.981 0.984 0.986 0.992 0.991 1.000
322 0.996 0.996 0.996 0.997 0.997 0.999 0.975 0.991 0.999 0.998 0.999 0.995 1.000 0.997 0.998 0.997 0.993 0.991
323 0.996 0.999 0.999 0.996 0.998 0.995 0.967 0.972 0.992 0.963 0.998 0.991 1.000 0.999 0.997 1.000 0.993 0.975
324 0.996 0.989 0.988 0.935 0.922 0.885 0.885 0.931 0.893 0.915 0.964 0.999 0.895 0.940 0.914 0.962 0.909 1.000
325 0.996 0.993 0.990 0.998 0.984 0.972 0.957 0.975 0.977 0.970 0.981 1.000 0.980 0.992 0.992 0.973 0.988 0.998
326 0.996 1.000 0.972 0.942 0.926 0.873 0.802 0.845 0.929 0.859 0.833 0.868 0.896 0.962 0.962 0.944 0.916 0.822
327 0.996 0.998 0.998 0.998 0.999 0.997 0.989 0.981 0.996 0.979 1.000 0.978 0.999 0.999 0.999 0.998 0.997 0.930
328 0.996 0.994 0.995 0.990 1.000 0.982 0.926 0.975 0.984 0.985 0.991 0.993 0.989 1.000 0.999 0.994 0.973 0.994
329 0.996 0.992 0.991 0.941 0.932 0.899 0.890 0.938 0.908 0.918 0.957 1.000 0.907 0.950 0.925 0.967 0.916 0.999
330 0.996 0.999 0.995 0.999 1.000 0.999 0.993 0.983 0.990 0.977 1.000 0.981 1.000 0.997 0.995 0.998 0.998 0.950
331 0.996 0.998 0.998 0.999 1.000 0.997 0.990 0.991 0.999 0.997 1.000 0.976 0.999 0.998 0.996 0.999 0.996 0.935
332 0.996 0.993 0.983 0.988 0.976 0.971 0.933 0.953 0.969 0.938 0.985 1.000 0.985 0.993 0.994 0.990 0.979 0.917
333 0.996 0.998 0.998 0.999 0.999 0.998 0.988 0.982 0.997 0.980 1.000 0.979 0.999 0.999 0.998 0.998 0.997 0.930
334 0.996 1.000 0.928 0.893 0.828 0.773 0.780 0.838 0.845 0.816 0.829 0.916 0.924 0.904 0.922 0.888 0.914 0.979
335 0.996 0.999 0.995 0.998 0.999 0.998 0.991 0.983 0.988 0.976 1.000 0.978 0.999 0.996 0.994 0.997 0.997 0.951
336 0.996 0.999 0.993 1.000 1.000 0.999 0.992 0.981 0.985 0.974 1.000 0.981 1.000 0.996 0.994 0.998 0.997 0.951
337 0.997 0.999 0.995 0.999 0.999 0.999 0.993 0.984 0.989 0.979 1.000 0.981 0.999 0.996 0.995 0.997 0.998 0.961
338 0.997 0.999 0.995 0.999 0.999 0.998 0.991 0.982 0.989 0.976 1.000 0.987 0.999 0.997 0.995 0.998 0.996 0.968
339 0.997 0.991 0.990 0.943 0.828 0.899 0.874 0.941 0.911 0.925 0.968 1.000 0.906 0.951 0.922 0.967 0.909 1.000
340 0.997 0.975 0.974 0.701 0.703 0.649 0.612 0.787 0.682 0.674 0.706 1.000 0.661 0.703 0.694 0.912 0.684 0.970
341 0.997 1.000 0.997 0.993 0.999 0.996 0.968 0.965 0.989 0.953 0.998 0.987 1.000 0.999 0.997 0.999 0.994 0.962
342 0.997 0.998 0.998 0.999 1.000 0.998 0.988 0.986 0.997 0.983 1.000 0.982 0.999 0.998 0.997 0.998 0.997 0.942
343 0.997 1.000 0.839 0.920 0.870 0.934 0.810 0.809 0.936 0.902 0.888 0.824 0.930 0.865 0.958 0.535 0.889 0.711
344 0.997 0.998 0.993 0.998 0.985 0.940 0.913 0.929 0.977 0.933 0.970 0.988 0.964 1.000 0.983 0.963 0.933 0.963
345 0.997 0.999 0.998 0.999 0.999 0.997 0.975 0.972 0.990 0.963 0.999 0.993 0.999 1.000 0.999 0.999 0.997 0.860
346 0.997 0.997 0.996 0.998 1.000 0.996 0.976 0.990 0.999 0.996 0.998 0.995 0.998 0.997 0.999 0.998 0.994 0.992
347 0.997 0.999 0.996 0.999 1.000 0.999 0.994 0.987 0.992 0.982 1.000 0.982 0.999 0.997 0.996 0.998 0.998 0.950
348 0.997 0.995 0.994 0.958 0.959 0.946 0.921 0.963 0.951 0.954 0.951 0.999 0.950 0.992 0.994 0.984 0.954 1.000
349 0.997 0.998 0.998 0.998 0.999 0.999 0.993 0.992 0.997 0.992 1.000 0.985 0.999 0.998 0.997 0.998 0.998 0.950
350 0.997 0.996 0.996 0.992 0.992 0.992 0.990 0.991 0.991 0.993 1.000 0.995 0.994 0.992 0.993 0.993 0.994 0.995
351 0.997 0.998 0.997 0.999 0.999 0.998 0.988 0.982 0.993 0.970 1.000 0.992 0.999 0.998 0.997 0.998 0.997 0.971
352 0.997 0.985 0.981 0.926 0.990 0.796 0.772 0.808 0.879 0.810 0.843 1.000 0.918 0.949 0.946 0.958 0.818 0.991
353 0.997 0.990 0.982 0.977 0.973 0.962 0.917 0.942 0.988 0.942 0.979 0.979 0.978 0.985 0.988 0.980 0.970 1.000
354 0.997 0.999 0.999 0.999 0.999 0.998 0.975 0.974 0.991 0.964 1.000 0.993 0.999 1.000 0.999 0.999 0.997 0.949
355 0.997 0.997 0.997 0.996 0.999 0.999 0.981 0.989 0.998 0.995 1.000 0.992 0.999 0.997 0.997 0.998 0.995 0.987
356 0.997 0.999 0.999 0.999 0.999 0.997 0.987 0.982 0.998 0.980 1.000 0.978 0.999 0.999 0.999 0.999 0.997 0.931
357 0.997 1.000 0.995 0.999 0.999 0.999 0.992 0.983 0.989 0.977 0.999 0.979 0.999 0.996 0.995 0.997 0.997 0.942
358 0.997 0.999 0.998 1.000 1.000 0.996 0.973 0.988 0.996 0.990 0.996 0.995 0.998 0.999 0.995 0.997 0.989 0.969
359 0.997 0.994 0.993 0.981 0.971 0.954 0.897 0.903 0.978 0.904 0.979 0.984 0.977 0.994 0.997 0.978 0.981 1.000
360 0.997 0.996 0.991 0.990 0.985 0.990 0.975 0.975 0.966 0.966 0.988 0.994 0.992 0.989 0.990 0.970 0.988 1.000
361 0.997 0.998 0.996 0.998 0.995 0.993 0.985 0.993 0.993 0.993 1.000 0.975 0.993 0.996 0.995 0.992 0.997 0.939
362 0.997 1.000 0.998 0.994 0.997 0.994 0.975 0.965 0.983 0.948 0.999 0.989 0.997 1.000 0.998 0.997 0.996 0.967
363 0.997 0.998 0.998 0.999 0.999 0.999 0.993 0.993 0.997 0.992 1.000 0.986 0.999 0.998 0.997 0.998 0.998 0.951
364 0.997 0.998 0.998 0.998 0.999 0.999 0.993 0.993 0.997 0.993 1.000 0.985 1.000 0.998 0.997 0.998 0.998 0.927
365 0.997 0.999 0.999 0.998 0.999 0.997 0.986 0.984 0.999 0.982 1.000 0.978 0.999 0.999 0.999 0.999 0.997 0.909
366 0.997 0.999 0.998 0.999 1.000 0.989 0.981 0.981 0.998 0.986 0.997 0.992 0.998 0.998 0.997 1.000 0.985 0.968
367 0.997 0.992 0.973 0.997 1.000 0.969 0.953 0.950 0.962 0.949 0.978 0.999 0.981 0.980 0.982 0.888 0.985 0.990
368 0.997 1.000 0.996 0.999 0.999 0.999 0.993 0.986 0.990 0.981 1.000 0.983 0.999 0.998 0.996 0.998 0.998 0.959
369 0.997 0.998 0.998 0.998 0.998 0.998 0.991 0.993 0.998 0.993 1.000 0.985 0.998 0.998 0.998 0.998 0.997 0.950
370 0.997 1.000 0.998 1.000 0.996 0.989 0.977 0.985 0.989 0.988 0.995 0.990 0.992 1.000 1.000 0.995 0.993 0.954
371 0.997 0.998 0.998 0.999 0.999 0.999 0.993 0.993 0.998 0.993 1.000 0.985 1.000 0.998 0.998 0.998 0.998 0.950
372 0.997 0.998 0.998 0.999 0.999 0.999 0.993 0.992 0.998 0.992 1.000 0.985 1.000 0.998 0.997 0.998 0.998 0.949
373 0.997 0.998 0.997 0.999 0.995 0.982 0.867 0.938 0.999 0.979 0.983 0.997 0.999 0.998 1.000 0.997 0.970 0.991
374 0.997 0.998 0.995 1.000 1.000 0.996 0.960 0.978 0.992 0.979 0.999 0.993 0.996 0.998 0.996 0.995 0.985 0.945
375 0.997 0.994 0.980 0.997 0.990 0.989 0.968 0.953 0.973 0.948 1.000 0.999 1.000 0.980 0.983 0.961 0.998 0.924
376 0.998 0.998 0.998 0.999 0.999 0.999 0.992 0.993 0.998 0.993 1.000 0.985 0.999 0.999 0.998 0.998 0.998 0.950
377 0.998 0.998 0.998 0.999 1.000 0.999 0.993 0.990 0.997 0.985 1.000 0.993 1.000 0.998 0.998 0.999 0.998 0.974
378 0.998 0.998 0.998 0.999 1.000 0.999 0.991 0.988 0.995 0.983 1.000 0.993 1.000 0.998 0.998 0.999 0.998 0.975
379 0.998 1.000 0.992 0.991 0.995 0.995 0.973 0.979 0.993 0.986 0.992 0.980 0.996 0.994 0.992 0.994 0.991 0.962
380 0.998 0.997 0.996 0.997 0.995 0.992 0.988 0.981 0.989 0.982 0.997 0.998 0.996 0.997 0.996 0.994 0.995 1.000
381 0.998 0.997 0.996 0.993 0.993 0.992 0.987 0.992 0.997 0.989 1.000 0.978 0.992 0.994 0.995 0.994 0.992 0.944
382 0.998 0.998 0.998 0.999 1.000 0.999 0.990 0.985 0.996 0.977 1.000 0.991 1.000 0.998 0.998 0.999 0.998 0.955
383 0.998 1.000 0.997 0.994 0.995 0.995 0.991 0.992 0.998 0.996 0.995 0.977 0.996 0.997 0.997 0.996 1.000 0.944
384 0.998 1.000 0.996 0.998 0.986 0.971 0.906 0.936 0.998 0.959 0.973 0.986 0.989 1.000 0.998 0.989 0.986 0.983
385 0.998 0.998 0.997 0.995 0.992 0.985 0.963 0.953 0.984 0.949 1.000 0.992 0.991 1.000 1.000 0.994 0.995 0.977
386 0.998 0.999 0.999 0.998 0.999 0.998 0.987 0.984 0.999 0.982 1.000 0.979 0.999 0.999 0.999 0.999 0.997 0.908
387 0.998 0.999 0.997 0.999 1.000 0.999 0.995 0.991 0.993 0.989 1.000 0.992 0.999 0.998 0.997 0.999 0.998 0.977
388 0.998 0.994 0.978 0.972 0.950 0.977 0.946 0.961 0.927 0.933 0.986 1.000 0.995 0.968 0.967 0.950 0.960 0.992
389 0.998 1.000 1.000 0.999 0.915 0.998 0.988 0.982 0.998 0.980 1.000 0.979 1.000 1.000 0.999 0.999 0.998 0.928
390 0.998 1.000 0.997 0.998 0.996 0.996 0.995 0.995 0.997 0.997 0.997 0.986 0.996 0.996 0.996 0.996 0.996 0.945
391 0.998 0.999 0.998 0.998 1.000 1.000 0.975 0.990 0.999 0.997 0.999 0.992 1.000 0.999 0.998 1.000 0.992 0.971
392 0.998 1.000 1.000 0.999 1.000 0.999 0.993 0.993 0.999 0.993 1.000 0.985 1.000 0.999 0.998 0.999 0.998 0.949
393 0.998 1.000 0.988 0.990 0.992 0.990 0.978 0.972 0.990 0.971 0.996 0.952 0.993 0.990 0.989 0.991 0.990 0.838
394 0.998 0.999 0.998 0.999 0.999 0.999 0.972 0.981 0.996 0.992 0.996 0.991 1.000 0.998 0.996 0.995 0.993 0.963
395 0.998 0.999 0.998 0.999 1.000 0.999 0.991 0.987 0.996 0.979 1.000 0.992 1.000 0.999 0.998 0.999 0.997 0.952
396 0.998 1.000 0.996 0.994 0.994 0.993 0.976 0.992 0.997 0.996 0.994 0.986 0.994 0.996 0.998 0.999 0.991 0.963
397 0.998 0.997 0.993 0.992 0.993 0.992 0.988 0.986 0.972 0.967 1.000 0.992 0.993 0.995 0.995 0.991 0.999 0.924
398 0.998 1.000 1.000 0.999 0.994 0.989 0.896 0.961 0.999 0.989 0.988 0.991 0.999 1.000 0.996 0.998 0.983 0.983
399 0.998 0.996 0.996 0.995 0.992 0.987 0.967 0.969 0.985 0.964 1.000 0.996 0.994 0.999 0.999 0.992 0.992 0.950
400 0.998 0.999 0.998 0.999 1.000 0.999 0.995 0.994 0.996 0.994 1.000 0.996 0.999 0.999 0.999 0.999 0.998 0.992
401 0.998 0.999 0.999 0.999 1.000 0.999 0.993 0.989 0.997 0.984 1.000 0.992 1.000 0.999 0.998 0.999 0.998 0.960
402 0.998 0.994 0.983 0.926 0.994 0.798 0.773 0.807 0.879 0.809 0.840 1.000 0.906 0.949 0.943 0.954 0.817 0.986
403 0.998 1.000 0.989 0.991 0.992 0.991 0.978 0.973 0.991 0.971 0.997 0.953 0.993 0.991 0.989 0.993 0.989 0.837
404 0.998 1.000 0.989 0.990 0.992 0.990 0.977 0.972 0.990 0.970 0.996 0.954 0.993 0.991 0.988 0.992 0.989 0.839
405 0.998 0.999 0.999 0.999 0.999 1.000 0.985 0.994 1.000 0.999 1.000 0.997 1.000 0.999 0.998 0.999 0.996 0.992
406 0.998 1.000 0.989 0.990 0.993 0.990 0.977 0.973 0.991 0.971 0.996 0.954 0.993 0.993 0.990 0.993 0.988 0.841
407 0.998 0.995 0.995 0.998 0.991 0.986 0.947 0.959 0.985 0.945 0.996 0.998 0.995 1.000 1.000 0.995 0.988 0.978
408 0.998 0.998 0.998 0.997 0.995 0.993 0.881 0.961 0.995 0.992 0.986 1.000 0.990 0.997 0.989 0.995 0.976 0.997
409 0.998 0.999 0.999 0.999 0.999 0.999 0.993 0.994 0.999 0.994 1.000 0.986 0.999 0.999 0.999 0.999 0.998 0.951
410 0.998 1.000 0.988 0.990 0.992 0.991 0.977 0.972 0.991 0.970 0.996 0.952 0.992 0.991 0.988 0.993 0.989 0.842
411 0.998 1.000 0.989 0.992 0.993 0.991 0.978 0.972 0.991 0.971 0.996 0.953 0.994 0.992 0.989 0.993 0.989 0.791
412 0.998 0.999 0.999 1.000 1.000 0.999 0.954 0.986 1.000 1.000 0.999 0.998 1.000 1.000 1.000 1.000 0.990 0.995
413 0.998 0.999 0.999 1.000 0.997 0.996 0.928 0.976 0.999 0.996 0.997 0.990 0.999 1.000 0.997 0.997 0.984 0.974
414 0.998 1.000 0.980 0.981 0.968 0.966 0.916 0.915 0.977 0.956 0.979 0.975 0.976 0.983 0.981 0.964 0.981 0.938
415 0.998 0.996 0.994 0.993 0.988 0.983 0.961 0.969 0.991 0.966 0.995 0.995 0.990 0.998 1.000 0.994 0.990 0.994
416 0.999 0.999 0.997 0.997 0.996 0.994 0.985 0.993 0.995 0.993 1.000 0.976 0.995 0.997 0.998 0.997 0.995 0.954
417 0.999 0.999 0.998 0.998 0.999 0.999 0.997 0.996 0.998 0.998 0.999 0.991 1.000 0.999 0.998 0.998 0.999 0.973
418 0.999 1.000 0.994 0.998 0.997 1.000 0.980 0.989 0.999 0.993 0.998 0.971 0.999 0.995 0.996 0.995 0.993 0.894
419 0.999 1.000 0.989 0.989 0.992 0.990 0.978 0.972 0.989 0.970 0.997 0.953 0.993 0.992 0.989 0.991 0.990 0.836
420 0.999 0.998 0.997 0.995 0.997 0.993 0.981 0.976 0.988 0.975 1.000 0.994 0.995 0.998 0.999 0.992 0.998 0.998
421 0.999 0.999 0.999 0.999 1.000 0.997 0.978 0.989 0.999 0.995 0.999 0.997 1.000 0.999 0.999 0.998 0.993 0.989
422 0.999 0.999 0.999 0.999 1.000 0.999 0.993 0.995 0.999 0.995 1.000 0.986 1.000 0.999 0.999 0.999 0.998 0.952
423 0.999 1.000 0.978 0.989 0.988 0.985 0.975 0.971 0.987 0.979 0.985 0.967 0.991 0.977 0.972 0.983 0.978 0.974
424 0.999 0.999 0.999 0.999 1.000 0.998 0.996 0.994 0.999 0.997 1.000 0.994 0.998 0.999 0.998 0.999 0.998 0.965
425 0.999 0.999 0.999 1.000 1.000 0.999 0.996 0.994 0.998 0.989 1.000 0.994 1.000 0.999 0.999 0.999 0.999 0.976
426 0.999 0.999 0.998 0.997 0.998 0.997 0.994 0.996 0.998 0.996 1.000 0.992 0.998 0.998 0.999 0.998 0.998 0.943
427 0.999 1.000 0.997 0.999 1.000 0.997 0.991 0.997 0.997 0.998 0.989 0.992 0.998 0.998 0.996 0.998 0.993 0.980
428 0.999 1.000 0.999 0.999 1.000 1.000 0.993 0.995 1.000 0.995 1.000 0.986 1.000 0.999 0.999 1.000 0.998 0.952
429 0.999 0.999 0.998 1.000 1.000 0.999 0.997 0.997 0.999 0.997 1.000 0.995 1.000 1.000 1.000 1.000 0.999 0.948
430 0.999 0.999 0.997 0.994 0.995 0.994 0.978 0.991 0.996 0.996 0.999 0.995 0.995 0.996 0.997 0.995 0.996 1.000
431 0.999 1.000 0.981 0.981 0.967 0.951 0.915 0.927 0.962 0.933 0.961 0.975 0.964 0.984 0.982 0.971 0.964 0.981
432 0.999 0.998 0.995 0.993 0.993 0.989 0.926 0.886 0.987 0.906 0.994 0.994 0.993 0.993 0.993 0.992 0.990 1.000
433 0.999 1.000 0.993 0.994 0.994 0.994 0.979 0.978 0.992 0.981 0.996 0.954 0.995 0.993 0.991 0.994 0.990 0.862
434 0.999 1.000 1.000 0.998 1.000 0.999 0.952 0.988 1.000 1.000 1.000 0.998 1.000 1.000 1.000 1.000 0.988 0.995
435 0.999 1.000 0.993 0.995 0.996 0.992 0.986 0.977 0.978 0.973 0.993 0.994 0.994 0.994 0.994 0.983 1.000 0.995
436 0.999 1.000 0.983 0.987 0.989 0.985 0.990 0.970 0.959 0.962 0.993 0.988 0.990 0.986 0.985 0.978 0.997 0.987
437 0.999 1.000 0.923 0.915 0.917 0.909 0.882 0.924 0.920 0.896 0.945 0.964 0.922 0.930 0.933 0.893 0.975 0.959
438 0.999 1.000 0.998 0.997 0.998 0.997 0.989 0.989 0.997 0.987 1.000 0.986 0.999 0.998 0.998 0.997 0.998 0.922
439 0.999 1.000 0.995 0.995 0.980 0.995 0.974 0.978 0.994 0.985 0.991 0.992 0.997 0.995 0.996 0.986 0.994 0.986
440 0.999 1.000 1.000 0.999 0.975 0.965 0.886 0.946 0.994 0.962 0.972 0.999 0.989 1.000 0.995 0.991 0.979 0.994
441 0.999 0.998 0.995 1.000 0.999 0.991 0.942 0.976 0.999 0.985 0.999 0.997 0.995 1.000 0.999 0.996 0.984 0.995
442 0.999 1.000 0.985 0.972 0.927 0.913 0.840 0.870 0.973 0.899 0.919 0.975 0.944 0.980 0.975 0.969 0.929 0.982
443 0.999 1.000 0.976 0.977 0.963 0.948 0.933 0.953 0.957 0.952 0.966 0.987 0.951 0.981 0.980 0.973 0.974 0.983
444 0.999 0.998 0.998 0.990 0.988 0.982 0.854 0.959 0.983 0.982 0.981 1.000 0.984 0.990 0.980 0.994 0.954 0.994
445 0.999 1.000 0.999 0.999 0.999 0.997 0.945 0.977 0.999 0.997 0.995 0.995 0.997 0.999 0.998 0.999 0.987 0.987
446 0.999 0.995 0.988 0.980 0.964 0.956 0.909 0.946 1.000 0.950 0.976 0.982 0.979 0.991 0.993 0.983 0.960 0.994
447 0.999 0.999 0.998 0.996 0.996 0.996 0.993 0.996 0.998 0.997 1.000 0.989 0.996 0.996 0.998 0.997 0.996 0.956
448 0.999 1.000 0.957 0.962 0.957 0.956 0.912 0.930 0.959 0.949 0.942 0.962 0.949 0.960 0.961 0.940 0.949 0.938
449 0.999 1.000 0.997 0.996 0.994 0.991 0.979 0.992 0.992 0.992 0.996 0.995 0.991 0.997 0.996 0.994 0.989 0.988
450 0.999 0.999 0.999 0.998 0.997 0.995 0.979 0.990 0.995 0.993 1.000 0.999 0.998 0.998 0.997 0.996 0.993 0.999
451 0.999 0.997 0.993 0.992 0.987 0.973 0.954 0.981 0.979 0.978 0.981 0.998 0.974 0.995 0.994 0.992 0.992 1.000
452 0.999 1.000 0.999 0.999 0.998 0.993 0.961 0.982 0.995 0.985 0.996 0.997 0.998 0.999 0.996 0.998 0.988 0.982
453 0.999 1.000 0.998 0.997 0.992 0.973 0.874 0.919 0.989 0.981 0.980 0.992 0.983 0.998 0.992 0.995 0.955 0.983
454 0.999 1.000 0.991 0.984 0.987 0.984 0.947 0.968 0.992 0.984 0.949 0.983 0.984 0.992 0.990 0.990 0.983 0.934
455 0.999 1.000 1.000 1.000 0.999 0.996 0.961 0.985 0.999 0.994 0.999 0.999 0.999 1.000 0.999 0.999 0.992 0.996
456 0.999 0.999 0.999 1.000 0.994 0.992 0.958 0.984 0.996 0.993 0.996 1.000 0.994 0.999 0.998 0.996 0.992 0.997
457 0.999 0.999 0.999 0.999 1.000 0.999 0.994 0.993 0.999 0.989 1.000 0.992 0.999 0.999 0.999 0.999 0.999 0.951
458 0.999 1.000 1.000 1.000 1.000 1.000 0.997 0.996 0.999 0.994 1.000 0.995 1.000 0.999 0.999 1.000 0.999 0.976
459 0.999 1.000 0.999 0.999 1.000 0.999 0.997 0.995 0.999 0.992 1.000 0.995 1.000 0.999 0.999 0.999 0.999 0.980
460 0.999 1.000 0.996 0.995 0.995 0.990 0.970 0.985 0.993 0.989 0.962 0.993 0.993 0.996 0.996 0.994 0.989 0.984
461 0.999 1.000 0.986 0.984 0.964 0.981 0.965 0.973 0.983 0.973 0.979 0.985 0.982 0.984 0.981 0.974 0.976 0.972
462 0.999 1.000 0.999 1.000 0.994 0.987 0.919 0.969 0.998 0.983 0.994 0.997 0.998 1.000 0.997 0.998 0.986 0.992
463 0.999 0.999 0.999 1.000 0.999 0.992 0.834 0.949 0.999 0.997 0.984 1.000 0.998 1.000 0.995 0.999 0.969 0.998
464 0.999 1.000 0.992 0.992 0.993 0.992 0.983 0.986 0.994 0.990 0.991 0.985 0.994 0.993 0.992 0.992 0.989 0.980
465 0.999 0.994 0.936 0.929 0.917 0.824 0.889 0.902 0.796 0.831 0.890 1.000 0.872 0.953 0.958 0.901 0.944 0.989
466 0.999 0.999 0.999 0.999 1.000 0.999 0.976 0.994 0.999 0.999 0.999 0.999 0.999 0.999 0.999 0.999 0.994 1.000
467 0.999 0.996 0.996 0.997 0.982 0.967 0.956 0.952 0.966 0.955 0.972 0.998 0.972 0.996 0.992 0.974 0.987 1.000
468 0.999 0.999 0.998 0.997 0.997 0.997 0.993 0.997 0.998 0.993 1.000 0.992 0.997 0.998 0.999 0.997 0.998 0.991
469 0.999 1.000 0.999 1.000 0.993 0.990 0.932 0.973 0.999 0.992 0.994 0.999 0.998 0.999 0.998 0.999 0.989 0.997
470 1.000 1.000 0.994 0.991 0.993 0.992 0.969 0.985 0.996 0.992 0.994 0.974 0.996 0.995 0.997 0.994 0.992 0.959
471 1.000 1.000 0.999 0.999 0.999 0.997 0.954 0.985 1.000 0.996 0.999 0.999 0.999 0.999 0.999 0.999 0.990 1.000
472 1.000 0.999 0.995 0.998 0.996 0.989 0.976 0.975 0.983 0.973 0.994 1.000 0.990 0.999 0.997 0.991 0.995 0.997
473 1.000 1.000 0.999 0.999 0.996 0.992 0.977 0.989 0.998 0.994 0.998 0.997 0.998 0.999 0.998 0.999 0.990 0.993
474 1.000 1.000 0.999 0.996 0.999 0.999 0.995 0.997 1.000 0.997 0.999 0.989 1.000 0.998 0.998 0.999 0.998 0.943
475 1.000 0.974 0.922 0.774 0.927 0.752 0.732 0.892 0.762 0.826 0.834 1.000 0.745 0.938 0.939 0.914 0.893 0.996
476 1.000 1.000 0.999 0.999 0.999 0.997 0.993 0.998 0.998 0.998 0.997 0.999 0.996 1.000 0.999 0.997 0.996 0.997
477 1.000 1.000 0.999 0.999 0.991 0.984 0.946 0.963 0.997 0.972 0.989 0.996 0.994 0.999 0.997 0.998 0.988 0.990
478 1.000 1.000 0.999 0.997 0.994 0.985 0.938 0.942 0.996 0.952 0.990 0.997 0.993 1.000 0.999 0.998 0.988 0.970
479 1.000 1.000 0.999 1.000 1.000 0.999 0.997 0.996 0.999 0.992 1.000 0.995 1.000 0.999 0.999 1.000 0.999 0.979
480 1.000 1.000 0.998 0.997 0.995 0.991 0.933 0.977 0.992 0.988 0.993 0.996 0.992 0.998 0.995 0.996 0.979 0.993
481 1.000 0.996 0.992 0.984 0.977 0.950 0.945 0.931 0.956 0.935 1.000 0.932 0.967 0.984 0.995 0.949 0.998 0.897
482 1.000 1.000 0.975 0.981 0.979 0.985 0.970 0.960 0.940 0.946 0.987 0.973 0.993 0.978 0.977 0.940 0.974 0.945
483 1.000 1.000 0.999 0.989 0.988 0.982 0.955 0.970 0.997 0.981 0.996 0.984 0.989 0.997 0.999 0.995 0.987 0.991
484 1.000 1.000 1.000 1.000 1.000 1.000 0.921 0.982 1.000 1.000 1.000 1.000 1.000 1.000 0.999 0.999 0.981 0.998
485 1.000 1.000 1.000 0.999 0.999 0.997 0.993 0.998 0.998 0.998 0.997 0.999 0.996 1.000 0.998 0.998 0.996 0.997
486 1.000 0.998 0.998 0.995 0.996 0.995 0.991 0.995 0.997 0.994 1.000 0.987 0.996 0.995 0.996 0.996 0.995 0.944
487 1.000 1.000 1.000 0.994 0.997 0.996 0.969 0.982 0.999 0.995 0.995 0.992 0.998 0.999 0.999 0.998 0.995 0.977
488 1.000 1.000 0.999 1.000 0.974 0.999 0.996 0.997 0.999 0.998 1.000 0.999 1.000 0.999 0.999 0.999 0.998 0.996
489 1.000 0.996 0.984 0.976 0.970 0.973 0.976 0.971 0.976 0.984 0.984 0.989 0.975 0.979 0.985 0.961 0.983 1.000
490 1.000 0.999 0.998 0.992 0.988 0.986 0.962 0.986 0.987 0.986 0.984 1.000 0.985 0.993 0.988 0.995 0.979 0.998
491 1.000 1.000 0.995 0.997 0.996 0.990 0.972 0.984 0.993 0.988 0.954 0.994 0.992 0.996 0.993 0.993 0.983 0.967
492 1.000 1.000 0.996 0.997 0.996 0.989 0.972 0.985 0.993 0.990 0.951 0.996 0.993 0.997 0.996 0.994 0.986 0.975
493 1.000 1.000 0.981 0.979 0.985 0.971 0.923 0.929 0.926 0.917 0.982 0.979 0.985 0.980 0.978 0.927 0.975 0.946
494 1.000 1.000 1.000 1.000 1.000 0.999 0.996 0.997 1.000 0.996 1.000 0.993 1.000 0.999 1.000 1.000 0.999 0.929
495 1.000 1.000 1.000 1.000 0.999 0.997 0.994 0.998 0.998 0.998 0.997 0.999 0.996 1.000 0.999 0.997 0.997 0.997
496 1.000 1.000 1.000 0.999 0.998 0.997 0.993 0.998 0.998 0.997 0.996 1.000 0.996 1.000 0.998 0.997 0.996 0.998
497 1.000 1.000 1.000 1.000 0.999 0.997 0.994 0.999 0.998 0.998 0.996 0.999 0.996 1.000 0.999 0.998 0.996 0.997
498 1.000 1.000 0.999 1.000 0.998 1.000 0.991 0.995 0.999 0.997 1.000 0.991 0.998 1.000 0.999 0.999 0.995 0.942
499 1.000 1.000 0.997 0.993 0.995 0.992 0.980 0.985 0.991 0.987 0.993 0.993 0.994 0.997 0.994 0.995 0.989 0.981
500 1.000 0.986 0.985 0.992 0.967 0.958 0.882 0.910 0.975 0.903 0.970 0.992 0.971 0.987 0.990 0.976 0.956 1.000
501 1.000 1.000 1.000 0.999 0.999 0.999 0.989 0.988 0.999 0.995 1.000 0.999 0.999 0.999 0.999 0.999 0.997 0.999
502 1.000 0.999 0.998 0.999 0.998 0.997 0.993 0.991 0.995 0.991 0.999 0.999 0.997 0.999 0.998 0.997 0.998 1.000
503 1.000 1.000 1.000 1.000 0.999 0.999 0.996 0.998 0.999 0.999 0.999 1.000 1.000 1.000 1.000 1.000 0.999 0.999
504 1.000 1.000 1.000 1.000 1.000 1.000 1.000 1.000 0.995 0.999 1.000 1.000 1.000 1.000 1.000 1.000 1.000 0.999
505 1.000 1.000 1.000 1.000 1.000 1.000 0.985 0.996 1.000 1.000 1.000 0.999 1.000 1.000 1.000 1.000 0.996 0.998
506 1.000 1.000 1.000 1.000 0.997 0.993 0.845 0.951 0.999 0.997 0.989 1.000 0.998 1.000 0.998 0.999 0.973 0.999
507 1.000 1.000 1.000 0.996 0.998 0.978 0.951 0.969 0.997 0.975 0.993 0.999 0.979 0.996 0.997 0.997 0.967 0.997
508 1.000 1.000 1.000 0.998 0.997 0.999 0.991 0.997 0.999 0.998 0.995 1.000 0.998 0.998 0.998 0.998 0.996 0.995
509 1.000 0.992 0.989 0.982 0.955 0.938 0.857 0.903 0.985 0.905 0.952 0.982 0.966 0.993 0.992 0.969 0.960 1.000
510 1.000 1.000 1.000 0.999 0.999 0.997 0.993 0.998 0.998 0.997 0.997 1.000 0.997 1.000 0.998 0.998 0.996 0.998
511 1.000 1.000 1.000 0.999 0.999 0.997 0.993 0.998 0.998 0.997 0.997 1.000 0.996 1.000 0.998 0.998 0.996 0.998
512 1.000 1.000 0.994 0.994 0.994 0.992 0.986 0.980 0.981 0.977 0.993 0.992 0.995 0.994 0.994 0.980 0.996 0.996
513 1.000 1.000 0.996 0.998 0.998 0.996 0.992 0.995 0.998 0.997 0.996 0.993 0.998 0.998 0.998 0.997 0.996 0.990
514 1.000 1.000 0.994 0.995 0.994 0.990 0.971 0.972 0.972 0.964 0.992 0.996 0.993 0.994 0.991 0.970 0.990 0.982
515 1.000 0.994 0.905 0.894 0.887 0.826 0.828 0.833 0.833 0.825 0.917 0.913 0.814 0.894 0.897 0.870 0.900 0.952
516 1.000 0.993 0.954 0.945 0.915 0.858 0.605 0.855 0.894 0.896 0.914 0.970 0.840 0.956 0.955 0.932 0.931 0.963
517 1.000 0.996 0.964 0.963 0.961 0.959 0.930 0.953 0.962 0.951 0.961 0.966 0.961 0.968 0.966 0.949 0.951 0.971
518 1.000 0.970 0.906 0.899 0.907 0.748 0.838 0.853 0.794 0.789 0.867 0.983 0.801 0.930 0.942 0.867 0.892 0.984
519 1.000 0.998 0.997 0.992 0.967 0.954 0.872 0.934 0.993 0.957 0.974 0.992 0.982 0.994 0.998 0.985 0.973 0.995
520 1.000 0.996 0.975 0.980 0.959 0.952 0.917 0.948 0.983 0.943 0.979 0.999 0.968 0.985 0.985 0.988 0.963 0.991
521 1.000 0.998 0.986 0.973 0.926 0.905 0.748 0.830 0.927 0.806 0.905 0.995 0.900 0.983 0.942 0.891 0.898 0.971
522 1.000 0.998 0.987 0.970 0.971 0.962 0.939 0.940 0.991 0.947 0.995 0.978 0.974 0.986 0.985 0.976 0.977 0.994
523 1.000 0.986 0.946 0.971 0.931 0.918 0.899 0.905 0.902 0.867 0.957 0.990 0.931 0.953 0.956 0.841 0.950 0.954
524 1.000 0.988 0.964 0.974 0.928 0.921 0.882 0.901 0.936 0.902 0.934 0.980 0.922 0.967 0.964 0.940 0.950 0.984
525 1.000 1.000 0.999 0.999 1.000 0.998 0.956 0.968 0.994 0.986 0.997 1.000 0.999 1.000 0.999 0.999 0.996 0.995
526 1.000 0.983 0.899 0.897 0.917 0.770 0.826 0.841 0.756 0.753 0.859 0.982 0.855 0.919 0.934 0.842 0.867 0.982
527 1.000 0.999 0.996 0.992 0.992 0.991 0.989 0.989 0.996 0.990 0.996 0.987 0.989 0.990 0.987 0.989 0.992 0.994
528 1.000 0.992 0.996 0.989 0.975 0.967 0.914 0.939 0.996 0.946 0.987 0.994 0.990 0.996 0.998 0.978 0.971 0.993
529 1.000 0.997 0.994 0.992 0.988 0.981 0.954 0.961 0.986 0.957 0.994 0.995 0.991 0.997 1.000 0.990 0.986 0.999
530 1.000 0.997 0.992 0.965 0.979 0.977 0.897 0.951 0.986 0.966 0.988 0.970 0.987 0.996 0.996 0.995 0.982 0.969
531 1.000 0.975 0.950 0.980 0.882 0.793 0.621 0.803 0.835 0.683 0.892 0.996 0.816 0.946 0.941 0.877 0.862 0.983
532 1.000 0.978 0.923 0.906 0.915 0.789 0.863 0.877 0.779 0.828 0.891 0.985 0.812 0.941 0.943 0.890 0.913 0.989
533 1.000 0.993 0.954 0.925 0.927 0.930 0.896 0.892 0.967 0.896 0.960 0.950 0.956 0.959 0.961 0.950 0.932 0.922
534 1.000 0.999 0.948 0.906 0.863 0.870 0.798 0.814 0.930 0.832 0.921 0.947 0.935 0.934 0.936 0.929 0.906 0.956
535 1.000 0.998 0.988 0.972 0.973 0.965 0.942 0.944 0.991 0.951 0.995 0.980 0.977 0.987 0.986 0.978 0.978 0.994
536 1.000 0.979 0.802 0.852 0.870 0.755 0.790 0.776 0.845 0.795 0.801 0.870 0.682 0.830 0.837 0.694 0.748 0.945
537 1.000 0.997 0.963 0.970 0.944 0.937 0.896 0.926 0.943 0.928 0.958 0.974 0.937 0.966 0.964 0.909 0.953 0.946
538 1.000 0.996 0.993 0.931 0.929 0.926 0.922 0.939 0.928 0.931 0.919 0.990 0.926 0.932 0.927 0.973 0.922 0.996
539 1.000 1.000 0.998 0.997 0.996 0.994 0.986 0.989 0.995 0.988 0.996 0.996 0.995 0.999 0.999 0.997 0.996 0.997
540 1.000 0.999 0.993 0.993 0.991 0.989 0.954 0.961 0.984 0.956 0.991 0.994 0.993 0.994 0.995 0.956 0.993 0.994
541 1.000 0.998 0.997 0.994 0.996 0.991 0.957 0.990 0.992 0.993 0.993 0.999 0.989 0.998 0.995 0.994 0.981 0.997
542 1.000 0.998 0.997 0.994 0.991 0.993 0.978 0.989 0.995 0.987 0.993 0.999 0.989 0.996 0.992 0.982 0.989 0.980
543 1.000 0.976 0.902 0.908 0.755 0.781 0.708 0.825 0.840 0.801 0.896 0.983 0.781 0.912 0.914 0.927 0.859 0.962
544 1.000 0.976 0.911 0.902 0.943 0.760 0.851 0.861 0.767 0.802 0.860 0.978 0.787 0.933 0.942 0.873 0.898 0.993
545 1.000 0.998 0.975 0.982 0.974 0.925 0.899 0.922 0.904 0.902 0.971 0.988 0.971 0.981 0.981 0.936 0.975 0.967
546 1.000 0.999 0.998 0.987 0.989 0.982 0.950 0.969 0.997 0.970 0.994 0.967 0.990 0.995 0.996 0.993 0.987 0.942
547 1.000 0.979 0.943 0.889 0.933 0.571 0.506 0.671 0.594 0.610 0.782 0.975 0.701 0.895 0.867 0.856 0.826 0.896
548 1.000 0.986 0.898 0.914 0.895 0.871 0.849 0.862 0.845 0.841 0.911 0.972 0.890 0.910 0.915 0.837 0.924 0.969
549 1.000 0.998 0.994 0.995 0.992 0.985 0.963 0.965 0.982 0.968 0.989 0.994 0.989 0.996 0.995 0.979 0.996 1.000
550 1.000 0.996 0.995 0.958 0.958 0.919 0.917 0.918 0.932 0.926 0.962 0.998 0.919 0.959 0.945 0.981 0.922 0.986
551 1.000 1.000 0.959 0.969 0.966 0.983 0.934 0.952 0.995 0.973 0.974 0.953 0.982 0.977 0.999 0.959 0.980 0.958
552 1.000 0.982 0.838 0.896 0.769 0.704 0.672 0.754 0.743 0.690 0.782 0.965 0.711 0.959 0.961 0.753 0.909 0.782
553 1.000 0.990 0.963 0.930 0.918 0.921 0.911 0.936 0.932 0.924 0.939 0.967 0.921 0.972 0.979 0.948 0.954 0.989
554 1.000 0.996 0.992 0.931 0.929 0.928 0.923 0.941 0.929 0.931 0.922 0.990 0.928 0.932 0.928 0.974 0.923 0.994
555 1.000 0.998 0.981 0.982 0.974 0.962 0.872 0.903 0.975 0.934 0.972 0.978 0.970 0.984 0.981 0.940 0.974 0.967
556 1.000 0.992 0.761 0.879 0.864 0.858 0.700 0.689 0.881 0.801 0.827 0.807 0.885 0.863 0.821 0.442 0.799 0.623
557 1.000 0.997 0.948 0.947 0.907 0.884 0.816 0.847 0.936 0.802 0.926 0.960 0.909 0.954 0.947 0.866 0.932 0.967
558 1.000 0.996 0.979 0.972 0.958 0.951 0.921 0.947 0.972 0.952 0.967 0.979 0.960 0.981 0.976 0.978 0.951 0.983
559 1.000 0.987 0.824 0.691 0.902 0.560 0.685 0.779 0.551 0.621 0.701 0.896 0.598 0.842 0.851 0.808 0.796 0.852
560 1.000 0.994 0.967 0.935 0.888 0.852 0.795 0.843 0.909 0.834 0.876 0.973 0.929 0.951 0.953 0.919 0.918 0.989
561 1.000 0.992 0.968 0.957 0.849 0.866 0.712 0.830 0.951 0.836 0.851 0.982 0.936 0.963 0.959 0.947 0.898 0.982
562 1.000 0.985 0.949 0.936 0.936 0.854 0.898 0.913 0.861 0.885 0.933 0.982 0.874 0.962 0.968 0.927 0.938 0.990
563 1.000 0.997 0.980 0.986 0.969 0.958 0.919 0.930 0.972 0.943 0.965 0.989 0.962 0.984 0.984 0.977 0.971 0.946
564 1.000 0.999 0.990 0.993 0.987 0.983 0.947 0.957 0.969 0.953 0.983 0.995 0.986 0.991 0.989 0.977 0.988 0.996
565 1.000 1.000 0.999 0.999 0.998 0.998 0.923 0.976 0.999 0.998 0.995 0.993 0.997 0.999 0.998 0.999 0.984 0.991
566 1.000 0.997 0.976 0.967 0.965 0.965 0.940 0.966 0.970 0.966 0.975 0.980 0.979 0.971 0.975 0.978 0.973 0.978
567 1.000 0.999 0.983 0.988 0.982 0.973 0.932 0.956 0.981 0.967 0.973 0.987 0.968 0.991 0.989 0.981 0.974 0.988
568 1.000 1.000 1.000 1.000 1.000 1.000 0.990 0.997 1.000 0.999 1.000 1.000 1.000 1.000 1.000 1.000 0.997 1.000
569 1.000 1.000 1.000 0.999 0.999 0.997 0.993 0.998 0.998 0.998 0.997 1.000 0.996 1.000 0.999 0.998 0.996 0.998
570 1.000 1.000 0.994 0.988 0.983 0.978 0.976 0.981 0.980 0.978 0.982 0.992 0.989 0.991 0.991 0.990 0.988 0.986
571 1.000 1.000 1.000 0.999 0.999 0.998 0.958 0.989 0.999 0.998 0.998 0.998 0.998 0.999 0.999 1.000 0.989 0.990
572 1.000 0.983 0.966 0.590 0.835 0.585 0.447 0.800 0.586 0.678 0.809 0.995 0.565 0.838 0.831 0.826 0.803 0.945
573 1.000 1.000 1.000 0.999 0.999 0.998 0.994 0.996 0.999 0.995 0.999 0.991 0.999 0.998 0.998 0.999 0.998 0.939
574 1.000 0.999 0.988 0.984 0.973 0.969 0.947 0.943 0.966 0.951 0.971 0.982 0.971 0.981 0.984 0.978 0.964 0.963
575 1.000 0.999 0.991 0.990 0.982 0.971 0.885 0.930 0.980 0.929 0.979 0.979 0.977 0.996 0.995 0.969 0.982 0.944
576 1.000 0.980 0.916 0.909 0.911 0.801 0.849 0.868 0.806 0.823 0.889 0.977 0.849 0.931 0.944 0.883 0.895 0.978
577 1.000 0.998 0.975 0.945 0.977 0.845 0.757 0.828 0.945 0.844 0.868 0.980 0.923 0.961 0.955 0.949 0.904 0.981
578 1.000 0.977 0.961 0.963 0.938 0.911 0.864 0.873 0.951 0.887 0.908 0.970 0.925 0.963 0.968 0.960 0.935 0.998
579 1.000 0.999 0.996 0.994 0.989 0.990 0.953 0.953 0.997 0.983 0.995 0.997 0.996 0.995 0.995 0.994 0.990 0.998
580 1.000 0.994 0.978 0.977 0.956 0.939 0.883 0.909 0.960 0.911 0.946 0.979 0.951 0.984 0.984 0.965 0.961 0.990
581 1.000 0.991 0.958 0.956 0.945 0.888 0.911 0.930 0.907 0.907 0.944 0.988 0.909 0.969 0.970 0.946 0.946 0.989
582 1.000 0.993 0.967 0.961 0.952 0.948 0.921 0.911 0.969 0.927 0.961 0.955 0.954 0.968 0.973 0.964 0.972 0.978
583 1.000 0.998 0.979 0.985 0.975 0.936 0.903 0.924 0.921 0.907 0.972 0.990 0.972 0.986 0.986 0.935 0.978 0.970
584 1.000 0.984 0.906 0.913 0.935 0.817 0.824 0.847 0.780 0.763 0.871 0.986 0.891 0.921 0.939 0.843 0.871 0.974
585 1.000 0.997 0.962 0.964 0.960 0.959 0.942 0.950 0.937 0.930 0.975 0.980 0.963 0.966 0.967 0.958 0.972 0.982
586 1.000 0.993 0.920 0.906 0.969 0.812 0.813 0.870 0.851 0.829 0.908 0.973 0.801 0.932 0.935 0.935 0.901 0.989
587 1.000 0.994 0.892 0.721 0.736 0.702 0.668 0.848 0.712 0.767 0.826 0.907 0.694 0.923 0.928 0.879 0.893 0.944
588 1.000 1.000 0.999 1.000 0.974 0.984 0.724 0.896 0.999 0.987 0.981 1.000 0.998 1.000 0.994 0.991 0.953 0.998
589 1.000 0.999 0.992 0.992 0.990 0.983 0.964 0.972 0.987 0.980 0.991 0.993 0.989 0.993 0.993 0.991 0.988 0.994
590 1.000 0.998 0.994 0.994 0.978 0.949 0.831 0.907 0.975 0.912 0.940 0.992 0.970 0.990 0.979 0.984 0.939 0.978
591 1.000 0.993 0.984 0.908 0.948 0.864 0.747 0.889 0.859 0.869 0.891 0.995 0.866 0.952 0.920 0.959 0.862 0.992
592 1.000 0.976 0.907 0.888 0.878 0.763 0.836 0.848 0.760 0.780 0.854 0.974 0.780 0.921 0.933 0.859 0.885 0.983
593 1.000 1.000 0.998 0.997 0.983 0.980 0.933 0.963 0.992 0.974 0.989 0.996 0.989 0.999 0.999 0.992 0.986 0.996
594 1.000 0.996 0.975 0.939 0.924 0.902 0.791 0.911 0.905 0.906 0.936 0.966 0.884 0.962 0.921 0.955 0.848 0.944
595 1.000 0.992 0.938 0.911 0.852 0.771 0.760 0.870 0.784 0.803 0.844 0.977 0.769 0.935 0.941 0.899 0.922 0.973
596 1.000 1.000 1.000 1.000 1.000 1.000 0.999 1.000 1.000 1.000 1.000 1.000 1.000 1.000 1.000 1.000 1.000 1.000
597 1.000 0.994 0.957 0.926 0.928 0.930 0.892 0.892 0.968 0.891 0.958 0.951 0.957 0.961 0.962 0.953 0.933 0.969
598 1.000 0.999 0.977 0.972 0.966 0.951 0.900 0.918 0.919 0.901 0.970 0.978 0.967 0.971 0.970 0.904 0.962 0.934
599 1.000 0.980 0.832 0.500 0.615 0.479 0.462 0.646 0.478 0.541 0.601 0.910 0.472 0.693 0.678 0.762 0.545 0.927
600 1.000 0.986 0.918 0.921 0.929 0.839 0.821 0.845 0.788 0.761 0.872 0.990 0.898 0.924 0.935 0.842 0.868 0.979
601 1.000 1.000 0.990 0.997 0.972 0.984 0.937 0.945 0.989 0.909 0.958 0.997 0.982 0.993 0.993 0.805 0.927 0.979
602 1.000 0.983 0.944 0.854 0.978 0.828 0.807 0.903 0.839 0.860 0.869 0.973 0.822 0.955 0.957 0.930 0.943 0.986
603 1.000 0.995 0.968 0.955 0.945 0.945 0.926 0.926 0.932 0.915 0.947 0.957 0.956 0.952 0.957 0.861 0.951 0.959
604 1.000 0.999 0.989 0.968 0.966 0.949 0.893 0.906 0.989 0.912 0.979 0.966 0.969 0.990 0.990 0.973 0.971 0.991
605 1.000 0.999 0.998 0.994 0.970 0.954 0.875 0.905 0.978 0.904 0.967 0.994 0.980 1.000 0.994 0.982 0.983 0.997
606 1.000 0.997 0.948 0.825 0.932 0.801 0.786 0.904 0.815 0.849 0.843 0.999 0.795 0.963 0.967 0.936 0.955 0.999
607 1.000 0.999 0.997 0.994 0.987 0.986 0.970 0.984 0.994 0.987 0.992 0.994 0.991 0.996 0.997 0.996 0.990 0.998
608 1.000 0.998 0.998 0.988 0.957 0.942 0.865 0.927 0.990 0.933 0.961 0.989 0.965 0.997 0.994 0.981 0.973 0.997
609 1.000 0.997 0.983 0.984 0.970 0.957 0.846 0.875 0.968 0.847 0.958 0.985 0.967 0.985 0.979 0.905 0.969 0.991
