 accp4 accp4c accp4p ARC Cacheus Clock FIFO FIFO-Merge GDSF Hyperbolic LHD LIRS LeCaR QDLP S3FIFO S4LRU TwoQ WTinyLFU
1 0.542 0.449 0.469 0.374 0.754 0.310 0.282 0.594 0.325 0.354 0.988 0.425 0.305 0.435 0.435 0.469 0.314 1.000
2 0.712 0.621 0.686 0.636 0.500 0.023 0.023 0.061 0.098 0.027 0.973 0.640 0.023 0.606 0.602 0.231 0.402 1.000
3 0.787 0.908 0.892 0.855 0.855 0.829 0.780 0.841 0.836 0.837 1.000 0.572 0.837 0.854 0.885 0.970 0.883 0.972
4 0.798 0.926 0.924 0.999 0.997 0.999 0.999 0.921 0.976 0.957 0.999 0.824 1.000 0.931 0.879 0.960 0.894 0.588
5 0.798 0.798 0.797 0.774 0.764 0.764 0.764 0.763 0.773 0.764 0.813 0.770 0.767 0.779 0.946 0.811 0.899 1.000
6 0.798 0.798 0.797 0.775 0.772 0.765 0.765 0.764 0.774 0.765 0.822 0.770 0.768 0.781 0.946 0.812 0.895 1.000
7 0.798 0.799 0.798 0.774 0.767 0.767 0.765 0.764 0.775 0.767 0.816 0.772 0.769 0.781 0.946 0.809 0.891 1.000
8 0.800 0.800 0.799 0.777 0.767 0.768 0.767 0.766 0.777 0.768 0.803 0.773 0.770 0.783 0.944 0.814 0.905 1.000
9 0.802 0.803 0.802 0.781 0.771 0.772 0.772 0.771 0.781 0.772 0.809 0.777 0.775 0.786 0.957 0.817 0.911 1.000
10 0.802 0.803 0.802 0.781 0.779 0.772 0.772 0.771 0.780 0.772 0.832 0.777 0.775 0.785 0.951 0.817 0.915 1.000
11 0.802 0.803 0.802 0.781 0.770 0.771 0.771 0.769 0.780 0.771 0.814 0.776 0.775 0.786 0.952 0.819 0.906 1.000
12 0.803 0.802 0.802 0.781 0.773 0.773 0.772 0.770 0.781 0.773 0.813 0.778 0.776 0.786 0.936 0.813 0.893 1.000
13 0.803 0.804 0.803 0.782 0.780 0.773 0.773 0.771 0.782 0.773 0.838 0.778 0.776 0.787 0.947 0.817 0.903 1.000
14 0.804 0.804 0.803 0.783 0.781 0.774 0.774 0.773 0.783 0.774 0.814 0.779 0.777 0.787 0.951 0.819 0.913 1.000
15 0.804 0.804 0.804 0.783 0.772 0.773 0.773 0.772 0.782 0.774 0.826 0.779 0.776 0.787 0.950 0.817 0.915 1.000
16 0.804 0.804 0.803 0.783 0.781 0.774 0.774 0.772 0.783 0.774 0.821 0.780 0.777 0.787 0.954 0.819 0.923 1.000
17 0.804 0.804 0.803 0.783 0.780 0.774 0.774 0.772 0.783 0.774 0.810 0.779 0.776 0.788 0.952 0.819 0.914 1.000
18 0.804 0.805 0.804 0.783 0.772 0.773 0.774 0.772 0.782 0.773 0.814 0.779 0.776 0.788 0.951 0.818 0.920 1.000
19 0.804 0.805 0.804 0.784 0.773 0.775 0.774 0.773 0.784 0.775 0.828 0.779 0.778 0.789 0.950 0.820 0.916 1.000
20 0.804 0.805 0.804 0.783 0.773 0.773 0.773 0.772 0.783 0.773 0.816 0.778 0.776 0.788 0.954 0.818 0.914 1.000
21 0.805 0.805 0.805 0.785 0.782 0.775 0.775 0.773 0.784 0.775 0.829 0.780 0.778 0.789 0.951 0.820 0.916 1.000
22 0.806 0.806 0.805 0.785 0.775 0.776 0.776 0.775 0.785 0.776 0.815 0.781 0.780 0.790 0.946 0.822 0.918 1.000
23 0.806 0.807 0.806 0.787 0.784 0.778 0.778 0.776 0.787 0.778 0.821 0.782 0.780 0.791 0.951 0.823 0.920 1.000
24 0.806 0.807 0.806 0.785 0.783 0.776 0.776 0.774 0.785 0.776 0.816 0.781 0.779 0.790 0.952 0.820 0.915 1.000
25 0.807 0.744 0.782 0.567 0.602 0.542 0.518 0.561 0.548 0.548 0.578 0.760 0.537 0.613 0.608 0.706 0.575 1.000
26 0.807 0.807 0.807 0.787 0.785 0.778 0.778 0.776 0.787 0.778 0.816 0.782 0.780 0.791 0.949 0.822 0.915 1.000
27 0.807 0.807 0.807 0.785 0.776 0.777 0.777 0.775 0.785 0.777 0.826 0.781 0.780 0.790 0.951 0.819 0.918 1.000
28 0.807 0.807 0.806 0.787 0.784 0.778 0.778 0.776 0.787 0.778 0.827 0.783 0.781 0.792 0.952 0.823 0.917 1.000
29 0.808 0.808 0.808 0.788 0.779 0.780 0.779 0.778 0.789 0.779 0.824 0.784 0.782 0.793 0.953 0.822 0.913 1.000
30 0.809 0.810 0.809 0.790 0.779 0.782 0.781 0.779 0.790 0.781 0.822 0.786 0.784 0.794 0.949 0.824 0.921 1.000
31 0.815 0.656 0.830 0.641 0.691 0.556 0.548 0.571 0.575 0.568 0.707 0.656 0.556 0.757 0.737 0.637 0.645 1.000
32 0.821 0.663 0.777 0.501 0.420 0.243 0.241 0.309 0.254 0.257 0.803 0.515 0.243 0.585 0.602 0.444 0.502 1.000
33 0.830 0.830 0.830 0.808 0.805 0.799 0.798 0.797 0.808 0.799 0.838 0.804 0.802 0.813 0.975 0.851 0.941 1.000
34 0.832 0.832 0.832 0.811 0.800 0.801 0.801 0.800 0.811 0.801 0.856 0.806 0.805 0.815 0.985 0.846 0.949 1.000
35 0.838 0.838 0.837 0.816 0.813 0.807 0.807 0.804 0.816 0.806 0.855 0.811 0.810 0.820 0.990 0.852 0.955 1.000
36 0.840 0.840 0.839 0.818 0.809 0.810 0.809 0.807 0.819 0.810 0.853 0.814 0.812 0.823 0.988 0.852 0.928 1.000
37 0.841 0.841 0.840 0.820 0.809 0.810 0.810 0.808 0.819 0.810 0.851 0.815 0.813 0.824 0.991 0.855 0.950 1.000
38 0.844 0.844 0.843 0.823 0.811 0.814 0.814 0.812 0.823 0.814 0.855 0.819 0.817 0.827 0.998 0.861 0.961 1.000
39 0.847 0.847 0.846 0.821 0.814 0.813 0.811 0.811 0.822 0.814 0.861 0.819 0.815 0.828 1.000 0.856 0.948 0.998
40 0.848 0.848 0.847 0.827 0.824 0.817 0.817 0.815 0.826 0.817 0.871 0.822 0.821 0.831 1.000 0.864 0.959 0.988
41 0.849 0.911 0.906 0.873 0.872 0.876 0.863 0.854 0.941 0.864 0.971 0.672 0.881 0.891 0.894 0.886 1.000 0.564
42 0.850 0.850 0.849 0.830 0.819 0.821 0.821 0.819 0.830 0.820 0.868 0.826 0.824 0.833 1.000 0.864 0.969 0.996
43 0.852 0.852 0.851 0.831 0.820 0.821 0.820 0.818 0.831 0.821 0.874 0.826 0.823 0.835 1.000 0.867 0.959 0.983
44 0.860 0.918 0.848 0.921 0.930 0.902 0.877 0.838 0.988 0.878 1.000 0.635 0.905 0.838 0.821 0.910 0.961 0.547
45 0.861 0.867 0.865 0.778 0.789 0.710 0.701 0.716 0.716 0.715 0.728 0.806 0.709 0.789 0.829 0.830 0.786 1.000
46 0.864 0.926 0.920 0.848 0.863 0.872 0.855 0.856 0.942 0.861 0.973 0.679 0.877 0.902 0.915 0.901 1.000 0.592
47 0.865 0.712 0.817 0.571 0.595 0.469 0.456 0.481 0.477 0.476 0.562 0.724 0.467 0.597 0.555 0.679 0.517 1.000
48 0.868 0.940 0.940 0.974 0.990 0.995 0.981 0.927 0.927 0.914 0.997 0.847 1.000 0.937 0.920 0.922 0.936 0.660
49 0.872 0.929 0.925 0.910 0.908 0.910 0.900 0.885 0.963 0.897 0.986 0.727 0.915 0.914 0.911 0.909 1.000 0.573
50 0.873 0.933 0.929 0.877 0.913 0.891 0.877 0.872 0.955 0.879 0.982 0.683 0.896 0.913 0.915 0.907 1.000 0.444
51 0.875 0.733 0.825 0.558 0.603 0.453 0.442 0.467 0.462 0.461 0.607 0.752 0.452 0.623 0.629 0.691 0.523 1.000
52 0.877 0.878 0.873 0.987 0.973 0.972 0.904 0.934 1.000 0.976 0.978 0.862 0.983 0.873 0.885 0.933 0.906 0.895
53 0.880 0.937 0.934 0.857 0.864 0.882 0.865 0.867 0.950 0.871 0.980 0.679 0.888 0.916 0.928 0.911 1.000 0.563
54 0.882 0.724 0.830 0.571 0.611 0.458 0.446 0.472 0.469 0.467 0.612 0.742 0.457 0.611 0.587 0.683 0.510 1.000
55 0.884 0.760 0.844 0.572 0.610 0.451 0.440 0.466 0.462 0.459 0.594 0.780 0.450 0.621 0.570 0.700 0.522 1.000
56 0.884 0.884 0.882 0.856 0.848 0.837 0.829 0.842 0.845 0.844 0.851 0.859 0.840 0.859 0.865 0.907 0.855 1.000
57 0.886 0.749 0.839 0.571 0.591 0.468 0.456 0.482 0.478 0.477 0.597 0.767 0.467 0.592 0.556 0.708 0.510 1.000
58 0.887 0.945 0.942 0.904 0.931 0.909 0.897 0.888 0.970 0.896 0.986 0.714 0.915 0.929 0.925 0.920 1.000 0.556
59 0.893 0.754 0.845 0.583 0.619 0.476 0.464 0.490 0.487 0.483 0.629 0.760 0.475 0.616 0.584 0.701 0.540 1.000
60 0.894 0.770 0.847 0.574 0.602 0.441 0.429 0.455 0.452 0.448 0.578 0.791 0.440 0.605 0.607 0.695 0.527 1.000
61 0.895 0.768 0.861 0.590 0.639 0.467 0.455 0.483 0.477 0.476 0.568 0.774 0.466 0.644 0.593 0.701 0.549 1.000
62 0.901 0.752 0.841 0.583 0.622 0.470 0.458 0.484 0.480 0.478 0.585 0.762 0.469 0.632 0.617 0.710 0.531 1.000
63 0.901 0.742 0.843 0.601 0.715 0.460 0.450 0.476 0.471 0.469 0.625 0.751 0.459 0.725 0.691 0.689 0.599 1.000
64 0.906 0.906 0.906 0.899 0.902 0.892 0.890 0.892 0.893 0.896 0.916 0.900 0.892 0.903 0.913 0.898 0.952 1.000
65 0.909 0.913 0.912 0.880 0.876 0.851 0.838 0.854 0.862 0.858 0.868 0.872 0.852 0.889 0.896 0.907 0.882 1.000
66 0.910 0.888 0.893 0.745 0.748 0.646 0.640 0.678 0.655 0.658 0.731 0.883 0.647 0.748 0.745 0.770 0.716 1.000
67 0.910 0.767 0.856 0.601 0.642 0.474 0.462 0.488 0.485 0.482 0.644 0.781 0.473 0.653 0.642 0.706 0.539 1.000
68 0.911 0.912 0.912 0.905 0.908 0.897 0.895 0.898 0.899 0.901 0.924 0.906 0.898 0.908 0.916 0.902 0.949 1.000
69 0.916 0.913 0.914 0.794 0.780 0.734 0.725 0.746 0.744 0.745 0.762 0.904 0.736 0.801 0.750 0.863 0.740 1.000
70 0.918 0.763 0.862 0.616 0.634 0.481 0.470 0.497 0.492 0.490 0.587 0.781 0.481 0.632 0.581 0.705 0.532 1.000
71 0.923 0.972 0.971 0.985 0.987 0.994 0.969 0.947 0.912 0.910 1.000 0.957 0.999 0.973 0.965 0.957 0.973 0.828
72 0.930 0.920 0.913 0.812 0.778 0.683 0.674 0.689 0.687 0.687 0.734 0.913 0.689 0.825 0.795 0.854 0.693 1.000
73 0.931 0.930 0.927 0.899 0.890 0.877 0.868 0.883 0.881 0.876 0.894 0.889 0.879 0.921 0.972 0.914 0.993 1.000
74 0.937 0.937 0.937 0.929 0.934 0.922 0.920 0.922 0.924 0.926 0.951 0.931 0.923 0.934 0.940 0.928 0.983 1.000
75 0.939 0.972 0.743 0.938 0.882 0.992 0.871 0.850 0.958 0.946 1.000 0.727 0.996 0.739 0.727 0.210 0.709 0.233
76 0.940 0.978 0.978 0.987 0.988 0.994 0.964 0.956 0.922 0.923 1.000 0.965 0.998 0.979 0.973 0.962 0.980 0.456
77 0.943 0.976 0.975 0.987 0.997 0.995 0.970 0.950 0.916 0.915 1.000 0.962 0.999 0.977 0.968 0.960 0.977 0.841
78 0.946 0.961 0.962 0.942 0.950 0.936 0.915 0.938 0.941 0.946 0.974 0.943 0.938 0.945 0.951 0.940 0.960 1.000
79 0.947 0.929 0.927 0.891 1.000 0.741 0.616 0.861 0.794 0.780 0.806 0.903 0.737 0.889 0.816 0.836 0.796 0.911
80 0.950 0.980 0.980 0.989 0.989 0.994 0.973 0.959 0.927 0.926 1.000 0.973 0.997 0.981 0.975 0.968 0.982 0.886
81 0.952 0.980 0.977 0.991 0.990 0.996 0.965 0.953 0.923 0.916 1.000 0.955 0.999 0.977 0.967 0.963 0.971 0.812
82 0.956 0.919 0.878 0.951 0.671 0.733 0.661 0.677 0.489 0.490 1.000 0.970 0.734 0.918 0.920 0.739 0.787 0.981
83 0.961 0.953 0.953 0.854 0.853 0.798 0.771 0.837 0.813 0.801 0.826 0.973 0.818 0.854 0.828 0.949 0.802 1.000
84 0.966 0.979 0.978 0.989 0.991 0.996 0.965 0.958 0.922 0.923 1.000 0.967 0.999 0.981 0.973 0.966 0.978 0.825
85 0.968 0.978 0.976 0.901 0.909 0.876 0.858 0.880 0.892 0.888 0.884 0.932 0.878 0.948 0.968 0.949 0.929 1.000
86 0.968 0.981 0.979 0.989 0.997 0.994 0.968 0.958 0.927 0.925 1.000 0.968 0.997 0.980 0.974 0.964 0.979 0.443
87 0.970 0.972 0.971 0.952 0.946 0.928 0.914 0.930 0.933 0.926 0.952 0.937 0.932 0.964 0.996 0.944 1.000 0.971
88 0.971 0.978 0.978 0.989 0.990 0.994 0.964 0.953 0.919 0.916 1.000 0.967 0.998 0.979 0.970 0.961 0.974 0.811
89 0.972 0.989 0.988 0.957 0.958 0.930 0.829 0.912 0.983 0.938 0.957 0.909 0.947 0.981 0.979 0.963 1.000 0.873
90 0.974 0.981 0.981 0.999 0.993 0.999 0.950 0.969 0.966 0.966 0.997 0.960 1.000 0.979 0.973 0.970 0.972 0.758
91 0.975 0.975 0.975 0.974 0.974 0.972 0.959 0.970 0.974 0.972 0.977 0.971 0.972 0.975 0.975 0.974 0.975 1.000
92 0.975 0.981 0.981 0.976 0.962 0.922 0.871 0.896 0.886 0.855 0.936 0.961 0.922 0.993 1.000 0.957 0.990 0.891
93 0.976 0.983 0.923 0.980 0.994 0.993 0.785 0.919 0.641 0.978 0.968 0.983 1.000 0.968 0.965 0.029 0.247 0.404
94 0.976 0.981 0.978 0.970 0.941 0.912 0.837 0.901 0.910 0.906 0.919 0.961 0.908 0.987 1.000 0.967 0.985 0.704
95 0.976 0.976 0.974 0.973 0.966 0.956 0.951 0.958 0.960 0.956 0.997 0.972 0.955 0.973 0.978 0.964 0.969 1.000
96 0.977 0.967 0.971 0.945 0.972 0.931 0.922 0.945 0.936 0.933 0.983 0.906 0.932 0.953 0.978 0.959 1.000 0.956
97 0.978 0.991 0.991 1.000 0.989 0.975 0.867 0.933 0.977 0.959 0.972 0.981 0.986 0.992 0.991 0.989 0.995 0.833
98 0.978 0.992 0.991 0.935 0.973 0.935 0.860 0.930 0.985 0.940 0.944 0.864 0.954 0.994 0.989 1.000 0.989 0.865
99 0.979 0.983 0.980 0.949 0.933 0.911 0.858 0.905 0.905 0.900 0.917 0.920 0.910 0.980 1.000 0.950 0.990 0.922
100 0.980 0.987 0.984 0.985 0.981 0.995 0.942 0.956 0.955 0.945 0.997 0.958 1.000 0.977 0.979 0.920 0.987 0.829
101 0.980 0.992 0.985 1.000 0.999 0.957 0.856 0.940 0.989 0.960 0.980 0.961 0.971 0.984 0.979 0.989 0.988 0.906
102 0.982 0.980 0.979 0.966 0.941 0.919 0.858 0.909 0.896 0.898 0.916 0.954 0.917 0.984 1.000 0.960 0.984 0.936
103 0.982 0.982 0.982 0.983 0.979 0.975 0.977 0.974 0.975 0.976 0.991 0.973 0.981 0.980 0.980 0.975 1.000 0.975
104 0.982 0.980 0.980 0.966 0.942 0.921 0.860 0.911 0.898 0.900 0.927 0.955 0.919 0.984 1.000 0.960 0.984 0.776
105 0.982 0.977 0.975 0.969 0.951 0.933 0.912 0.924 0.937 0.928 0.975 0.971 0.937 0.969 0.985 0.928 0.986 1.000
106 0.983 0.992 0.992 0.975 0.920 0.853 0.792 0.850 0.878 0.824 0.892 0.969 0.848 0.997 1.000 0.962 0.980 0.861
107 0.983 1.000 0.998 0.992 0.969 0.904 0.816 0.869 0.949 0.907 0.984 0.960 0.907 0.997 0.992 0.966 0.979 0.938
108 0.984 0.990 0.990 0.995 1.000 0.997 0.953 0.966 0.944 0.946 1.000 0.974 0.999 0.990 0.986 0.975 0.992 0.824
109 0.984 0.983 0.983 0.978 0.949 0.919 0.852 0.908 0.894 0.894 0.914 0.973 0.915 0.989 1.000 0.961 0.981 0.944
110 0.984 0.986 0.983 0.994 0.979 0.979 0.973 0.963 0.963 0.965 1.000 0.971 0.992 0.979 0.977 0.963 0.986 0.966
111 0.984 0.995 0.995 1.000 1.000 0.997 0.942 0.973 0.969 0.971 0.997 0.993 0.996 0.995 0.994 0.991 0.996 0.900
112 0.985 1.000 0.979 0.966 0.893 0.826 0.776 0.873 0.859 0.805 0.918 0.965 0.817 0.975 0.965 0.920 0.906 0.882
113 0.985 1.000 0.980 0.969 0.896 0.832 0.782 0.879 0.866 0.812 0.912 0.970 0.823 0.980 0.968 0.923 0.909 0.887
114 0.985 0.988 0.988 0.987 0.988 0.984 0.956 0.983 0.988 0.988 0.988 0.980 0.986 0.986 0.991 0.994 0.989 1.000
115 0.986 1.000 0.980 0.970 0.893 0.827 0.777 0.872 0.861 0.807 0.905 0.969 0.819 0.977 0.964 0.922 0.909 0.696
116 0.986 1.000 0.985 0.974 0.899 0.832 0.782 0.879 0.866 0.812 0.908 0.973 0.825 0.982 0.967 0.925 0.914 0.707
117 0.986 1.000 0.986 0.974 0.902 0.835 0.785 0.880 0.869 0.815 0.912 0.973 0.826 0.984 0.969 0.931 0.916 0.893
118 0.986 0.987 0.986 0.976 0.970 0.938 0.861 0.929 0.975 0.947 0.946 0.959 0.945 0.984 1.000 0.980 0.994 0.961
119 0.986 1.000 0.984 0.974 0.901 0.831 0.780 0.877 0.866 0.811 0.913 0.970 0.822 0.980 0.965 0.929 0.914 0.889
120 0.986 0.987 0.987 0.988 0.994 0.981 0.931 0.976 0.986 0.983 1.000 0.921 0.982 0.987 0.988 0.980 0.992 0.901
121 0.987 0.989 0.989 0.983 0.983 0.976 0.961 0.975 0.987 0.977 0.984 0.968 0.977 0.986 0.992 0.980 1.000 0.956
122 0.987 1.000 0.987 0.974 0.903 0.834 0.784 0.880 0.868 0.813 0.916 0.973 0.826 0.982 0.969 0.928 0.915 0.890
123 0.987 0.988 0.988 1.000 0.974 0.921 0.864 0.917 0.921 0.889 0.954 0.982 0.918 0.987 0.981 0.963 0.970 0.856
124 0.987 0.985 0.984 1.000 0.969 0.845 0.793 0.849 0.898 0.826 0.928 0.994 0.837 0.988 0.994 0.949 0.972 0.573
125 0.987 0.989 0.989 0.985 0.989 0.983 0.977 0.984 0.984 0.986 0.997 0.981 0.982 0.986 0.986 0.984 1.000 0.962
126 0.987 0.998 0.998 0.998 0.990 0.974 0.893 0.950 0.951 0.909 0.988 0.991 0.984 1.000 0.999 0.997 0.995 0.929
127 0.987 0.995 0.995 1.000 0.990 0.960 0.837 0.921 0.970 0.921 0.956 0.974 0.991 0.995 0.993 0.994 0.998 0.641
128 0.987 0.993 0.993 1.000 0.995 0.983 0.876 0.939 0.980 0.962 0.978 0.979 0.991 0.993 0.991 0.993 0.996 0.818
129 0.987 0.991 0.991 0.989 0.939 0.891 0.826 0.887 0.878 0.871 0.920 0.987 0.885 0.998 1.000 0.965 0.980 0.941
130 0.987 0.994 0.994 1.000 0.992 0.983 0.876 0.941 0.982 0.963 0.976 0.979 0.991 0.993 0.992 0.993 0.996 0.822
131 0.987 0.991 0.991 0.975 0.957 0.909 0.878 0.913 0.938 0.915 0.938 0.950 0.913 0.986 1.000 0.958 0.986 0.816
132 0.988 0.998 0.995 0.999 1.000 0.959 0.872 0.950 0.987 0.959 0.975 0.976 0.966 0.995 0.991 0.988 0.990 0.911
133 0.988 0.995 0.995 0.989 0.942 0.892 0.829 0.887 0.878 0.871 0.909 0.985 0.886 0.999 1.000 0.969 0.984 0.923
134 0.988 0.987 0.987 0.987 0.962 0.904 0.849 0.898 0.875 0.869 0.917 0.982 0.902 0.997 1.000 0.969 0.977 0.930
135 0.988 0.997 0.997 0.991 0.965 0.944 0.878 0.932 0.920 0.899 0.975 0.988 0.953 1.000 1.000 0.989 0.990 0.948
136 0.989 0.993 0.993 1.000 0.991 0.979 0.868 0.937 0.981 0.960 0.974 0.977 0.990 0.993 0.992 0.993 0.996 0.816
137 0.989 0.985 0.985 0.985 0.937 0.901 0.838 0.894 0.878 0.851 0.934 0.981 0.898 0.995 1.000 0.965 0.974 0.927
138 0.989 0.992 0.992 1.000 0.985 0.975 0.885 0.942 0.977 0.933 0.979 0.982 0.986 0.995 0.993 0.988 0.992 0.842
139 0.989 0.989 0.989 0.985 0.986 0.978 0.957 0.978 0.984 0.980 0.983 0.985 0.979 0.985 0.986 0.991 0.986 1.000
140 0.989 0.996 0.996 0.990 0.982 0.944 0.882 0.932 0.918 0.896 0.975 0.988 0.949 1.000 1.000 0.986 0.988 0.953
141 0.989 1.000 0.951 0.979 0.976 0.925 0.873 0.905 0.948 0.923 0.940 0.844 0.925 0.950 0.952 0.893 0.936 0.736
142 0.989 0.992 0.990 0.995 0.998 0.992 0.954 0.971 0.957 0.958 1.000 0.979 0.993 0.988 0.985 0.968 0.982 0.866
143 0.989 0.998 0.998 0.999 0.998 0.988 0.958 0.981 0.996 0.988 0.991 0.960 0.989 0.998 0.994 0.993 1.000 0.743
144 0.990 0.989 0.989 0.968 0.945 0.919 0.887 0.916 0.906 0.904 0.939 0.963 0.917 0.988 1.000 0.962 0.993 0.869
145 0.990 0.994 0.994 1.000 0.995 0.982 0.873 0.939 0.981 0.961 0.979 0.978 0.991 0.993 0.992 0.992 0.996 0.629
146 0.990 0.997 0.997 0.992 0.969 0.951 0.886 0.938 0.929 0.895 0.979 0.988 0.961 1.000 1.000 0.991 0.991 0.950
147 0.990 1.000 0.971 0.963 0.980 0.820 0.765 0.841 0.811 0.808 0.899 0.965 0.824 0.980 0.977 0.880 0.902 0.901
148 0.990 0.993 0.993 1.000 0.991 0.979 0.868 0.937 0.981 0.959 0.978 0.977 0.990 0.993 0.992 0.993 0.996 0.818
149 0.990 0.990 0.990 0.989 0.989 0.987 0.978 0.986 0.989 0.987 0.993 0.988 0.988 0.989 0.989 0.988 0.994 1.000
150 0.990 0.955 0.927 0.892 0.930 0.456 0.435 0.532 0.511 0.476 0.568 0.916 0.448 0.984 0.988 0.886 0.842 1.000
151 0.991 1.000 0.998 0.901 0.977 0.922 0.884 0.936 0.925 0.923 0.984 0.967 0.923 0.985 0.977 0.914 0.968 0.910
152 0.992 0.995 0.995 0.995 0.977 0.925 0.876 0.919 0.924 0.889 0.948 0.989 0.928 1.000 1.000 0.983 0.986 0.942
153 0.992 0.990 0.989 0.999 0.962 0.888 0.835 0.885 0.923 0.878 0.942 0.994 0.889 0.998 1.000 0.970 0.979 0.877
154 0.992 0.992 0.992 0.985 0.985 0.979 0.927 0.972 0.988 0.981 0.973 0.981 0.980 0.991 0.991 0.985 0.993 1.000
155 0.992 0.996 0.994 0.984 0.976 0.947 0.895 0.952 0.966 0.943 0.959 0.930 0.966 0.990 0.989 0.964 1.000 0.810
156 0.992 0.998 0.998 0.999 1.000 0.996 0.938 0.973 0.978 0.980 0.997 0.987 0.995 0.997 0.998 0.989 1.000 0.856
157 0.992 0.998 0.998 0.999 0.996 0.996 0.940 0.973 0.977 0.979 0.999 0.987 0.996 0.998 0.998 0.989 1.000 0.857
158 0.992 0.998 0.998 1.000 1.000 0.996 0.940 0.973 0.977 0.979 0.997 0.988 0.996 0.997 0.998 0.988 1.000 0.859
159 0.992 0.998 0.998 1.000 1.000 0.996 0.941 0.974 0.977 0.979 0.999 0.988 0.996 0.998 0.998 0.989 1.000 0.859
160 0.992 0.998 0.998 1.000 1.000 0.996 0.942 0.974 0.976 0.978 0.997 0.988 0.996 0.998 0.998 0.988 1.000 0.533
161 0.992 0.998 0.998 1.000 1.000 0.996 0.943 0.974 0.976 0.978 0.998 0.988 0.996 0.997 0.998 0.988 0.999 0.555
162 0.992 1.000 0.986 0.984 0.981 0.963 0.941 0.961 0.969 0.960 0.972 0.960 0.964 0.984 0.984 0.954 0.976 0.932
163 0.992 0.990 0.990 0.959 0.957 0.957 0.956 0.965 0.967 0.958 0.986 0.957 0.957 0.976 0.982 0.957 0.994 1.000
164 0.992 0.998 0.998 1.000 0.996 0.996 0.940 0.974 0.977 0.979 0.999 0.988 0.996 0.998 0.998 0.989 1.000 0.858
165 0.992 0.998 0.998 1.000 0.996 0.996 0.941 0.974 0.977 0.979 0.999 0.988 0.996 0.998 0.998 0.989 1.000 0.860
166 0.992 0.998 0.998 1.000 1.000 0.996 0.942 0.974 0.976 0.978 0.997 0.988 0.996 0.998 0.998 0.988 1.000 0.861
167 0.992 0.998 0.998 0.999 0.996 0.996 0.940 0.973 0.978 0.980 0.999 0.988 0.996 0.998 0.998 0.989 1.000 0.539
168 0.992 0.998 0.998 1.000 0.996 0.996 0.941 0.974 0.977 0.979 1.000 0.988 0.996 0.998 0.998 0.989 1.000 0.558
169 0.992 0.998 0.998 1.000 0.982 0.927 0.805 0.901 0.939 0.874 0.962 0.992 0.967 0.999 0.998 0.992 0.994 0.876
170 0.992 0.994 0.994 1.000 0.992 0.966 0.909 0.961 0.983 0.969 0.971 0.992 0.972 0.997 0.996 0.989 0.997 0.921
171 0.993 0.993 0.990 0.990 0.988 0.988 0.972 0.984 0.992 0.988 0.986 0.954 0.986 0.990 0.996 0.982 1.000 0.904
172 0.993 0.992 0.992 0.986 0.970 0.950 0.921 0.949 0.959 0.956 0.972 0.986 0.949 0.989 1.000 0.965 0.989 0.985
173 0.993 0.991 0.979 0.977 0.975 0.971 0.919 0.929 0.911 0.884 0.987 0.975 0.976 0.978 0.979 0.891 0.995 1.000
174 0.993 0.998 0.998 1.000 0.983 0.934 0.812 0.906 0.942 0.880 0.957 0.992 0.971 0.999 0.998 0.992 0.993 0.876
175 0.993 0.994 0.994 0.988 0.987 0.978 0.958 0.973 0.990 0.974 0.985 0.969 0.980 0.992 0.995 0.985 1.000 0.961
176 0.993 0.995 0.995 0.990 0.989 0.982 0.948 0.972 0.990 0.976 0.999 0.984 0.984 0.991 0.990 0.980 1.000 0.974
177 0.993 0.993 0.993 0.993 0.993 0.992 0.987 0.991 0.992 0.992 1.000 0.991 0.992 0.993 0.993 0.992 0.993 0.984
178 0.993 0.995 0.995 0.990 0.990 0.981 0.947 0.972 0.990 0.975 1.000 0.984 0.984 0.992 0.991 0.980 1.000 0.973
179 0.993 0.994 0.993 0.988 0.982 0.974 0.949 0.954 0.974 0.940 0.993 0.987 0.977 0.991 0.991 0.969 1.000 0.991
180 0.993 0.997 0.997 1.000 0.995 0.995 0.918 0.969 0.975 0.978 0.997 0.971 0.996 0.996 0.994 0.983 0.996 0.833
181 0.993 0.996 0.996 0.988 0.980 0.899 0.852 0.909 0.949 0.899 0.981 0.959 0.959 0.993 0.994 0.985 1.000 0.970
182 0.993 1.000 0.999 0.986 0.957 0.886 0.830 0.897 0.887 0.886 0.914 0.967 0.884 0.995 0.990 0.974 0.984 0.952
183 0.993 0.996 0.996 1.000 0.998 0.986 0.911 0.956 0.986 0.945 0.991 0.983 0.992 0.995 0.995 0.994 0.999 0.836
184 0.993 0.998 0.997 1.000 0.996 0.987 0.904 0.961 0.965 0.961 0.989 0.982 0.987 0.996 0.995 0.973 0.998 0.830
185 0.994 0.995 0.991 0.985 0.983 0.987 0.971 0.981 0.990 0.986 0.987 0.963 0.989 0.988 0.997 0.979 1.000 0.922
186 0.994 1.000 0.994 0.795 0.776 0.603 0.552 0.618 0.618 0.609 0.754 0.950 0.599 0.795 0.713 0.899 0.615 0.902
187 0.994 0.994 0.989 0.987 0.987 0.985 0.971 0.982 0.989 0.986 0.983 0.953 0.985 0.989 0.995 0.977 1.000 0.901
188 0.994 0.996 0.996 1.000 1.000 0.993 0.912 0.966 0.988 0.986 0.994 0.981 0.994 0.995 0.995 0.992 0.999 0.833
189 0.994 0.995 0.993 0.989 0.982 0.971 0.946 0.950 0.972 0.937 0.994 0.987 0.974 0.992 0.992 0.969 1.000 0.991
190 0.994 0.995 0.995 1.000 0.999 0.985 0.969 0.985 0.986 0.985 0.992 0.997 0.987 0.998 0.992 0.993 0.988 0.957
191 0.994 0.995 0.995 1.000 0.994 0.990 0.934 0.971 0.971 0.963 0.995 0.993 0.988 0.998 0.997 0.993 0.997 0.930
192 0.994 0.995 0.992 0.986 0.977 0.963 0.924 0.932 0.966 0.919 0.991 0.985 0.969 0.991 0.991 0.949 1.000 0.992
193 0.994 0.995 0.994 1.000 0.987 0.967 0.936 0.963 0.945 0.940 0.977 0.989 0.963 0.993 0.990 0.971 0.983 0.783
194 0.994 0.995 0.993 0.988 0.980 0.968 0.938 0.945 0.971 0.932 0.994 0.987 0.973 0.991 0.991 0.965 1.000 0.991
195 0.994 0.995 0.994 0.989 0.984 0.978 0.955 0.958 0.977 0.946 0.996 0.988 0.980 0.992 0.992 0.975 1.000 0.983
196 0.994 0.995 0.992 0.986 0.979 0.965 0.925 0.934 0.966 0.923 0.991 0.985 0.970 0.991 0.990 0.960 1.000 0.994
197 0.994 0.995 0.994 0.989 0.986 0.976 0.952 0.955 0.976 0.943 0.995 0.988 0.979 0.993 0.993 0.972 1.000 0.991
198 0.994 0.995 0.994 0.991 0.988 0.976 0.961 0.963 0.981 0.957 0.995 0.989 0.980 0.993 0.993 0.976 1.000 0.985
199 0.994 0.995 0.994 0.989 0.986 0.976 0.958 0.960 0.979 0.952 0.997 0.989 0.979 0.993 0.992 0.974 1.000 0.991
200 0.994 0.995 0.995 0.993 0.991 0.988 0.975 0.985 0.991 0.986 0.992 0.988 0.988 0.994 0.993 0.989 1.000 0.996
201 0.994 0.998 0.998 1.000 0.997 0.997 0.922 0.973 0.980 0.983 0.996 0.975 0.997 0.996 0.995 0.986 0.996 0.838
202 0.994 0.995 0.992 0.987 0.978 0.966 0.926 0.935 0.972 0.923 0.990 0.985 0.971 0.991 0.991 0.962 1.000 0.993
203 0.994 0.995 0.994 0.989 0.985 0.975 0.948 0.953 0.974 0.937 0.995 0.988 0.977 0.993 0.993 0.969 1.000 0.991
204 0.995 0.997 0.997 0.999 0.996 0.986 0.936 0.976 0.988 0.986 0.990 0.987 0.986 0.997 0.996 0.986 1.000 0.953
205 0.995 0.969 0.978 0.917 0.868 0.685 0.638 0.718 0.816 0.697 0.870 0.918 0.689 0.943 0.904 0.927 0.878 1.000
206 0.995 0.998 0.992 0.976 0.980 0.941 0.912 0.948 0.985 0.947 0.956 0.960 0.938 0.991 1.000 0.986 0.996 0.975
207 0.995 1.000 0.922 0.906 0.920 0.854 0.826 0.865 0.810 0.783 0.901 0.917 0.854 0.916 0.914 0.820 0.890 0.786
208 0.995 0.999 0.998 1.000 0.997 0.994 0.910 0.969 0.982 0.984 0.991 0.983 0.992 0.998 0.997 0.990 0.996 0.707
209 0.995 0.995 0.995 0.990 0.994 0.992 0.979 0.990 0.993 0.993 1.000 0.986 0.992 0.994 0.994 0.992 0.994 0.964
210 0.995 0.995 0.994 0.989 0.988 0.979 0.961 0.963 0.981 0.954 0.997 0.988 0.981 0.993 0.992 0.975 1.000 0.992
211 0.995 0.995 0.993 0.987 0.980 0.973 0.948 0.949 0.973 0.939 0.994 0.986 0.976 0.991 0.991 0.969 1.000 0.983
212 0.995 0.996 0.994 0.991 0.989 0.978 0.963 0.965 0.979 0.958 0.999 0.989 0.982 0.993 0.993 0.977 1.000 0.993
213 0.995 0.995 0.995 0.994 0.994 0.993 0.988 0.992 0.993 0.993 1.000 0.992 0.993 0.995 0.993 0.993 0.994 0.985
214 0.995 0.982 0.982 0.993 0.989 0.973 0.967 0.978 0.998 0.983 1.000 0.984 0.973 0.978 0.999 0.994 0.988 0.984
215 0.995 0.995 0.995 0.995 0.994 0.993 0.988 0.992 0.993 0.993 1.000 0.993 0.993 0.995 0.994 0.993 0.994 0.981
216 0.995 0.998 0.998 0.996 0.984 0.963 0.881 0.942 0.952 0.914 0.988 0.989 0.974 1.000 0.998 0.997 0.995 0.927
217 0.995 0.998 0.998 1.000 1.000 0.995 0.932 0.974 0.975 0.976 0.999 0.978 0.996 0.996 0.995 0.983 0.994 0.735
218 0.995 0.995 0.995 0.995 0.995 0.994 0.988 0.992 0.994 0.993 1.000 0.993 0.994 0.995 0.994 0.993 0.994 0.983
219 0.995 0.995 0.995 0.995 0.995 0.994 0.988 0.993 0.994 0.993 1.000 0.993 0.994 0.995 0.994 0.993 0.994 0.981
220 0.995 0.996 0.995 0.991 0.990 0.978 0.964 0.965 0.978 0.959 0.997 0.990 0.983 0.994 0.993 0.977 1.000 0.991
221 0.995 1.000 0.999 0.996 0.999 0.951 0.915 0.960 0.979 0.963 0.958 0.993 0.958 0.996 0.989 0.996 0.981 0.911
222 0.995 0.998 0.998 1.000 1.000 0.996 0.933 0.974 0.975 0.976 0.997 0.978 0.996 0.996 0.995 0.983 0.994 0.829
223 0.995 0.996 0.994 0.990 0.990 0.976 0.966 0.968 0.977 0.963 0.997 0.990 0.982 0.994 0.993 0.978 1.000 0.992
224 0.995 0.996 0.995 0.992 0.990 0.977 0.968 0.970 0.980 0.966 0.998 0.990 0.983 0.994 0.993 0.980 1.000 0.990
225 0.995 0.996 0.995 0.995 0.995 0.994 0.988 0.993 0.994 0.994 1.000 0.993 0.994 0.995 0.994 0.994 0.995 0.982
226 0.995 0.996 0.996 1.000 0.999 0.987 0.902 0.955 0.990 0.951 0.989 0.981 0.995 0.996 0.996 0.995 1.000 0.810
227 0.995 0.996 0.996 0.995 0.995 0.992 0.970 0.989 0.994 0.993 0.996 0.971 0.992 0.995 0.996 0.993 1.000 0.917
228 0.995 0.996 0.995 0.988 0.988 0.972 0.945 0.972 0.988 0.969 0.985 0.987 0.977 0.991 0.992 0.977 0.992 1.000
229 0.996 1.000 0.999 1.000 0.993 0.986 0.913 0.964 0.965 0.969 0.992 0.978 0.986 0.998 0.997 0.979 0.997 0.839
230 0.996 1.000 0.990 0.987 0.985 0.967 0.951 0.968 0.971 0.964 0.978 0.974 0.968 0.990 0.988 0.977 0.982 0.949
231 0.996 0.995 0.994 0.888 0.984 0.953 0.892 0.955 0.959 0.956 1.000 0.991 0.949 0.990 0.996 0.962 0.985 0.947
232 0.996 0.996 0.995 0.993 0.993 0.977 0.969 0.973 0.980 0.971 0.995 0.991 0.981 0.994 0.993 0.978 1.000 0.989
233 0.996 0.997 0.995 0.992 0.990 0.977 0.968 0.971 0.977 0.967 1.000 0.990 0.983 0.994 0.993 0.980 0.999 0.992
234 0.996 0.998 0.995 1.000 0.990 0.964 0.898 0.948 0.959 0.930 0.986 0.989 0.969 0.995 0.997 0.969 0.985 0.885
235 0.996 0.997 0.995 0.991 0.991 0.974 0.966 0.968 0.980 0.964 0.998 0.990 0.981 0.994 0.993 0.976 1.000 0.985
236 0.996 0.997 0.995 0.989 0.988 0.982 0.968 0.968 0.983 0.963 0.999 0.989 0.985 0.993 0.992 0.978 1.000 0.993
237 0.996 1.000 0.999 0.999 0.955 0.884 0.841 0.893 0.927 0.903 0.889 0.987 0.885 0.999 0.998 0.953 0.981 0.940
238 0.996 0.996 0.996 0.996 0.995 0.995 0.989 0.994 0.995 0.994 1.000 0.994 0.995 0.996 0.995 0.994 0.995 0.982
239 0.996 0.999 0.998 1.000 0.996 0.995 0.930 0.973 0.974 0.976 0.996 0.978 0.996 0.997 0.995 0.982 0.994 0.822
240 0.996 0.997 0.996 0.993 0.993 0.978 0.971 0.975 0.979 0.973 0.997 0.992 0.982 0.995 0.994 0.979 1.000 0.985
241 0.996 0.997 0.996 0.994 0.993 0.979 0.971 0.975 0.981 0.973 1.000 0.992 0.984 0.995 0.994 0.980 1.000 0.990
242 0.996 1.000 0.999 0.994 0.998 0.966 0.951 0.971 0.972 0.965 0.973 0.982 0.967 0.996 0.990 0.973 0.987 0.932
243 0.996 0.999 0.998 0.997 0.991 0.975 0.896 0.952 0.965 0.936 0.992 0.988 0.981 1.000 0.999 0.997 0.996 0.924
244 0.996 0.998 0.997 1.000 0.983 0.905 0.849 0.915 0.939 0.874 0.945 0.984 0.917 0.999 0.985 0.993 0.979 0.927
245 0.996 0.997 0.997 0.993 0.992 0.988 0.974 0.981 0.983 0.980 1.000 0.991 0.989 0.995 0.994 0.981 0.998 0.985
246 0.996 0.999 0.999 1.000 0.980 0.931 0.809 0.904 0.942 0.881 0.955 0.990 0.971 1.000 0.999 0.993 0.995 0.876
247 0.997 0.997 0.997 0.995 0.996 0.994 0.988 0.993 0.994 0.994 1.000 0.994 0.994 0.996 0.995 0.994 0.994 0.979
248 0.997 1.000 0.991 0.994 0.984 0.967 0.938 0.956 0.965 0.951 0.984 0.988 0.976 0.994 0.999 0.985 1.000 0.986
249 0.997 0.997 0.997 0.996 0.996 0.995 0.978 0.991 0.996 0.994 0.996 0.992 0.995 0.996 0.996 0.995 1.000 0.994
250 0.997 1.000 0.997 0.979 0.990 0.945 0.909 0.946 0.958 0.945 0.957 0.971 0.944 0.991 0.991 0.959 0.978 0.959
251 0.997 0.997 0.996 0.993 0.993 0.979 0.971 0.974 0.979 0.971 0.997 0.991 0.984 0.995 0.994 0.980 1.000 0.991
252 0.997 0.998 0.998 0.999 0.998 0.995 0.974 0.989 0.998 0.990 0.995 0.974 0.995 0.998 0.999 0.997 1.000 0.472
253 0.997 0.997 0.997 0.986 0.974 0.948 0.921 0.948 0.948 0.946 0.957 0.980 0.947 0.997 1.000 0.983 0.995 0.962
254 0.997 1.000 0.997 0.992 0.997 0.962 0.946 0.967 0.969 0.960 0.970 0.980 0.962 0.994 0.989 0.971 0.987 0.954
255 0.997 0.997 1.000 0.998 0.999 0.939 0.833 0.932 0.964 0.939 0.959 0.994 0.946 0.997 0.996 0.985 0.987 0.996
256 0.997 1.000 0.996 0.998 0.997 0.986 0.945 0.966 0.950 0.953 0.999 0.987 0.986 0.994 0.990 0.966 0.984 0.873
257 0.997 1.000 0.990 0.960 0.990 0.645 0.598 0.710 0.769 0.666 0.920 0.978 0.686 0.980 0.991 0.901 0.953 0.903
258 0.997 0.998 0.996 0.992 0.994 0.982 0.975 0.976 0.981 0.973 0.999 0.992 0.987 0.995 0.994 0.983 1.000 0.994
259 0.997 0.998 0.995 0.990 0.990 0.980 0.967 0.968 0.980 0.962 1.000 0.990 0.984 0.994 0.992 0.978 1.000 0.994
260 0.997 0.998 0.998 0.999 0.998 0.984 0.914 0.966 0.991 0.970 0.990 0.966 0.992 0.997 1.000 0.993 0.997 0.742
261 0.998 0.995 0.986 0.998 0.978 0.959 0.935 0.945 0.941 0.910 1.000 0.994 0.968 0.987 0.990 0.840 0.994 0.697
262 0.998 0.999 0.998 0.993 0.988 0.970 0.944 0.965 0.989 0.968 0.985 0.980 0.971 0.997 1.000 0.971 1.000 0.974
263 0.998 1.000 0.995 0.989 0.997 0.963 0.946 0.970 0.967 0.960 0.970 0.978 0.964 0.993 0.986 0.967 0.985 0.966
264 0.998 1.000 0.999 0.970 0.972 0.965 0.931 0.965 0.971 0.970 0.973 0.961 0.971 0.972 0.975 0.994 0.972 0.997
265 0.998 1.000 0.995 0.986 0.994 0.953 0.932 0.958 0.959 0.949 0.963 0.972 0.953 0.991 0.986 0.955 0.984 0.959
266 0.998 0.999 1.000 0.995 0.997 0.985 0.937 0.981 0.990 0.986 0.990 0.984 0.985 0.999 1.000 0.991 0.997 0.910
267 0.998 1.000 1.000 0.999 0.998 0.998 0.984 0.992 0.993 0.985 1.000 0.998 0.999 1.000 1.000 0.999 0.998 0.985
268 0.998 0.997 0.997 0.994 0.954 0.883 0.834 0.909 0.927 0.905 0.893 0.975 0.953 1.000 0.986 0.977 0.926 0.789
269 0.998 0.979 1.000 0.930 0.912 0.773 0.733 0.776 0.791 0.776 0.828 0.961 0.771 0.932 0.902 0.957 0.810 0.855
270 0.998 0.999 0.999 0.996 0.996 0.993 0.978 0.988 0.997 0.990 0.995 0.990 0.994 0.997 0.997 0.993 1.000 0.999
271 0.998 0.996 0.996 0.992 0.993 0.953 0.923 0.969 0.982 0.963 0.981 0.980 0.949 0.992 0.993 0.976 0.988 1.000
272 0.998 0.995 0.997 1.000 0.969 0.827 0.802 0.878 0.886 0.856 0.836 0.981 0.863 0.998 0.942 0.969 0.861 0.914
273 0.998 1.000 1.000 0.997 1.000 0.982 0.962 0.982 0.984 0.983 0.997 0.990 0.981 0.999 0.996 0.991 0.998 0.983
274 0.998 1.000 0.991 0.988 0.987 0.954 0.922 0.948 0.981 0.955 0.960 0.950 0.957 0.987 0.984 0.959 0.994 0.929
275 0.998 1.000 0.999 0.989 0.986 0.972 0.939 0.968 0.978 0.968 0.980 0.983 0.972 0.997 1.000 0.986 0.999 0.987
276 0.998 0.999 0.999 0.997 0.990 0.909 0.865 0.912 0.962 0.899 0.960 0.988 0.921 0.999 1.000 0.986 0.995 0.932
277 0.998 0.999 0.999 0.999 0.999 0.997 0.976 0.989 0.993 0.976 1.000 0.999 0.999 1.000 0.999 0.999 0.999 0.959
278 0.998 1.000 0.996 0.998 0.995 0.981 0.949 0.981 0.992 0.987 0.984 0.985 0.981 0.995 0.994 0.993 0.993 0.957
279 0.998 1.000 1.000 0.999 0.999 0.998 0.985 0.992 0.992 0.988 1.000 0.999 0.999 1.000 1.000 0.999 0.997 0.984
280 0.998 1.000 1.000 1.000 0.999 0.997 0.967 0.996 0.999 0.999 0.998 0.975 0.998 0.999 0.998 0.998 0.996 0.838
281 0.999 1.000 0.996 0.983 0.974 0.937 0.865 0.865 0.987 0.861 0.995 0.985 0.973 0.994 0.995 0.972 0.979 0.989
282 0.999 1.000 0.992 0.984 0.976 0.956 0.914 0.944 0.970 0.948 0.967 0.970 0.960 0.991 0.995 0.968 0.997 0.955
283 0.999 0.999 0.999 0.995 0.992 0.988 0.952 0.978 0.995 0.983 0.994 0.991 0.990 0.998 1.000 0.995 0.998 0.972
284 0.999 1.000 1.000 0.997 0.997 0.967 0.948 0.976 0.973 0.971 0.992 0.992 0.968 0.999 0.998 0.978 0.997 0.986
285 0.999 1.000 0.994 0.994 0.948 0.871 0.800 0.864 0.927 0.847 0.946 0.988 0.896 0.996 0.997 0.984 0.985 0.908
286 0.999 1.000 0.995 0.989 0.987 0.985 0.960 0.965 0.985 0.972 0.988 0.984 0.987 0.993 0.995 0.991 0.998 0.983
287 0.999 0.999 0.999 1.000 1.000 0.997 0.978 0.993 0.999 0.996 1.000 0.981 0.998 0.998 0.998 0.999 1.000 0.946
288 0.999 0.998 0.992 0.991 0.972 0.899 0.835 0.895 0.910 0.852 0.931 0.981 0.909 0.997 1.000 0.968 0.985 0.925
289 0.999 1.000 1.000 0.993 0.997 0.958 0.934 0.972 0.964 0.964 0.984 0.981 0.957 0.996 0.996 0.980 0.992 0.985
290 0.999 0.999 1.000 0.983 0.990 0.885 0.703 0.880 0.947 0.860 0.916 0.991 0.899 0.994 0.994 0.887 0.964 0.976
291 0.999 0.999 0.999 0.991 0.968 0.932 0.883 0.925 0.937 0.890 0.962 0.977 0.944 0.999 1.000 0.990 0.997 0.895
292 0.999 1.000 1.000 0.999 0.999 0.998 0.985 0.992 0.990 0.991 1.000 0.999 0.999 1.000 1.000 0.999 0.996 0.982
293 0.999 1.000 0.893 0.890 0.889 0.814 0.761 0.806 0.856 0.811 0.837 0.885 0.809 0.907 0.901 0.746 0.848 0.562
294 0.999 1.000 0.991 0.958 0.959 0.811 0.721 0.803 0.866 0.824 0.832 0.972 0.822 0.963 0.957 0.926 0.952 0.951
295 0.999 1.000 0.993 0.994 0.951 0.877 0.804 0.869 0.931 0.852 0.952 0.988 0.905 0.996 0.997 0.985 0.986 0.559
296 0.999 1.000 0.998 0.990 0.972 0.942 0.871 0.924 0.991 0.928 0.995 0.988 0.974 0.997 0.998 0.991 0.996 0.981
297 0.999 0.997 0.993 0.989 0.976 0.935 0.953 0.950 0.935 0.946 1.000 0.992 0.948 0.990 0.996 0.932 0.990 0.964
298 1.000 1.000 0.990 0.982 0.932 0.776 0.703 0.801 0.874 0.811 0.930 0.974 0.771 0.992 0.985 0.979 0.947 0.923
299 1.000 1.000 1.000 0.999 0.999 0.997 0.983 0.997 1.000 0.999 1.000 0.962 0.998 1.000 1.000 0.998 0.998 0.829
300 1.000 0.998 0.993 0.994 0.932 0.815 0.784 0.792 0.831 0.812 0.921 0.998 0.812 1.000 1.000 0.906 0.971 0.680
301 1.000 1.000 1.000 0.998 0.998 0.982 0.955 0.983 0.991 0.985 0.987 0.986 0.990 0.999 1.000 0.998 0.992 0.975
302 1.000 1.000 1.000 1.000 0.999 0.998 0.990 0.997 1.000 0.999 0.999 0.998 0.999 1.000 1.000 1.000 0.999 0.996
303 1.000 1.000 1.000 1.000 0.999 0.998 0.990 0.997 1.000 0.999 0.999 0.998 0.999 1.000 1.000 1.000 0.999 0.996
304 1.000 1.000 1.000 1.000 0.999 0.998 0.990 0.997 1.000 0.999 0.999 0.998 0.999 1.000 1.000 1.000 0.999 0.996
305 1.000 1.000 1.000 1.000 0.999 0.998 0.990 0.997 1.000 0.999 0.999 0.998 0.999 1.000 1.000 1.000 0.999 0.996
306 1.000 1.000 1.000 1.000 0.999 0.997 0.988 0.996 0.999 0.998 0.998 0.998 0.998 1.000 1.000 1.000 0.999 0.996
307 1.000 1.000 1.000 1.000 0.999 0.998 0.990 0.997 1.000 0.999 0.999 0.998 0.999 1.000 1.000 1.000 0.999 0.996
308 1.000 1.000 1.000 1.000 0.999 0.998 0.990 0.997 1.000 0.999 0.999 0.998 0.999 1.000 1.000 1.000 0.999 0.996
309 1.000 1.000 1.000 1.000 0.999 0.998 0.990 0.997 1.000 0.999 0.999 0.998 0.999 1.000 1.000 1.000 0.999 0.997
310 1.000 1.000 1.000 1.000 1.000 1.000 1.000 1.000 1.000 1.000 1.000 1.000 1.000 1.000 1.000 1.000 1.000 1.000
311 1.000 1.000 1.000 1.000 1.000 1.000 1.000 1.000 1.000 1.000 1.000 1.000 1.000 1.000 1.000 1.000 1.000 1.000
312 1.000 1.000 1.000 1.000 1.000 1.000 1.000 1.000 1.000 1.000 1.000 1.000 1.000 1.000 1.000 1.000 1.000 1.000
313 1.000 1.000 1.000 1.000 1.000 1.000 1.000 1.000 1.000 1.000 1.000 1.000 1.000 1.000 1.000 1.000 1.000 1.000
314 1.000 1.000 1.000 1.000 1.000 1.000 1.000 1.000 1.000 1.000 1.000 1.000 1.000 1.000 1.000 1.000 1.000 1.000
315 1.000 1.000 1.000 1.000 1.000 1.000 1.000 1.000 1.000 1.000 1.000 1.000 1.000 1.000 1.000 1.000 1.000 1.000
316 1.000 1.000 1.000 1.000 1.000 1.000 1.000 1.000 1.000 1.000 1.000 1.000 1.000 1.000 1.000 1.000 1.000 1.000
317 1.000 1.000 1.000 1.000 1.000 1.000 1.000 1.000 1.000 1.000 1.000 1.000 1.000 1.000 1.000 1.000 1.000 1.000
318 1.000 1.000 1.000 1.000 1.000 1.000 1.000 1.000 1.000 1.000 1.000 1.000 1.000 1.000 1.000 1.000 1.000 1.000
319 1.000 1.000 1.000 1.000 1.000 1.000 1.000 1.000 1.000 1.000 1.000 1.000 1.000 1.000 1.000 1.000 1.000 1.000
320 1.000 1.000 1.000 1.000 1.000 1.000 1.000 1.000 1.000 1.000 1.000 1.000 1.000 1.000 1.000 1.000 1.000 1.000
321 1.000 1.000 1.000 1.000 1.000 1.000 1.000 1.000 1.000 1.000 1.000 1.000 1.000 1.000 1.000 1.000 1.000 1.000
322 1.000 1.000 1.000 1.000 1.000 1.000 1.000 1.000 1.000 1.000 1.000 1.000 1.000 1.000 1.000 1.000 1.000 1.000
323 1.000 1.000 1.000 1.000 1.000 1.000 1.000 1.000 1.000 1.000 1.000 1.000 1.000 1.000 1.000 1.000 1.000 1.000
324 1.000 1.000 1.000 1.000 1.000 1.000 1.000 1.000 1.000 1.000 1.000 1.000 1.000 1.000 1.000 1.000 1.000 1.000
325 1.000 1.000 1.000 1.000 1.000 1.000 1.000 1.000 1.000 1.000 1.000 1.000 1.000 1.000 1.000 1.000 1.000 1.000
326 1.000 1.000 1.000 1.000 1.000 1.000 1.000 1.000 1.000 1.000 1.000 1.000 1.000 1.000 1.000 1.000 1.000 1.000
327 1.000 1.000 1.000 1.000 1.000 1.000 1.000 1.000 1.000 1.000 1.000 1.000 1.000 1.000 1.000 1.000 1.000 1.000
328 1.000 1.000 1.000 0.998 0.999 0.996 0.973 0.997 0.998 0.998 1.000 0.971 0.997 0.999 0.999 0.999 0.999 0.981
329 1.000 0.993 0.974 0.985 0.976 0.904 0.765 0.813 0.921 0.705 0.976 0.989 0.941 0.976 0.978 0.861 0.946 0.998
330 1.000 1.000 1.000 1.000 1.000 1.000 1.000 1.000 1.000 1.000 1.000 1.000 1.000 1.000 1.000 1.000 1.000 1.000
331 1.000 1.000 1.000 1.000 1.000 1.000 1.000 1.000 1.000 1.000 1.000 1.000 1.000 1.000 1.000 1.000 1.000 1.000
332 1.000 1.000 1.000 1.000 1.000 1.000 1.000 1.000 1.000 1.000 1.000 1.000 1.000 1.000 1.000 1.000 1.000 1.000
333 1.000 1.000 1.000 1.000 1.000 1.000 1.000 1.000 1.000 1.000 1.000 1.000 1.000 1.000 1.000 1.000 1.000 1.000
334 1.000 1.000 1.000 1.000 1.000 1.000 1.000 1.000 1.000 1.000 1.000 1.000 1.000 1.000 1.000 1.000 1.000 1.000
335 1.000 1.000 1.000 1.000 1.000 1.000 1.000 1.000 1.000 1.000 1.000 1.000 1.000 1.000 1.000 1.000 1.000 1.000
336 1.000 1.000 1.000 1.000 1.000 1.000 1.000 1.000 1.000 1.000 1.000 1.000 1.000 1.000 1.000 1.000 1.000 1.000
337 1.000 1.000 1.000 1.000 1.000 1.000 1.000 1.000 1.000 1.000 1.000 1.000 1.000 1.000 1.000 1.000 1.000 1.000
338 1.000 1.000 1.000 1.000 1.000 1.000 1.000 1.000 1.000 1.000 1.000 1.000 1.000 1.000 1.000 1.000 1.000 1.000
339 1.000 1.000 1.000 1.000 1.000 1.000 1.000 1.000 1.000 1.000 1.000 1.000 1.000 1.000 1.000 1.000 1.000 1.000
340 1.000 1.000 1.000 1.000 1.000 1.000 1.000 1.000 1.000 1.000 1.000 1.000 1.000 1.000 1.000 1.000 1.000 1.000
341 1.000 1.000 1.000 1.000 1.000 1.000 1.000 1.000 1.000 1.000 1.000 1.000 1.000 1.000 1.000 1.000 1.000 1.000
342 1.000 1.000 1.000 1.000 1.000 1.000 1.000 1.000 1.000 1.000 1.000 1.000 1.000 1.000 1.000 1.000 1.000 1.000
343 1.000 1.000 1.000 1.000 1.000 1.000 1.000 1.000 1.000 1.000 1.000 1.000 1.000 1.000 1.000 1.000 1.000 1.000
344 1.000 1.000 1.000 1.000 1.000 1.000 1.000 1.000 1.000 1.000 1.000 1.000 1.000 1.000 1.000 1.000 1.000 1.000
345 1.000 1.000 1.000 1.000 1.000 1.000 1.000 1.000 1.000 1.000 1.000 1.000 1.000 1.000 1.000 1.000 1.000 1.000
346 1.000 1.000 1.000 1.000 1.000 1.000 1.000 1.000 1.000 1.000 1.000 1.000 1.000 1.000 1.000 1.000 1.000 1.000
347 1.000 1.000 1.000 1.000 1.000 1.000 1.000 1.000 1.000 1.000 1.000 1.000 1.000 1.000 1.000 1.000 1.000 1.000
348 1.000 1.000 1.000 1.000 1.000 1.000 1.000 1.000 1.000 1.000 1.000 1.000 1.000 1.000 1.000 1.000 1.000 1.000
349 1.000 1.000 1.000 1.000 1.000 1.000 1.000 1.000 1.000 1.000 1.000 1.000 1.000 1.000 1.000 1.000 1.000 1.000
350 1.000 1.000 1.000 1.000 1.000 1.000 1.000 1.000 1.000 1.000 1.000 1.000 1.000 1.000 1.000 1.000 1.000 1.000
351 1.000 1.000 1.000 1.000 1.000 1.000 1.000 1.000 1.000 1.000 1.000 1.000 1.000 1.000 1.000 1.000 1.000 1.000
352 1.000 1.000 1.000 1.000 1.000 1.000 1.000 1.000 1.000 1.000 1.000 1.000 1.000 1.000 1.000 1.000 1.000 1.000
353 1.000 1.000 1.000 1.000 1.000 1.000 1.000 1.000 1.000 1.000 1.000 1.000 1.000 1.000 1.000 1.000 1.000 1.000
354 1.000 1.000 1.000 1.000 1.000 1.000 1.000 1.000 1.000 1.000 1.000 1.000 1.000 1.000 1.000 1.000 1.000 1.000
355 1.000 0.995 0.994 0.961 0.957 0.949 0.920 0.946 0.953 0.956 0.956 0.994 0.949 0.960 0.958 0.991 0.952 0.979
356 1.000 1.000 1.000 1.000 1.000 1.000 1.000 1.000 1.000 1.000 1.000 1.000 1.000 1.000 1.000 1.000 1.000 1.000
357 1.000 1.000 1.000 1.000 1.000 1.000 1.000 1.000 1.000 1.000 1.000 1.000 1.000 1.000 1.000 1.000 1.000 1.000
358 1.000 1.000 1.000 1.000 1.000 1.000 1.000 1.000 1.000 1.000 1.000 1.000 1.000 1.000 1.000 1.000 1.000 1.000
359 1.000 1.000 1.000 1.000 1.000 1.000 1.000 1.000 1.000 1.000 1.000 1.000 1.000 1.000 1.000 1.000 1.000 1.000
360 1.000 1.000 1.000 1.000 1.000 1.000 1.000 1.000 1.000 1.000 1.000 1.000 1.000 1.000 1.000 1.000 1.000 1.000
361 1.000 1.000 1.000 1.000 1.000 1.000 1.000 1.000 1.000 1.000 1.000 1.000 1.000 1.000 1.000 1.000 1.000 1.000
362 1.000 1.000 1.000 1.000 1.000 1.000 1.000 1.000 1.000 1.000 1.000 1.000 1.000 1.000 1.000 1.000 1.000 1.000
363 1.000 1.000 1.000 1.000 1.000 1.000 1.000 1.000 1.000 1.000 1.000 1.000 1.000 1.000 1.000 1.000 1.000 1.000
364 1.000 1.000 1.000 1.000 1.000 1.000 1.000 1.000 1.000 1.000 1.000 1.000 1.000 1.000 1.000 1.000 1.000 1.000
365 1.000 1.000 1.000 1.000 1.000 1.000 1.000 1.000 1.000 1.000 1.000 1.000 1.000 1.000 1.000 1.000 1.000 1.000
366 1.000 1.000 1.000 1.000 1.000 1.000 1.000 1.000 1.000 1.000 1.000 1.000 1.000 1.000 1.000 1.000 1.000 1.000
367 1.000 1.000 1.000 1.000 1.000 1.000 1.000 1.000 1.000 1.000 1.000 1.000 1.000 1.000 1.000 1.000 1.000 1.000
368 1.000 1.000 1.000 1.000 1.000 1.000 1.000 1.000 1.000 1.000 1.000 1.000 1.000 1.000 1.000 1.000 1.000 1.000
369 1.000 1.000 1.000 1.000 1.000 1.000 1.000 1.000 1.000 1.000 1.000 1.000 1.000 1.000 1.000 1.000 1.000 1.000
370 1.000 1.000 1.000 1.000 1.000 1.000 1.000 1.000 1.000 1.000 1.000 1.000 1.000 1.000 1.000 1.000 1.000 1.000
371 1.000 1.000 1.000 1.000 1.000 1.000 1.000 1.000 1.000 1.000 1.000 1.000 1.000 1.000 1.000 1.000 1.000 1.000
372 1.000 1.000 1.000 1.000 1.000 1.000 1.000 1.000 1.000 1.000 1.000 1.000 1.000 1.000 1.000 1.000 1.000 1.000
373 1.000 1.000 1.000 1.000 1.000 1.000 1.000 1.000 1.000 1.000 1.000 1.000 1.000 1.000 1.000 1.000 1.000 1.000
374 1.000 1.000 1.000 1.000 1.000 1.000 1.000 1.000 1.000 1.000 1.000 1.000 1.000 1.000 1.000 1.000 1.000 1.000
375 1.000 1.000 1.000 1.000 1.000 1.000 1.000 1.000 1.000 1.000 1.000 1.000 1.000 1.000 1.000 1.000 1.000 1.000
376 1.000 1.000 1.000 1.000 1.000 1.000 1.000 1.000 1.000 1.000 1.000 1.000 1.000 1.000 1.000 1.000 1.000 1.000
377 1.000 1.000 1.000 1.000 1.000 1.000 1.000 1.000 1.000 1.000 1.000 1.000 1.000 1.000 1.000 1.000 1.000 1.000
378 1.000 1.000 1.000 1.000 1.000 1.000 1.000 1.000 1.000 1.000 1.000 1.000 1.000 1.000 1.000 1.000 1.000 1.000
379 1.000 1.000 1.000 1.000 1.000 1.000 1.000 1.000 1.000 1.000 1.000 1.000 1.000 1.000 1.000 1.000 1.000 1.000
380 1.000 1.000 1.000 1.000 1.000 1.000 1.000 1.000 1.000 1.000 1.000 1.000 1.000 1.000 1.000 1.000 1.000 1.000
381 1.000 1.000 1.000 1.000 1.000 1.000 1.000 1.000 1.000 1.000 1.000 1.000 1.000 1.000 1.000 1.000 1.000 1.000
382 1.000 1.000 1.000 1.000 1.000 1.000 1.000 1.000 1.000 1.000 1.000 1.000 1.000 1.000 1.000 1.000 1.000 1.000
383 1.000 1.000 1.000 1.000 1.000 1.000 1.000 1.000 1.000 1.000 1.000 1.000 1.000 1.000 1.000 1.000 1.000 1.000
384 1.000 1.000 1.000 1.000 1.000 1.000 1.000 1.000 1.000 1.000 1.000 1.000 1.000 1.000 1.000 1.000 1.000 1.000
385 1.000 1.000 1.000 1.000 1.000 1.000 1.000 1.000 1.000 1.000 1.000 1.000 1.000 1.000 1.000 1.000 1.000 1.000
386 1.000 1.000 1.000 1.000 1.000 1.000 1.000 1.000 1.000 1.000 1.000 1.000 1.000 1.000 1.000 1.000 1.000 1.000
387 1.000 1.000 1.000 1.000 1.000 1.000 1.000 1.000 1.000 1.000 1.000 1.000 1.000 1.000 1.000 1.000 1.000 1.000
388 1.000 0.992 0.990 0.991 0.991 0.941 0.915 0.941 0.956 0.937 0.970 0.986 0.938 0.994 0.999 0.896 0.984 0.982
389 1.000 1.000 1.000 1.000 1.000 1.000 1.000 1.000 1.000 1.000 1.000 1.000 1.000 1.000 1.000 1.000 1.000 1.000
390 1.000 1.000 1.000 1.000 1.000 1.000 1.000 1.000 1.000 1.000 1.000 1.000 1.000 1.000 1.000 1.000 1.000 1.000
391 1.000 1.000 1.000 1.000 1.000 1.000 1.000 1.000 1.000 1.000 1.000 1.000 1.000 1.000 1.000 1.000 1.000 1.000
392 1.000 1.000 1.000 1.000 1.000 1.000 1.000 1.000 1.000 1.000 1.000 1.000 1.000 1.000 1.000 1.000 1.000 1.000
393 1.000 1.000 1.000 1.000 1.000 1.000 1.000 1.000 1.000 1.000 1.000 1.000 1.000 1.000 1.000 1.000 1.000 1.000
394 1.000 1.000 1.000 1.000 1.000 1.000 1.000 1.000 1.000 1.000 1.000 1.000 1.000 1.000 1.000 1.000 1.000 1.000
395 1.000 1.000 1.000 1.000 1.000 1.000 1.000 1.000 1.000 1.000 1.000 1.000 1.000 1.000 1.000 1.000 1.000 1.000
396 1.000 1.000 1.000 1.000 1.000 1.000 1.000 1.000 1.000 1.000 1.000 1.000 1.000 1.000 1.000 1.000 1.000 1.000
397 1.000 0.994 0.941 0.953 0.970 0.893 0.779 0.866 0.928 0.845 0.969 0.974 0.928 0.938 0.942 0.935 0.910 0.982
398 1.000 1.000 1.000 1.000 1.000 1.000 1.000 1.000 1.000 1.000 1.000 1.000 1.000 1.000 1.000 1.000 1.000 1.000
399 1.000 1.000 1.000 1.000 1.000 1.000 1.000 1.000 1.000 1.000 1.000 1.000 1.000 1.000 1.000 1.000 1.000 1.000
400 1.000 1.000 1.000 1.000 1.000 1.000 1.000 1.000 1.000 1.000 1.000 1.000 1.000 1.000 1.000 1.000 1.000 1.000
401 1.000 1.000 1.000 1.000 1.000 1.000 1.000 1.000 1.000 1.000 1.000 1.000 1.000 1.000 1.000 1.000 1.000 1.000
402 1.000 1.000 1.000 1.000 1.000 1.000 1.000 1.000 1.000 1.000 1.000 1.000 1.000 1.000 1.000 1.000 1.000 1.000
403 1.000 1.000 1.000 1.000 1.000 1.000 1.000 1.000 1.000 1.000 1.000 1.000 1.000 1.000 1.000 1.000 1.000 1.000
404 1.000 1.000 1.000 1.000 1.000 1.000 1.000 1.000 1.000 1.000 1.000 1.000 1.000 1.000 1.000 1.000 1.000 1.000
405 1.000 1.000 1.000 1.000 1.000 1.000 1.000 1.000 1.000 1.000 1.000 1.000 1.000 1.000 1.000 1.000 1.000 1.000
406 1.000 1.000 1.000 1.000 1.000 1.000 1.000 1.000 1.000 1.000 1.000 1.000 1.000 1.000 1.000 1.000 1.000 1.000
407 1.000 1.000 1.000 1.000 1.000 1.000 1.000 1.000 1.000 1.000 1.000 1.000 1.000 1.000 1.000 1.000 1.000 1.000
408 1.000 1.000 1.000 1.000 1.000 1.000 1.000 1.000 1.000 1.000 1.000 1.000 1.000 1.000 1.000 1.000 1.000 1.000
409 1.000 0.999 1.000 0.998 0.998 0.992 0.971 0.996 0.997 0.995 0.995 0.966 0.991 0.999 1.000 0.997 0.999 0.914
410 1.000 1.000 1.000 1.000 1.000 1.000 1.000 1.000 1.000 1.000 1.000 1.000 1.000 1.000 1.000 1.000 1.000 1.000
411 1.000 1.000 1.000 1.000 1.000 1.000 1.000 1.000 1.000 1.000 1.000 1.000 1.000 1.000 1.000 1.000 1.000 1.000
412 1.000 1.000 1.000 1.000 1.000 1.000 1.000 1.000 1.000 1.000 1.000 1.000 1.000 1.000 1.000 1.000 1.000 1.000
413 1.000 1.000 1.000 1.000 1.000 1.000 1.000 1.000 1.000 1.000 1.000 1.000 1.000 1.000 1.000 1.000 1.000 1.000
414 1.000 1.000 1.000 1.000 1.000 1.000 1.000 1.000 1.000 1.000 1.000 1.000 1.000 1.000 1.000 1.000 1.000 1.000
415 1.000 1.000 1.000 1.000 1.000 1.000 1.000 1.000 1.000 1.000 1.000 1.000 1.000 1.000 1.000 1.000 1.000 1.000
416 1.000 1.000 1.000 0.996 0.996 0.986 0.973 0.983 0.989 0.986 0.991 0.994 0.986 0.999 0.999 0.994 0.999 0.988
417 1.000 1.000 1.000 1.000 1.000 1.000 1.000 1.000 1.000 1.000 1.000 1.000 1.000 1.000 1.000 1.000 1.000 1.000
418 1.000 1.000 1.000 1.000 1.000 1.000 1.000 1.000 1.000 1.000 1.000 1.000 1.000 1.000 1.000 1.000 1.000 1.000
419 1.000 1.000 1.000 1.000 1.000 1.000 1.000 1.000 1.000 1.000 1.000 1.000 1.000 1.000 1.000 1.000 1.000 1.000
420 1.000 1.000 1.000 1.000 1.000 1.000 1.000 1.000 1.000 1.000 1.000 1.000 1.000 1.000 1.000 1.000 1.000 1.000
421 1.000 1.000 1.000 1.000 1.000 1.000 1.000 1.000 1.000 1.000 1.000 1.000 1.000 1.000 1.000 1.000 1.000 1.000
422 1.000 1.000 1.000 1.000 1.000 1.000 1.000 1.000 1.000 1.000 1.000 1.000 1.000 1.000 1.000 1.000 1.000 1.000
423 1.000 1.000 1.000 1.000 1.000 1.000 1.000 1.000 1.000 1.000 1.000 1.000 1.000 1.000 1.000 1.000 1.000 1.000
424 1.000 1.000 1.000 1.000 1.000 1.000 1.000 1.000 1.000 1.000 1.000 1.000 1.000 1.000 1.000 1.000 1.000 1.000
425 1.000 1.000 1.000 1.000 1.000 1.000 1.000 1.000 1.000 1.000 1.000 1.000 1.000 1.000 1.000 1.000 1.000 1.000
426 1.000 0.993 0.877 0.863 0.916 0.532 0.451 0.679 0.698 0.541 0.815 0.975 0.551 0.881 0.886 0.537 0.754 0.950
427 1.000 0.989 0.993 0.988 0.989 0.970 0.925 0.969 0.985 0.974 0.977 0.945 0.973 0.987 0.986 0.977 0.988 0.850
428 1.000 0.975 0.951 0.995 0.997 0.719 0.666 0.714 0.714 0.643 0.889 1.000 0.736 0.954 0.957 0.758 0.875 0.979
429 1.000 1.000 1.000 1.000 1.000 1.000 1.000 1.000 1.000 1.000 1.000 1.000 1.000 1.000 1.000 1.000 1.000 1.000
430 1.000 1.000 1.000 1.000 1.000 1.000 1.000 1.000 1.000 1.000 1.000 1.000 1.000 1.000 1.000 1.000 1.000 1.000
431 1.000 1.000 1.000 1.000 1.000 1.000 1.000 1.000 1.000 1.000 1.000 1.000 1.000 1.000 1.000 1.000 1.000 1.000
432 1.000 1.000 1.000 1.000 1.000 1.000 1.000 1.000 1.000 1.000 1.000 1.000 1.000 1.000 1.000 1.000 1.000 1.000
433 1.000 1.000 1.000 1.000 1.000 1.000 1.000 1.000 1.000 1.000 1.000 1.000 1.000 1.000 1.000 1.000 1.000 1.000
434 1.000 1.000 1.000 1.000 1.000 1.000 1.000 1.000 1.000 1.000 1.000 1.000 1.000 1.000 1.000 1.000 1.000 1.000
435 1.000 1.000 1.000 1.000 1.000 1.000 1.000 1.000 1.000 1.000 1.000 1.000 1.000 1.000 1.000 1.000 1.000 1.000
436 1.000 1.000 1.000 1.000 1.000 1.000 1.000 1.000 1.000 1.000 1.000 1.000 1.000 1.000 1.000 1.000 1.000 1.000
437 1.000 1.000 1.000 1.000 1.000 1.000 1.000 1.000 1.000 1.000 1.000 1.000 1.000 1.000 1.000 1.000 1.000 1.000
438 1.000 1.000 1.000 1.000 1.000 1.000 1.000 1.000 1.000 1.000 1.000 1.000 1.000 1.000 1.000 1.000 1.000 1.000
439 1.000 1.000 1.000 1.000 1.000 1.000 1.000 1.000 1.000 1.000 1.000 1.000 1.000 1.000 1.000 1.000 1.000 1.000
440 1.000 1.000 1.000 1.000 1.000 1.000 1.000 1.000 1.000 1.000 1.000 1.000 1.000 1.000 1.000 1.000 1.000 1.000
441 1.000 1.000 1.000 1.000 1.000 1.000 1.000 1.000 1.000 1.000 1.000 1.000 1.000 1.000 1.000 1.000 1.000 1.000
442 1.000 1.000 1.000 1.000 1.000 1.000 1.000 1.000 1.000 1.000 1.000 1.000 1.000 1.000 1.000 1.000 1.000 1.000
443 1.000 1.000 1.000 1.000 1.000 1.000 1.000 1.000 1.000 1.000 1.000 1.000 1.000 1.000 1.000 1.000 1.000 1.000
444 1.000 1.000 1.000 1.000 1.000 1.000 1.000 1.000 1.000 1.000 1.000 1.000 1.000 1.000 1.000 1.000 1.000 1.000
445 1.000 1.000 1.000 1.000 1.000 1.000 1.000 1.000 1.000 1.000 1.000 1.000 1.000 1.000 1.000 1.000 1.000 1.000
446 1.000 1.000 1.000 1.000 1.000 1.000 1.000 1.000 1.000 1.000 1.000 1.000 1.000 1.000 1.000 1.000 1.000 1.000
447 1.000 1.000 1.000 1.000 1.000 1.000 1.000 1.000 1.000 1.000 1.000 1.000 1.000 1.000 1.000 1.000 1.000 1.000
448 1.000 1.000 1.000 1.000 1.000 1.000 1.000 1.000 1.000 1.000 1.000 1.000 1.000 1.000 1.000 1.000 1.000 1.000
449 1.000 1.000 1.000 1.000 1.000 1.000 1.000 1.000 1.000 1.000 1.000 1.000 1.000 1.000 1.000 1.000 1.000 1.000
450 1.000 1.000 1.000 1.000 1.000 1.000 1.000 1.000 1.000 1.000 1.000 1.000 1.000 1.000 1.000 1.000 1.000 1.000
451 1.000 1.000 1.000 1.000 1.000 1.000 1.000 1.000 1.000 1.000 1.000 1.000 1.000 1.000 1.000 1.000 1.000 1.000
452 1.000 1.000 1.000 1.000 1.000 1.000 1.000 1.000 1.000 1.000 1.000 1.000 1.000 1.000 1.000 1.000 1.000 1.000
453 1.000 1.000 1.000 1.000 1.000 1.000 1.000 1.000 1.000 1.000 1.000 1.000 1.000 1.000 1.000 1.000 1.000 1.000
454 1.000 1.000 1.000 1.000 1.000 1.000 1.000 1.000 1.000 1.000 1.000 1.000 1.000 1.000 1.000 1.000 1.000 1.000
455 1.000 1.000 1.000 1.000 1.000 1.000 1.000 1.000 1.000 1.000 1.000 1.000 1.000 1.000 1.000 1.000 1.000 1.000
456 1.000 0.993 0.994 0.986 0.999 0.955 0.898 0.957 0.968 0.959 0.975 0.983 0.958 0.990 0.991 0.981 0.988 0.947
457 1.000 1.000 1.000 1.000 1.000 1.000 1.000 1.000 1.000 1.000 1.000 1.000 1.000 1.000 1.000 1.000 1.000 1.000
458 1.000 1.000 1.000 1.000 1.000 1.000 1.000 1.000 1.000 1.000 1.000 1.000 1.000 1.000 1.000 1.000 1.000 1.000
459 1.000 1.000 1.000 1.000 1.000 1.000 1.000 1.000 1.000 1.000 1.000 1.000 1.000 1.000 1.000 1.000 1.000 1.000
460 1.000 1.000 1.000 1.000 1.000 1.000 1.000 1.000 1.000 1.000 1.000 1.000 1.000 1.000 1.000 1.000 1.000 1.000
461 1.000 1.000 1.000 1.000 1.000 1.000 1.000 1.000 1.000 1.000 1.000 1.000 1.000 1.000 1.000 1.000 1.000 1.000
462 1.000 1.000 1.000 1.000 1.000 1.000 1.000 1.000 1.000 1.000 1.000 1.000 1.000 1.000 1.000 1.000 1.000 1.000
463 1.000 1.000 1.000 1.000 1.000 1.000 1.000 1.000 1.000 1.000 1.000 1.000 1.000 1.000 1.000 1.000 1.000 1.000
464 1.000 1.000 1.000 1.000 1.000 1.000 1.000 1.000 1.000 1.000 1.000 1.000 1.000 1.000 1.000 1.000 1.000 1.000
465 1.000 1.000 1.000 1.000 1.000 1.000 1.000 1.000 1.000 1.000 1.000 1.000 1.000 1.000 1.000 1.000 1.000 1.000
466 1.000 1.000 1.000 1.000 1.000 1.000 1.000 1.000 1.000 1.000 1.000 1.000 1.000 1.000 1.000 1.000 1.000 1.000
467 1.000 1.000 1.000 1.000 1.000 1.000 1.000 1.000 1.000 1.000 1.000 1.000 1.000 1.000 1.000 1.000 1.000 1.000
468 1.000 1.000 1.000 1.000 1.000 1.000 1.000 1.000 1.000 1.000 1.000 1.000 1.000 1.000 1.000 1.000 1.000 1.000
469 1.000 1.000 1.000 1.000 1.000 1.000 1.000 1.000 1.000 1.000 1.000 1.000 1.000 1.000 1.000 1.000 1.000 1.000
470 1.000 1.000 1.000 1.000 1.000 1.000 1.000 1.000 1.000 1.000 1.000 1.000 1.000 1.000 1.000 1.000 1.000 1.000
471 1.000 1.000 1.000 1.000 1.000 1.000 1.000 1.000 1.000 1.000 1.000 1.000 1.000 1.000 1.000 1.000 1.000 1.000
472 1.000 1.000 1.000 1.000 1.000 1.000 1.000 1.000 1.000 1.000 1.000 1.000 1.000 1.000 1.000 1.000 1.000 1.000
473 1.000 1.000 1.000 1.000 1.000 1.000 1.000 1.000 1.000 1.000 1.000 1.000 1.000 1.000 1.000 1.000 1.000 1.000
474 1.000 1.000 1.000 1.000 1.000 1.000 1.000 1.000 1.000 1.000 1.000 1.000 1.000 1.000 1.000 1.000 1.000 1.000
475 1.000 1.000 1.000 1.000 1.000 1.000 1.000 1.000 1.000 1.000 1.000 1.000 1.000 1.000 1.000 1.000 1.000 1.000
476 1.000 1.000 1.000 1.000 1.000 1.000 1.000 1.000 1.000 1.000 1.000 1.000 1.000 1.000 1.000 1.000 1.000 1.000
477 1.000 1.000 1.000 1.000 1.000 1.000 1.000 1.000 1.000 1.000 1.000 1.000 1.000 1.000 1.000 1.000 1.000 1.000
478 1.000 0.998 0.998 0.608 0.656 0.597 0.586 0.686 0.603 0.626 0.784 0.975 0.597 0.985 0.997 0.790 0.946 0.988
479 1.000 1.000 1.000 1.000 1.000 1.000 1.000 1.000 1.000 1.000 1.000 1.000 1.000 1.000 1.000 1.000 1.000 1.000
480 1.000 1.000 1.000 1.000 1.000 1.000 1.000 1.000 1.000 1.000 1.000 1.000 1.000 1.000 1.000 1.000 1.000 1.000
481 1.000 1.000 1.000 1.000 1.000 1.000 1.000 1.000 1.000 1.000 1.000 1.000 1.000 1.000 1.000 1.000 1.000 1.000
482 1.000 1.000 1.000 1.000 1.000 1.000 1.000 1.000 1.000 1.000 1.000 1.000 1.000 1.000 1.000 1.000 1.000 1.000
483 1.000 1.000 1.000 1.000 1.000 1.000 1.000 1.000 1.000 1.000 1.000 1.000 1.000 1.000 1.000 1.000 1.000 1.000
484 1.000 1.000 1.000 1.000 1.000 1.000 1.000 1.000 1.000 1.000 1.000 1.000 1.000 1.000 1.000 1.000 1.000 1.000
485 1.000 1.000 1.000 1.000 1.000 1.000 1.000 1.000 1.000 1.000 1.000 1.000 1.000 1.000 1.000 1.000 1.000 1.000
486 1.000 1.000 1.000 1.000 1.000 1.000 1.000 1.000 1.000 1.000 1.000 1.000 1.000 1.000 1.000 1.000 1.000 1.000
487 1.000 1.000 1.000 1.000 1.000 1.000 1.000 1.000 1.000 1.000 1.000 1.000 1.000 1.000 1.000 1.000 1.000 1.000
488 1.000 1.000 1.000 1.000 1.000 1.000 1.000 1.000 1.000 1.000 1.000 1.000 1.000 1.000 1.000 1.000 1.000 1.000
489 1.000 1.000 1.000 1.000 1.000 1.000 1.000 1.000 1.000 1.000 1.000 1.000 1.000 1.000 1.000 1.000 1.000 1.000
490 1.000 1.000 1.000 1.000 1.000 1.000 1.000 1.000 1.000 1.000 1.000 1.000 1.000 1.000 1.000 1.000 1.000 1.000
491 1.000 1.000 1.000 1.000 1.000 1.000 1.000 1.000 1.000 1.000 1.000 1.000 1.000 1.000 1.000 1.000 1.000 1.000
492 1.000 1.000 0.986 0.981 0.957 0.932 0.884 0.916 0.970 0.908 0.953 0.981 0.944 0.985 0.992 0.938 0.994 0.991
493 1.000 1.000 1.000 1.000 1.000 1.000 1.000 1.000 1.000 1.000 1.000 1.000 1.000 1.000 1.000 1.000 1.000 1.000
494 1.000 1.000 1.000 1.000 1.000 1.000 1.000 1.000 1.000 1.000 1.000 1.000 1.000 1.000 1.000 1.000 1.000 1.000
495 1.000 0.987 0.992 0.983 0.973 0.875 0.804 0.889 0.888 0.880 0.978 0.987 0.872 0.982 0.978 0.971 0.972 0.978
496 1.000 1.000 1.000 1.000 1.000 1.000 1.000 1.000 1.000 1.000 1.000 1.000 1.000 1.000 1.000 1.000 1.000 1.000
497 1.000 1.000 1.000 1.000 1.000 1.000 1.000 1.000 1.000 1.000 1.000 1.000 1.000 1.000 1.000 1.000 1.000 1.000
498 1.000 1.000 1.000 1.000 1.000 1.000 1.000 1.000 1.000 1.000 1.000 1.000 1.000 1.000 1.000 1.000 1.000 1.000
499 1.000 1.000 1.000 1.000 1.000 1.000 1.000 1.000 1.000 1.000 1.000 1.000 1.000 1.000 1.000 1.000 1.000 1.000
500 1.000 1.000 1.000 1.000 1.000 1.000 1.000 1.000 1.000 1.000 1.000 1.000 1.000 1.000 1.000 1.000 1.000 1.000
501 1.000 1.000 1.000 1.000 1.000 1.000 1.000 1.000 1.000 1.000 1.000 1.000 1.000 1.000 1.000 1.000 1.000 1.000
502 1.000 0.995 0.994 0.976 0.976 0.946 0.914 0.951 0.958 0.951 0.966 0.918 0.955 0.983 0.996 0.982 0.982 0.949
503 1.000 1.000 1.000 1.000 1.000 1.000 1.000 1.000 1.000 1.000 1.000 1.000 1.000 1.000 1.000 1.000 1.000 1.000
504 1.000 1.000 1.000 1.000 1.000 1.000 1.000 1.000 1.000 1.000 1.000 1.000 1.000 1.000 1.000 1.000 1.000 1.000
505 1.000 1.000 1.000 1.000 1.000 1.000 1.000 1.000 1.000 1.000 1.000 1.000 1.000 1.000 1.000 1.000 1.000 1.000
506 1.000 1.000 1.000 1.000 1.000 1.000 1.000 1.000 1.000 1.000 1.000 1.000 1.000 1.000 1.000 1.000 1.000 1.000
507 1.000 1.000 1.000 1.000 1.000 1.000 1.000 1.000 1.000 1.000 1.000 1.000 1.000 1.000 1.000 1.000 1.000 1.000
508 1.000 1.000 1.000 1.000 1.000 1.000 1.000 1.000 1.000 1.000 1.000 1.000 1.000 1.000 1.000 1.000 1.000 1.000
509 1.000 1.000 1.000 1.000 1.000 1.000 1.000 1.000 1.000 1.000 1.000 1.000 1.000 1.000 1.000 1.000 1.000 1.000
510 1.000 1.000 1.000 1.000 1.000 1.000 1.000 1.000 1.000 1.000 1.000 1.000 1.000 1.000 1.000 1.000 1.000 1.000
511 1.000 1.000 1.000 1.000 1.000 1.000 1.000 1.000 1.000 1.000 1.000 1.000 1.000 1.000 1.000 1.000 1.000 1.000
512 1.000 1.000 1.000 1.000 1.000 1.000 1.000 1.000 1.000 1.000 1.000 1.000 1.000 1.000 1.000 1.000 1.000 1.000
513 1.000 1.000 1.000 1.000 1.000 1.000 1.000 1.000 1.000 1.000 1.000 1.000 1.000 1.000 1.000 1.000 1.000 1.000
514 1.000 1.000 1.000 1.000 1.000 1.000 1.000 1.000 1.000 1.000 1.000 1.000 1.000 1.000 1.000 1.000 1.000 1.000
515 1.000 1.000 1.000 1.000 1.000 1.000 1.000 1.000 1.000 1.000 1.000 1.000 1.000 1.000 1.000 1.000 1.000 1.000
516 1.000 1.000 1.000 1.000 1.000 1.000 1.000 1.000 1.000 1.000 1.000 1.000 1.000 1.000 1.000 1.000 1.000 1.000
517 1.000 1.000 1.000 1.000 1.000 1.000 1.000 1.000 1.000 1.000 1.000 1.000 1.000 1.000 1.000 1.000 1.000 1.000
518 1.000 1.000 1.000 1.000 1.000 1.000 1.000 1.000 1.000 1.000 1.000 1.000 1.000 1.000 1.000 1.000 1.000 1.000
519 1.000 1.000 1.000 1.000 1.000 1.000 1.000 1.000 1.000 1.000 1.000 1.000 1.000 1.000 1.000 1.000 1.000 1.000
520 1.000 1.000 1.000 1.000 1.000 1.000 1.000 1.000 1.000 1.000 1.000 1.000 1.000 1.000 1.000 1.000 1.000 1.000
521 1.000 1.000 1.000 1.000 1.000 1.000 1.000 1.000 1.000 1.000 1.000 1.000 1.000 1.000 1.000 1.000 1.000 1.000
522 1.000 1.000 1.000 1.000 1.000 1.000 1.000 1.000 1.000 1.000 1.000 1.000 1.000 1.000 1.000 1.000 1.000 1.000
523 1.000 1.000 1.000 1.000 1.000 1.000 1.000 1.000 1.000 1.000 1.000 1.000 1.000 1.000 1.000 1.000 1.000 1.000
524 1.000 1.000 1.000 1.000 1.000 1.000 1.000 1.000 1.000 1.000 1.000 1.000 1.000 1.000 1.000 1.000 1.000 1.000
525 1.000 1.000 1.000 1.000 1.000 1.000 1.000 1.000 1.000 1.000 1.000 1.000 1.000 1.000 1.000 1.000 1.000 1.000
526 1.000 1.000 1.000 1.000 1.000 1.000 1.000 1.000 1.000 1.000 1.000 1.000 1.000 1.000 1.000 1.000 1.000 1.000
527 1.000 1.000 1.000 1.000 1.000 1.000 1.000 1.000 1.000 1.000 1.000 1.000 1.000 1.000 1.000 1.000 1.000 1.000
528 1.000 1.000 1.000 1.000 1.000 1.000 1.000 1.000 1.000 1.000 1.000 1.000 1.000 1.000 1.000 1.000 1.000 1.000
529 1.000 1.000 1.000 1.000 1.000 1.000 1.000 1.000 1.000 1.000 1.000 1.000 1.000 1.000 1.000 1.000 1.000 1.000
530 1.000 1.000 1.000 1.000 1.000 1.000 1.000 1.000 1.000 1.000 1.000 1.000 1.000 1.000 1.000 1.000 1.000 1.000
531 1.000 1.000 1.000 1.000 1.000 1.000 1.000 1.000 1.000 1.000 1.000 1.000 1.000 1.000 1.000 1.000 1.000 1.000
532 1.000 1.000 1.000 1.000 1.000 1.000 1.000 1.000 1.000 1.000 1.000 1.000 1.000 1.000 1.000 1.000 1.000 1.000
533 1.000 1.000 1.000 1.000 1.000 1.000 1.000 1.000 1.000 1.000 1.000 1.000 1.000 1.000 1.000 1.000 1.000 1.000
534 1.000 1.000 1.000 1.000 1.000 1.000 1.000 1.000 1.000 1.000 1.000 1.000 1.000 1.000 1.000 1.000 1.000 1.000
535 1.000 1.000 1.000 1.000 1.000 1.000 1.000 1.000 1.000 1.000 1.000 1.000 1.000 1.000 1.000 1.000 1.000 1.000
536 1.000 1.000 1.000 1.000 1.000 1.000 1.000 1.000 1.000 1.000 1.000 1.000 1.000 1.000 1.000 1.000 1.000 1.000
537 1.000 1.000 1.000 1.000 1.000 1.000 1.000 1.000 1.000 1.000 1.000 1.000 1.000 1.000 1.000 1.000 1.000 1.000
538 1.000 1.000 1.000 1.000 1.000 1.000 1.000 1.000 1.000 1.000 1.000 1.000 1.000 1.000 1.000 1.000 1.000 1.000
539 1.000 1.000 1.000 1.000 1.000 1.000 1.000 1.000 1.000 1.000 1.000 1.000 1.000 1.000 1.000 1.000 1.000 1.000
540 1.000 0.997 0.997 0.997 0.996 0.989 0.946 0.984 0.993 0.991 0.994 0.996 0.991 0.995 0.995 0.993 0.996 0.996
541 1.000 1.000 1.000 1.000 1.000 1.000 1.000 1.000 1.000 1.000 1.000 1.000 1.000 1.000 1.000 1.000 1.000 1.000
542 1.000 1.000 1.000 1.000 1.000 1.000 1.000 1.000 1.000 1.000 1.000 1.000 1.000 1.000 1.000 1.000 1.000 1.000
543 1.000 1.000 1.000 1.000 1.000 1.000 1.000 1.000 1.000 1.000 1.000 1.000 1.000 1.000 1.000 1.000 1.000 1.000
544 1.000 1.000 1.000 1.000 1.000 1.000 1.000 1.000 1.000 1.000 1.000 1.000 1.000 1.000 1.000 1.000 1.000 1.000
545 1.000 1.000 1.000 1.000 1.000 1.000 1.000 1.000 1.000 1.000 1.000 1.000 1.000 1.000 1.000 1.000 1.000 1.000
546 1.000 1.000 1.000 1.000 1.000 1.000 1.000 1.000 1.000 1.000 1.000 1.000 1.000 1.000 1.000 1.000 1.000 1.000
547 1.000 1.000 1.000 1.000 1.000 1.000 1.000 1.000 1.000 1.000 1.000 1.000 1.000 1.000 1.000 1.000 1.000 1.000
548 1.000 1.000 1.000 1.000 1.000 1.000 1.000 1.000 1.000 1.000 1.000 1.000 1.000 1.000 1.000 1.000 1.000 1.000
549 1.000 1.000 1.000 1.000 1.000 1.000 1.000 1.000 1.000 1.000 1.000 1.000 1.000 1.000 1.000 1.000 1.000 1.000
550 1.000 1.000 1.000 1.000 1.000 1.000 1.000 1.000 1.000 1.000 1.000 1.000 1.000 1.000 1.000 1.000 1.000 1.000
551 1.000 1.000 1.000 1.000 1.000 1.000 1.000 1.000 1.000 1.000 1.000 1.000 1.000 1.000 1.000 1.000 1.000 1.000
552 1.000 1.000 1.000 1.000 1.000 1.000 1.000 1.000 1.000 1.000 1.000 1.000 1.000 1.000 1.000 1.000 1.000 1.000
553 1.000 1.000 1.000 1.000 1.000 1.000 1.000 1.000 1.000 1.000 1.000 1.000 1.000 1.000 1.000 1.000 1.000 1.000
554 1.000 1.000 1.000 1.000 1.000 1.000 1.000 1.000 1.000 1.000 1.000 1.000 1.000 1.000 1.000 1.000 1.000 1.000
555 1.000 1.000 1.000 1.000 1.000 1.000 1.000 1.000 1.000 1.000 1.000 1.000 1.000 1.000 1.000 1.000 1.000 1.000
556 1.000 1.000 1.000 1.000 1.000 1.000 1.000 1.000 1.000 1.000 1.000 1.000 1.000 1.000 1.000 1.000 1.000 1.000
557 1.000 1.000 1.000 1.000 1.000 1.000 1.000 1.000 1.000 1.000 1.000 1.000 1.000 1.000 1.000 1.000 1.000 1.000
558 1.000 1.000 1.000 1.000 1.000 1.000 1.000 1.000 1.000 1.000 1.000 1.000 1.000 1.000 1.000 1.000 1.000 1.000
559 1.000 1.000 1.000 1.000 1.000 1.000 1.000 1.000 1.000 1.000 1.000 1.000 1.000 1.000 1.000 1.000 1.000 1.000
560 1.000 1.000 1.000 1.000 1.000 1.000 1.000 1.000 1.000 1.000 1.000 1.000 1.000 1.000 1.000 1.000 1.000 1.000
561 1.000 1.000 1.000 1.000 1.000 1.000 1.000 1.000 1.000 1.000 1.000 1.000 1.000 1.000 1.000 1.000 1.000 1.000
562 1.000 1.000 1.000 1.000 1.000 1.000 1.000 1.000 1.000 1.000 1.000 1.000 1.000 1.000 1.000 1.000 1.000 1.000
563 1.000 1.000 1.000 1.000 1.000 1.000 1.000 1.000 1.000 1.000 1.000 1.000 1.000 1.000 1.000 1.000 1.000 1.000
564 1.000 1.000 1.000 1.000 1.000 1.000 1.000 1.000 1.000 1.000 1.000 1.000 1.000 1.000 1.000 1.000 1.000 1.000
565 1.000 0.987 0.956 0.986 0.870 0.812 0.713 0.794 0.945 0.735 0.976 0.991 0.918 0.971 0.974 0.870 0.920 0.996
566 1.000 1.000 1.000 1.000 1.000 1.000 1.000 1.000 1.000 1.000 1.000 1.000 1.000 1.000 1.000 1.000 1.000 1.000
567 1.000 1.000 1.000 1.000 1.000 1.000 1.000 1.000 1.000 1.000 1.000 1.000 1.000 1.000 1.000 1.000 1.000 1.000
568 1.000 1.000 1.000 1.000 1.000 1.000 1.000 1.000 1.000 1.000 1.000 1.000 1.000 1.000 1.000 1.000 1.000 1.000
569 1.000 1.000 1.000 1.000 1.000 1.000 1.000 1.000 1.000 1.000 1.000 1.000 1.000 1.000 1.000 1.000 1.000 1.000
570 1.000 1.000 1.000 1.000 1.000 1.000 1.000 1.000 1.000 1.000 1.000 1.000 1.000 1.000 1.000 1.000 1.000 1.000
571 1.000 1.000 1.000 1.000 1.000 1.000 1.000 1.000 1.000 1.000 1.000 1.000 1.000 1.000 1.000 1.000 1.000 1.000
572 1.000 1.000 1.000 1.000 1.000 1.000 1.000 1.000 1.000 1.000 1.000 1.000 1.000 1.000 1.000 1.000 1.000 1.000
573 1.000 1.000 1.000 1.000 1.000 1.000 1.000 1.000 1.000 1.000 1.000 1.000 1.000 1.000 1.000 1.000 1.000 1.000
574 1.000 1.000 1.000 1.000 1.000 1.000 1.000 1.000 1.000 1.000 1.000 1.000 1.000 1.000 1.000 1.000 1.000 1.000
575 1.000 1.000 1.000 1.000 1.000 1.000 1.000 1.000 1.000 1.000 1.000 1.000 1.000 1.000 1.000 1.000 1.000 1.000
576 1.000 1.000 1.000 1.000 1.000 1.000 1.000 1.000 1.000 1.000 1.000 1.000 1.000 1.000 1.000 1.000 1.000 1.000
577 1.000 1.000 1.000 1.000 1.000 1.000 1.000 1.000 1.000 1.000 1.000 1.000 1.000 1.000 1.000 1.000 1.000 1.000
578 1.000 1.000 1.000 1.000 1.000 1.000 1.000 1.000 1.000 1.000 1.000 1.000 1.000 1.000 1.000 1.000 1.000 1.000
579 1.000 1.000 1.000 1.000 1.000 1.000 1.000 1.000 1.000 1.000 1.000 1.000 1.000 1.000 1.000 1.000 1.000 1.000
580 1.000 1.000 1.000 0.998 0.999 0.981 0.962 0.994 0.988 0.987 0.994 0.973 0.995 0.999 0.989 1.000 0.986 0.926
581 1.000 1.000 1.000 1.000 1.000 1.000 1.000 1.000 1.000 1.000 1.000 1.000 1.000 1.000 1.000 1.000 1.000 1.000
582 1.000 1.000 1.000 1.000 1.000 1.000 1.000 1.000 1.000 1.000 1.000 1.000 1.000 1.000 1.000 1.000 1.000 1.000
583 1.000 1.000 1.000 1.000 1.000 1.000 1.000 1.000 1.000 1.000 1.000 1.000 1.000 1.000 1.000 1.000 1.000 1.000
584 1.000 1.000 1.000 1.000 1.000 1.000 1.000 1.000 1.000 1.000 1.000 1.000 1.000 1.000 1.000 1.000 1.000 1.000
585 1.000 1.000 1.000 1.000 1.000 1.000 1.000 1.000 1.000 1.000 1.000 1.000 1.000 1.000 1.000 1.000 1.000 1.000
586 1.000 0.997 0.997 0.958 0.959 0.943 0.926 0.951 0.954 0.952 0.944 0.996 0.943 0.959 0.958 0.992 0.954 0.971
587 1.000 1.000 1.000 1.000 1.000 1.000 1.000 1.000 1.000 1.000 1.000 1.000 1.000 1.000 1.000 1.000 1.000 1.000
588 1.000 1.000 1.000 1.000 1.000 1.000 1.000 1.000 1.000 1.000 1.000 1.000 1.000 1.000 1.000 1.000 1.000 1.000
589 1.000 1.000 1.000 1.000 1.000 1.000 1.000 1.000 1.000 1.000 1.000 1.000 1.000 1.000 1.000 1.000 1.000 1.000
590 1.000 1.000 1.000 1.000 1.000 1.000 1.000 1.000 1.000 1.000 1.000 1.000 1.000 1.000 1.000 1.000 1.000 1.000
591 1.000 1.000 1.000 1.000 1.000 1.000 1.000 1.000 1.000 1.000 1.000 1.000 1.000 1.000 1.000 1.000 1.000 1.000
592 1.000 1.000 1.000 1.000 1.000 1.000 1.000 1.000 1.000 1.000 1.000 1.000 1.000 1.000 1.000 1.000 1.000 1.000
593 1.000 1.000 1.000 1.000 1.000 1.000 1.000 1.000 1.000 1.000 1.000 1.000 1.000 1.000 1.000 1.000 1.000 1.000
594 1.000 1.000 1.000 1.000 1.000 1.000 1.000 1.000 1.000 1.000 1.000 1.000 1.000 1.000 1.000 1.000 1.000 1.000
595 1.000 1.000 1.000 1.000 1.000 1.000 1.000 1.000 1.000 1.000 1.000 1.000 1.000 1.000 1.000 1.000 1.000 1.000
596 1.000 1.000 1.000 1.000 1.000 1.000 1.000 1.000 1.000 1.000 1.000 1.000 1.000 1.000 1.000 1.000 1.000 1.000
597 1.000 1.000 1.000 1.000 1.000 1.000 1.000 1.000 1.000 1.000 1.000 1.000 1.000 1.000 1.000 1.000 1.000 1.000
598 1.000 1.000 1.000 1.000 1.000 1.000 1.000 1.000 1.000 1.000 1.000 1.000 1.000 1.000 1.000 1.000 1.000 1.000
599 1.000 1.000 1.000 1.000 1.000 1.000 1.000 1.000 1.000 1.000 1.000 1.000 1.000 1.000 1.000 1.000 1.000 1.000
600 1.000 1.000 1.000 1.000 1.000 1.000 1.000 1.000 1.000 1.000 1.000 1.000 1.000 1.000 1.000 1.000 1.000 1.000
601 1.000 1.000 1.000 1.000 1.000 1.000 1.000 1.000 1.000 1.000 1.000 1.000 1.000 1.000 1.000 1.000 1.000 1.000
602 1.000 1.000 1.000 1.000 1.000 1.000 1.000 1.000 1.000 1.000 1.000 1.000 1.000 1.000 1.000 1.000 1.000 1.000
603 1.000 1.000 1.000 1.000 1.000 1.000 1.000 1.000 1.000 1.000 1.000 1.000 1.000 1.000 1.000 1.000 1.000 1.000
604 1.000 1.000 1.000 1.000 1.000 1.000 1.000 1.000 1.000 1.000 1.000 1.000 1.000 1.000 1.000 1.000 1.000 1.000
605 1.000 1.000 1.000 1.000 1.000 1.000 1.000 1.000 1.000 1.000 1.000 1.000 1.000 1.000 1.000 1.000 1.000 1.000
606 1.000 1.000 1.000 1.000 1.000 1.000 1.000 1.000 1.000 1.000 1.000 1.000 1.000 1.000 1.000 1.000 1.000 1.000
607 1.000 1.000 1.000 1.000 1.000 1.000 1.000 1.000 1.000 1.000 1.000 1.000 1.000 1.000 1.000 1.000 1.000 1.000
608 1.000 1.000 1.000 1.000 1.000 1.000 1.000 1.000 1.000 1.000 1.000 1.000 1.000 1.000 1.000 1.000 1.000 1.000
609 1.000 1.000 1.000 1.000 1.000 1.000 1.000 1.000 1.000 1.000 1.000 1.000 1.000 1.000 1.000 1.000 1.000 1.000
