 accp4 accp4c accp4p ARC Cacheus Clock FIFO FIFO-Merge GDSF Hyperbolic LHD LIRS LeCaR QDLP S3FIFO S4LRU TwoQ WTinyLFU
1 0.822 0.813 0.769 0.742 0.700 0.670 0.656 0.766 0.700 0.700 0.760 0.730 0.682 0.736 0.910 0.848 0.789 1.000
2 0.860 0.850 0.856 0.822 0.817 0.786 0.757 0.810 0.801 0.799 0.831 0.869 0.792 0.832 0.841 0.834 0.833 1.000
3 0.889 1.000 0.888 0.850 0.889 0.716 0.649 0.810 0.774 0.746 0.849 0.884 0.723 0.852 0.844 0.815 0.801 0.915
4 0.925 0.931 0.905 0.873 0.856 0.845 0.840 0.855 0.865 0.858 0.970 0.880 0.852 0.898 0.962 0.920 0.928 1.000
5 0.936 0.953 0.937 0.961 0.933 0.986 0.955 0.916 1.000 0.968 0.978 0.841 0.991 0.949 0.946 0.982 0.944 0.789
6 0.946 0.946 0.911 0.899 0.896 0.878 0.863 0.895 0.893 0.894 0.985 0.904 0.886 0.912 0.919 0.930 0.891 1.000
7 0.963 0.963 0.962 0.936 0.936 0.917 0.895 0.916 0.934 0.923 1.000 0.927 0.922 0.954 0.969 0.951 0.947 0.968
8 0.971 0.985 0.980 0.989 0.991 1.000 0.919 0.938 0.899 0.920 0.996 0.983 0.999 0.988 0.986 0.938 0.980 0.891
9 0.973 1.000 0.939 0.925 0.874 0.918 0.895 0.872 0.951 0.913 0.930 0.781 0.923 0.944 0.939 0.946 0.918 0.725
10 0.973 0.961 0.972 0.927 1.000 0.699 0.667 0.682 0.725 0.705 0.802 0.980 0.691 0.944 0.843 0.845 0.775 0.816
11 0.975 0.971 0.969 0.924 0.910 0.851 0.810 0.859 0.871 0.853 0.893 0.977 0.844 0.930 0.908 0.895 0.880 1.000
12 0.975 0.963 0.958 0.602 0.599 0.543 0.533 0.549 0.564 0.549 0.735 1.000 0.540 0.604 0.582 0.881 0.558 0.983
13 0.979 0.973 0.970 0.922 0.911 0.852 0.810 0.859 0.872 0.855 0.914 0.974 0.846 0.928 0.907 0.907 0.879 1.000
14 0.979 0.988 0.961 0.993 1.000 0.999 0.970 0.965 0.997 0.984 0.991 0.941 0.998 0.983 0.987 0.951 0.980 0.858
15 0.980 0.966 0.883 0.845 0.827 0.819 0.802 0.832 0.826 0.810 0.867 0.893 0.826 0.870 0.915 0.879 0.914 1.000
16 0.981 0.979 0.981 0.934 0.946 0.811 0.783 0.811 0.852 0.826 0.917 0.976 0.809 1.000 0.971 0.935 0.896 0.917
17 0.981 0.978 0.975 0.976 0.967 0.956 0.955 0.939 0.942 0.931 0.986 0.974 0.966 0.978 0.983 0.933 0.985 1.000
18 0.982 0.978 0.974 0.973 0.960 0.964 0.949 0.948 0.941 0.940 0.988 0.981 0.974 0.973 0.986 0.944 0.982 1.000
19 0.982 0.941 0.730 0.124 0.931 0.043 0.033 0.453 0.101 0.226 0.840 1.000 0.035 0.753 0.756 0.766 0.544 0.903
20 0.983 0.974 0.973 0.931 0.877 0.832 0.812 0.834 0.850 0.839 0.908 0.912 0.831 0.950 1.000 0.942 0.895 0.912
21 0.984 0.975 0.971 0.931 0.923 0.860 0.819 0.866 0.881 0.862 0.919 0.986 0.854 0.937 0.915 0.910 0.885 1.000
22 0.985 0.980 0.977 0.927 0.920 0.854 0.818 0.863 0.876 0.860 0.902 0.978 0.850 0.933 0.911 0.907 0.879 1.000
23 0.988 0.947 0.938 0.227 0.252 0.140 0.136 0.188 0.145 0.141 0.720 1.000 0.139 0.279 0.229 0.802 0.184 0.992
24 0.988 0.986 0.984 0.977 0.977 0.969 0.967 0.960 0.977 0.962 0.995 0.977 0.975 0.983 0.987 0.949 0.996 1.000
25 0.989 1.000 0.964 0.945 0.929 0.938 0.928 0.942 0.960 0.953 0.947 0.911 0.943 0.969 0.967 0.964 0.964 0.891
26 0.989 0.989 0.969 0.944 0.950 0.951 0.954 0.964 0.965 0.963 1.000 0.952 0.960 0.967 0.998 0.982 0.995 0.994
27 0.990 1.000 0.853 0.873 0.905 0.727 0.690 0.817 0.741 0.747 0.859 0.896 0.716 0.839 0.842 0.818 0.829 0.737
28 0.990 1.000 0.935 0.839 0.788 0.563 0.502 0.569 0.633 0.568 0.670 0.906 0.540 0.898 0.855 0.899 0.786 0.919
29 0.991 1.000 0.902 0.901 0.896 0.849 0.750 0.826 0.845 0.829 0.857 0.905 0.832 0.905 0.895 0.871 0.865 0.541
30 0.991 0.989 0.955 0.934 0.920 0.878 0.885 0.900 0.930 0.876 0.966 0.917 0.934 0.946 0.969 0.896 1.000 0.999
31 0.991 0.982 0.978 0.840 0.841 0.728 0.726 0.728 0.733 0.729 0.887 1.000 0.728 0.842 0.785 0.941 0.733 0.960
32 0.992 1.000 0.944 0.892 0.860 0.738 0.818 0.878 0.716 0.779 0.835 0.984 0.964 0.945 0.954 0.457 0.721 0.760
33 0.992 0.982 0.981 0.736 0.914 0.590 0.430 0.625 0.728 0.536 0.780 1.000 0.727 0.915 0.902 0.684 0.894 0.982
34 0.992 1.000 0.952 0.981 0.914 0.941 0.907 0.870 0.952 0.910 0.784 0.939 0.928 0.972 0.964 0.937 0.914 0.808
35 0.992 0.992 0.990 0.981 0.980 0.973 0.964 0.962 0.986 0.963 0.997 0.980 0.979 0.988 0.990 0.983 0.992 1.000
36 0.992 0.992 0.988 0.979 0.981 0.971 0.964 0.963 0.985 0.964 0.997 0.980 0.979 0.987 0.989 0.983 0.988 1.000
37 0.993 1.000 0.964 0.944 0.926 0.934 0.862 0.902 0.940 0.935 0.919 0.921 0.929 0.961 0.950 0.965 0.926 0.873
38 0.993 1.000 0.935 0.911 0.911 0.905 0.865 0.894 0.903 0.894 0.903 0.938 0.914 0.910 0.885 0.933 0.874 0.806
39 0.993 0.999 1.000 0.951 0.955 0.693 0.642 0.671 0.734 0.668 0.722 0.988 0.690 0.981 0.969 0.937 0.876 0.960
40 0.993 0.993 0.985 0.984 0.977 0.968 0.962 0.959 0.961 0.963 0.989 0.980 0.971 0.984 0.990 0.964 1.000 0.972
41 0.993 0.992 0.991 0.981 0.981 0.972 0.964 0.965 0.988 0.966 0.997 0.981 0.978 0.989 0.994 0.984 0.997 1.000
42 0.994 0.990 0.990 0.999 0.995 0.968 0.890 0.938 0.996 0.994 0.973 0.986 0.945 1.000 0.996 0.985 0.974 0.977
43 0.996 0.998 0.990 1.000 0.983 0.958 0.934 0.942 0.974 0.963 0.970 0.996 0.959 0.994 0.997 0.982 0.983 0.974
44 0.996 1.000 0.977 0.976 0.933 0.899 0.735 0.773 0.923 0.902 0.884 0.958 0.898 0.976 0.896 0.941 0.859 0.876
45 0.996 1.000 0.994 0.992 0.991 0.983 0.957 0.959 0.988 0.966 0.981 0.988 0.987 0.997 0.992 0.997 0.983 0.958
46 0.996 1.000 0.950 0.973 0.956 0.903 0.856 0.840 0.916 0.885 0.889 0.928 0.977 0.958 0.935 0.924 0.917 0.783
47 0.997 0.997 0.997 0.997 0.999 0.974 0.969 0.988 0.979 0.978 0.990 0.974 0.972 1.000 0.991 0.991 0.976 0.991
48 0.997 1.000 0.931 0.921 0.886 0.850 0.809 0.880 0.878 0.858 0.846 0.961 0.857 0.909 0.900 0.913 0.880 0.811
49 0.997 1.000 0.990 0.978 0.986 0.967 0.955 0.975 0.981 0.973 0.977 0.978 0.971 0.984 0.996 0.986 0.984 0.990
50 0.997 0.995 0.984 0.982 0.983 0.967 0.960 0.949 0.969 0.955 1.000 0.984 0.985 0.984 0.995 0.960 1.000 0.992
51 0.997 0.996 0.993 0.984 0.978 0.973 0.964 0.962 0.985 0.962 0.993 0.984 0.977 0.991 0.992 0.981 0.992 1.000
52 0.998 0.996 0.983 0.977 0.977 0.967 0.958 0.941 0.972 0.954 0.989 0.965 0.977 0.975 0.984 0.949 1.000 0.994
53 0.999 1.000 0.994 0.992 0.985 0.988 0.964 0.966 0.987 0.976 1.000 0.980 0.992 0.992 0.991 0.979 1.000 0.990
54 0.999 1.000 0.940 0.883 0.898 0.869 0.780 0.761 0.933 0.848 0.881 0.854 0.910 0.916 0.915 0.925 0.874 0.921
55 0.999 1.000 0.973 0.981 0.978 0.972 0.966 0.963 0.969 0.964 0.973 0.982 0.977 0.978 0.981 0.982 0.988 0.960
56 0.999 1.000 0.994 0.985 0.972 0.935 0.921 0.940 0.975 0.954 0.968 0.980 0.956 0.992 0.996 0.986 0.976 0.992
57 0.999 1.000 0.993 0.992 0.991 0.990 0.969 0.975 0.988 0.981 0.990 0.994 0.994 0.995 0.993 0.995 0.986 0.944
58 0.999 1.000 0.881 0.862 0.854 0.821 0.783 0.813 0.886 0.841 0.837 0.860 0.845 0.887 0.914 0.717 0.894 0.859
59 0.999 1.000 0.996 0.996 0.965 0.959 0.937 0.954 0.979 0.961 0.970 0.988 0.972 0.996 0.997 0.987 0.984 0.994
60 1.000 0.995 0.972 0.946 0.825 0.673 0.662 0.694 0.709 0.692 0.816 1.000 0.668 0.958 0.883 0.921 0.766 0.906
61 1.000 1.000 0.998 0.998 0.996 0.992 0.971 0.984 0.991 0.988 0.996 0.995 0.993 0.999 0.998 0.993 0.995 0.988
62 1.000 1.000 0.992 0.987 0.961 0.918 0.836 0.877 0.953 0.924 0.962 0.984 0.917 0.994 0.989 0.986 0.969 0.989
63 1.000 1.000 0.978 0.951 0.959 0.949 0.936 0.942 0.972 0.955 0.975 0.940 0.948 0.980 0.985 0.978 0.987 0.995
64 1.000 0.997 0.956 0.960 0.915 0.918 0.895 0.930 0.917 0.909 0.955 0.980 0.915 0.958 0.968 0.924 0.972 0.921
65 1.000 0.982 0.923 0.919 0.913 0.817 0.766 0.826 0.897 0.837 0.880 0.932 0.814 0.930 0.930 0.928 0.896 0.991
66 1.000 0.990 0.977 0.947 0.840 0.790 0.787 0.830 0.795 0.801 0.921 0.993 0.791 0.945 0.805 0.938 0.791 0.981
67 1.000 0.993 0.888 0.818 0.809 0.799 0.782 0.800 0.801 0.796 0.830 0.826 0.788 0.887 0.959 0.882 0.885 0.941
68 1.000 0.970 0.670 0.661 0.716 0.542 0.548 0.609 0.562 0.566 0.709 0.706 0.543 0.674 0.630 0.869 0.607 0.832
69 1.000 0.999 0.980 0.980 0.973 0.965 0.956 0.964 0.964 0.964 0.981 0.986 0.968 0.978 0.982 0.971 0.996 0.989
70 1.000 0.997 0.995 0.983 0.988 0.899 0.881 0.911 0.943 0.910 0.942 0.992 0.925 0.987 0.979 0.980 0.959 0.929
71 1.000 0.978 0.921 0.929 0.891 0.835 0.805 0.795 0.892 0.816 0.897 0.938 0.839 0.942 0.947 0.923 0.916 0.977
72 1.000 0.998 0.938 0.962 0.921 0.925 0.830 0.892 0.957 0.913 0.915 0.838 0.906 0.978 0.965 0.842 0.930 0.785
73 1.000 0.996 0.988 0.986 0.977 0.965 0.936 0.963 0.982 0.958 0.979 0.988 0.973 0.990 0.995 0.981 0.981 0.994
74 1.000 1.000 0.984 0.986 0.978 0.971 0.961 0.967 0.977 0.966 0.983 0.988 0.976 0.987 0.989 0.980 0.989 0.999
75 1.000 0.995 0.992 0.984 0.978 0.962 0.931 0.966 0.987 0.956 0.982 0.987 0.987 0.994 0.998 0.986 0.980 0.998
76 1.000 0.955 0.973 0.843 0.689 0.550 0.549 0.599 0.561 0.542 0.603 0.942 0.549 0.954 0.883 0.792 0.774 0.903
77 1.000 0.977 0.991 0.850 0.845 0.669 0.660 0.634 0.709 0.678 0.788 0.995 0.709 0.856 0.785 0.923 0.696 0.931
78 1.000 0.998 0.967 0.970 0.921 0.902 0.801 0.823 0.945 0.891 0.938 0.971 0.926 0.969 0.969 0.939 0.939 0.965
79 1.000 0.999 0.991 0.992 0.985 0.974 0.952 0.962 0.979 0.967 0.977 0.994 0.979 0.992 0.993 0.985 0.988 0.993
80 1.000 0.991 0.937 0.895 0.929 0.800 0.792 0.801 0.829 0.818 0.880 0.949 0.805 0.918 0.902 0.946 0.864 0.965
81 1.000 0.999 0.998 0.951 0.958 0.873 0.779 0.845 0.902 0.875 0.916 0.972 0.860 0.996 0.967 0.995 0.867 0.915
82 1.000 0.993 0.992 0.883 0.875 0.774 0.756 0.787 0.783 0.780 0.777 0.986 0.764 0.886 0.837 0.975 0.771 0.971
83 1.000 0.998 0.989 0.899 0.914 0.793 0.775 0.802 0.820 0.805 0.819 0.979 0.799 0.903 0.879 0.959 0.833 0.945
84 1.000 0.994 0.968 0.955 0.934 0.866 0.864 0.850 0.871 0.866 0.881 0.987 0.890 0.960 0.907 0.949 0.875 0.966
85 1.000 0.999 0.951 0.946 0.883 0.813 0.788 0.795 0.854 0.822 0.843 0.945 0.809 0.956 0.969 0.930 0.934 0.911
86 1.000 0.997 0.993 0.997 0.990 0.966 0.880 0.919 0.981 0.958 0.980 0.997 0.972 0.993 0.995 0.989 0.987 0.985
87 1.000 0.993 0.938 0.945 0.948 0.823 0.752 0.819 0.907 0.811 0.914 0.944 0.813 0.961 0.966 0.911 0.939 0.972
88 1.000 0.998 0.974 0.982 0.978 0.955 0.868 0.899 0.960 0.895 0.934 0.985 0.958 0.978 0.968 0.951 0.954 0.979
89 1.000 0.998 0.984 0.968 0.953 0.933 0.905 0.924 0.956 0.925 0.969 0.970 0.941 0.981 0.986 0.961 0.978 0.999
90 1.000 0.986 0.909 0.900 0.747 0.687 0.622 0.746 0.796 0.725 0.808 0.918 0.677 0.907 0.889 0.880 0.844 0.929
91 1.000 0.998 0.968 0.952 0.920 0.834 0.780 0.808 0.876 0.829 0.851 0.969 0.819 0.958 0.921 0.927 0.856 0.912
92 1.000 0.982 0.975 0.963 0.909 0.811 0.795 0.864 0.869 0.836 0.921 0.993 0.880 0.959 0.955 0.945 0.911 0.993
93 1.000 0.990 0.969 0.961 0.923 0.895 0.841 0.862 0.931 0.900 0.921 0.968 0.895 0.972 0.973 0.959 0.962 0.974
94 1.000 0.989 0.996 0.932 0.926 0.892 0.682 0.817 0.922 0.911 0.916 0.984 0.878 0.937 0.921 0.957 0.872 0.975
95 1.000 0.996 0.958 0.937 0.897 0.896 0.901 0.900 0.914 0.913 0.900 0.935 0.920 0.951 0.971 0.934 0.900 0.912
96 1.000 0.996 0.912 0.888 0.857 0.833 0.835 0.879 0.850 0.849 0.916 0.966 0.844 0.922 0.926 0.914 0.924 0.946
97 1.000 0.995 0.967 0.945 0.925 0.916 0.880 0.890 0.953 0.899 0.951 0.959 0.934 0.960 0.964 0.943 0.942 0.976
98 1.000 0.993 0.948 0.947 0.890 0.851 0.804 0.826 0.906 0.825 0.870 0.958 0.899 0.956 0.956 0.937 0.935 0.969
99 1.000 0.960 0.579 0.491 0.461 0.332 0.325 0.334 0.340 0.341 0.504 0.600 0.326 0.661 0.645 0.649 0.546 0.714
100 1.000 0.964 0.964 0.652 0.671 0.481 0.487 0.553 0.484 0.497 0.761 0.958 0.480 0.850 0.828 0.842 0.633 0.886
101 1.000 0.973 0.659 0.164 0.866 0.041 0.041 0.675 0.557 0.262 0.946 0.966 0.049 0.639 0.641 0.691 0.471 0.903
102 1.000 0.992 0.991 0.975 0.975 0.926 0.899 0.966 0.938 0.962 0.947 0.996 0.908 0.975 0.953 0.972 0.902 0.980
103 1.000 0.999 0.963 0.964 0.958 0.901 0.879 0.901 0.923 0.901 0.911 0.957 0.901 0.972 0.971 0.944 0.943 0.935
104 1.000 0.998 0.987 0.981 0.982 0.974 0.957 0.969 0.981 0.972 0.977 0.989 0.981 0.987 0.988 0.979 0.990 0.998
105 1.000 0.988 0.938 0.945 0.874 0.799 0.753 0.772 0.876 0.807 0.884 0.949 0.796 0.959 0.964 0.936 0.931 0.990
106 1.000 0.999 0.998 0.995 0.996 0.994 0.987 0.984 0.988 0.975 0.998 0.996 0.996 0.998 0.998 0.997 0.997 0.998
