 accp4 accp4c accp4p
1 0.000 0.852 0.456
2 0.002 0.877 0.474
3 0.002 0.886 0.541
4 0.004 0.922 0.554
5 0.004 0.949 0.562
6 0.004 0.952 0.654
7 0.004 0.952 0.664
8 0.005 0.952 0.703
9 0.005 0.954 0.705
10 0.006 0.954 0.729
11 0.006 0.954 0.761
12 0.008 0.954 0.773
13 0.008 0.955 0.774
14 0.012 0.957 0.775
15 0.013 0.957 0.779
16 0.015 0.957 0.781
17 0.015 0.959 0.785
18 0.015 0.959 0.788
19 0.016 0.959 0.796
20 0.016 0.960 0.813
21 0.016 0.961 0.815
22 0.017 0.961 0.817
23 0.017 0.961 0.821
24 0.018 0.963 0.823
25 0.018 0.966 0.835
26 0.018 0.969 0.849
27 0.018 0.969 0.849
28 0.018 0.970 0.851
29 0.018 0.972 0.853
30 0.019 0.973 0.857
31 0.020 0.973 0.862
32 0.020 0.973 0.866
33 0.021 0.975 0.871
34 0.021 0.975 0.871
35 0.022 0.975 0.873
36 0.022 0.976 0.873
37 0.023 0.976 0.878
38 0.025 0.976 0.884
39 0.026 0.977 0.886
40 0.026 0.978 0.887
41 0.026 0.978 0.888
42 0.027 0.979 0.889
43 0.028 0.979 0.893
44 0.029 0.979 0.893
45 0.029 0.980 0.894
46 0.029 0.980 0.894
47 0.031 0.980 0.896
48 0.031 0.981 0.899
49 0.031 0.981 0.902
50 0.033 0.981 0.904
51 0.033 0.981 0.908
52 0.033 0.982 0.910
53 0.033 0.982 0.911
54 0.033 0.982 0.911
55 0.034 0.982 0.912
56 0.035 0.982 0.915
57 0.035 0.983 0.916
58 0.035 0.984 0.917
59 0.035 0.984 0.919
60 0.035 0.984 0.919
61 0.036 0.985 0.919
62 0.036 0.985 0.919
63 0.036 0.985 0.920
64 0.036 0.985 0.922
65 0.037 0.985 0.922
66 0.037 0.986 0.922
67 0.039 0.986 0.925
68 0.039 0.986 0.926
69 0.039 0.986 0.926
70 0.039 0.986 0.927
71 0.040 0.987 0.927
72 0.041 0.987 0.928
73 0.041 0.987 0.929
74 0.042 0.987 0.929
75 0.042 0.987 0.929
76 0.043 0.987 0.930
77 0.043 0.987 0.931
78 0.043 0.987 0.932
79 0.043 0.987 0.934
80 0.044 0.987 0.934
81 0.044 0.988 0.935
82 0.044 0.988 0.935
83 0.045 0.988 0.935
84 0.045 0.988 0.936
85 0.045 0.988 0.937
86 0.045 0.988 0.938
87 0.046 0.988 0.938
88 0.046 0.988 0.939
89 0.047 0.988 0.939
90 0.047 0.988 0.939
91 0.047 0.989 0.939
92 0.047 0.989 0.939
93 0.048 0.989 0.939
94 0.049 0.989 0.939
95 0.049 0.989 0.940
96 0.049 0.989 0.940
97 0.050 0.989 0.941
98 0.050 0.989 0.941
99 0.050 0.989 0.941
100 0.050 0.989 0.941
101 0.050 0.989 0.941
102 0.050 0.989 0.941
103 0.050 0.990 0.942
104 0.050 0.990 0.942
105 0.051 0.990 0.943
106 0.051 0.990 0.943
107 0.051 0.990 0.943
108 0.051 0.990 0.945
109 0.052 0.990 0.945
110 0.052 0.990 0.946
111 0.052 0.990 0.946
112 0.053 0.990 0.947
113 0.053 0.990 0.947
114 0.053 0.990 0.947
115 0.053 0.990 0.948
116 0.053 0.990 0.949
117 0.054 0.990 0.949
118 0.054 0.991 0.950
119 0.054 0.991 0.950
120 0.054 0.991 0.951
121 0.054 0.991 0.952
122 0.055 0.991 0.952
123 0.055 0.991 0.952
124 0.055 0.991 0.952
125 0.056 0.991 0.952
126 0.056 0.991 0.952
127 0.056 0.991 0.953
128 0.056 0.991 0.953
129 0.056 0.991 0.953
130 0.057 0.991 0.954
131 0.057 0.991 0.954
132 0.057 0.991 0.954
133 0.057 0.991 0.954
134 0.058 0.991 0.955
135 0.058 0.991 0.955
136 0.058 0.991 0.956
137 0.059 0.991 0.956
138 0.059 0.991 0.956
139 0.059 0.991 0.957
140 0.059 0.991 0.957
141 0.059 0.991 0.958
142 0.059 0.991 0.958
143 0.060 0.991 0.958
144 0.060 0.991 0.959
145 0.060 0.992 0.959
146 0.060 0.992 0.959
147 0.060 0.992 0.959
148 0.061 0.992 0.959
149 0.061 0.992 0.960
150 0.061 0.992 0.960
151 0.061 0.992 0.960
152 0.062 0.992 0.960
153 0.062 0.992 0.960
154 0.063 0.992 0.960
155 0.063 0.992 0.961
156 0.063 0.992 0.961
157 0.063 0.992 0.962
158 0.063 0.992 0.962
159 0.063 0.992 0.962
160 0.064 0.992 0.962
161 0.064 0.992 0.962
162 0.064 0.992 0.963
163 0.064 0.992 0.963
164 0.064 0.992 0.963
165 0.064 0.992 0.963
166 0.065 0.992 0.963
167 0.065 0.992 0.964
168 0.065 0.992 0.965
169 0.065 0.993 0.965
170 0.065 0.993 0.965
171 0.066 0.993 0.965
172 0.066 0.993 0.965
173 0.066 0.993 0.965
174 0.066 0.993 0.966
175 0.066 0.993 0.966
176 0.067 0.993 0.966
177 0.067 0.993 0.966
178 0.067 0.993 0.966
179 0.068 0.993 0.967
180 0.068 0.993 0.967
181 0.068 0.993 0.967
182 0.068 0.993 0.968
183 0.068 0.993 0.968
184 0.068 0.993 0.968
185 0.069 0.993 0.968
186 0.069 0.993 0.968
187 0.069 0.993 0.968
188 0.069 0.993 0.969
189 0.069 0.993 0.969
190 0.070 0.993 0.969
191 0.070 0.993 0.969
192 0.070 0.993 0.969
193 0.070 0.993 0.969
194 0.070 0.993 0.970
195 0.071 0.993 0.970
196 0.071 0.993 0.970
197 0.071 0.993 0.970
198 0.071 0.993 0.970
199 0.071 0.993 0.970
200 0.071 0.993 0.971
201 0.071 0.993 0.971
202 0.072 0.993 0.971
203 0.072 0.993 0.971
204 0.072 0.993 0.971
205 0.072 0.993 0.971
206 0.072 0.993 0.971
207 0.072 0.993 0.971
208 0.072 0.993 0.971
209 0.072 0.993 0.971
210 0.072 0.994 0.971
211 0.072 0.994 0.972
212 0.073 0.994 0.972
213 0.073 0.994 0.972
214 0.073 0.994 0.972
215 0.073 0.994 0.972
216 0.074 0.994 0.972
217 0.074 0.994 0.972
218 0.074 0.994 0.972
219 0.074 0.994 0.972
220 0.074 0.994 0.973
221 0.074 0.994 0.973
222 0.074 0.994 0.973
223 0.074 0.994 0.973
224 0.074 0.994 0.973
225 0.074 0.994 0.973
226 0.074 0.994 0.973
227 0.074 0.994 0.973
228 0.075 0.994 0.973
229 0.075 0.994 0.973
230 0.075 0.994 0.973
231 0.075 0.994 0.973
232 0.075 0.994 0.973
233 0.075 0.994 0.973
234 0.075 0.994 0.974
235 0.076 0.994 0.974
236 0.076 0.994 0.974
237 0.076 0.994 0.974
238 0.076 0.994 0.974
239 0.076 0.994 0.974
240 0.076 0.994 0.974
241 0.076 0.994 0.974
242 0.076 0.994 0.975
243 0.076 0.994 0.975
244 0.076 0.994 0.975
245 0.076 0.994 0.975
246 0.076 0.994 0.975
247 0.076 0.994 0.975
248 0.076 0.994 0.975
249 0.076 0.994 0.975
250 0.077 0.994 0.975
251 0.077 0.994 0.975
252 0.077 0.994 0.976
253 0.077 0.994 0.976
254 0.077 0.994 0.976
255 0.077 0.994 0.976
256 0.077 0.994 0.976
257 0.078 0.994 0.976
258 0.078 0.994 0.976
259 0.078 0.994 0.976
260 0.078 0.994 0.976
261 0.078 0.994 0.977
262 0.079 0.994 0.977
263 0.079 0.995 0.977
264 0.079 0.995 0.977
265 0.079 0.995 0.977
266 0.079 0.995 0.977
267 0.079 0.995 0.977
268 0.079 0.995 0.977
269 0.079 0.995 0.977
270 0.079 0.995 0.977
271 0.079 0.995 0.977
272 0.079 0.995 0.977
273 0.079 0.995 0.978
274 0.079 0.995 0.978
275 0.079 0.995 0.978
276 0.079 0.995 0.978
277 0.079 0.995 0.978
278 0.079 0.995 0.978
279 0.080 0.995 0.978
280 0.080 0.995 0.978
281 0.080 0.995 0.978
282 0.080 0.995 0.978
283 0.080 0.995 0.978
284 0.081 0.995 0.978
285 0.081 0.995 0.978
286 0.081 0.995 0.978
287 0.081 0.995 0.978
288 0.081 0.995 0.978
289 0.081 0.995 0.978
290 0.081 0.995 0.979
291 0.081 0.995 0.979
292 0.081 0.995 0.979
293 0.082 0.995 0.979
294 0.082 0.995 0.979
295 0.082 0.995 0.979
296 0.082 0.995 0.979
297 0.082 0.995 0.979
298 0.082 0.995 0.979
299 0.082 0.995 0.979
300 0.082 0.995 0.979
301 0.082 0.995 0.980
302 0.082 0.995 0.980
303 0.082 0.995 0.980
304 0.082 0.995 0.980
305 0.083 0.995 0.980
306 0.083 0.995 0.980
307 0.083 0.995 0.980
308 0.083 0.995 0.980
309 0.083 0.995 0.980
310 0.084 0.995 0.980
311 0.084 0.995 0.980
312 0.084 0.995 0.980
313 0.084 0.995 0.980
314 0.084 0.995 0.980
315 0.084 0.995 0.980
316 0.084 0.995 0.980
317 0.084 0.995 0.980
318 0.084 0.995 0.980
319 0.084 0.995 0.980
320 0.084 0.995 0.980
321 0.084 0.995 0.980
322 0.084 0.995 0.980
323 0.084 0.995 0.980
324 0.084 0.995 0.981
325 0.084 0.995 0.981
326 0.084 0.995 0.981
327 0.084 0.995 0.981
328 0.085 0.995 0.981
329 0.085 0.995 0.981
330 0.085 0.995 0.981
331 0.085 0.995 0.981
332 0.086 0.995 0.981
333 0.086 0.995 0.981
334 0.086 0.995 0.981
335 0.086 0.995 0.981
336 0.086 0.995 0.981
337 0.086 0.995 0.981
338 0.087 0.995 0.981
339 0.087 0.995 0.981
340 0.087 0.995 0.981
341 0.087 0.995 0.981
342 0.087 0.995 0.981
343 0.087 0.995 0.981
344 0.087 0.995 0.981
345 0.087 0.995 0.981
346 0.088 0.996 0.981
347 0.088 0.996 0.981
348 0.088 0.996 0.981
349 0.088 0.996 0.981
350 0.088 0.996 0.981
351 0.089 0.996 0.981
352 0.089 0.996 0.981
353 0.089 0.996 0.981
354 0.089 0.996 0.981
355 0.089 0.996 0.982
356 0.089 0.996 0.982
357 0.090 0.996 0.982
358 0.090 0.996 0.982
359 0.090 0.996 0.982
360 0.090 0.996 0.982
361 0.090 0.996 0.982
362 0.090 0.996 0.982
363 0.090 0.996 0.982
364 0.090 0.996 0.982
365 0.090 0.996 0.982
366 0.090 0.996 0.982
367 0.090 0.996 0.982
368 0.090 0.996 0.982
369 0.091 0.996 0.982
370 0.091 0.996 0.982
371 0.091 0.996 0.982
372 0.091 0.996 0.982
373 0.091 0.996 0.982
374 0.091 0.996 0.982
375 0.091 0.996 0.982
376 0.091 0.996 0.982
377 0.091 0.996 0.982
378 0.091 0.996 0.982
379 0.091 0.996 0.982
380 0.091 0.996 0.982
381 0.092 0.996 0.982
382 0.092 0.996 0.982
383 0.092 0.996 0.982
384 0.092 0.996 0.982
385 0.092 0.996 0.982
386 0.092 0.996 0.982
387 0.092 0.996 0.982
388 0.092 0.996 0.983
389 0.092 0.996 0.983
390 0.092 0.996 0.983
391 0.092 0.996 0.983
392 0.092 0.996 0.983
393 0.092 0.996 0.983
394 0.092 0.996 0.983
395 0.093 0.996 0.983
396 0.093 0.996 0.983
397 0.093 0.996 0.983
398 0.093 0.996 0.983
399 0.093 0.996 0.983
400 0.093 0.996 0.983
401 0.093 0.996 0.983
402 0.093 0.996 0.983
403 0.093 0.996 0.983
404 0.093 0.996 0.983
405 0.093 0.996 0.983
406 0.093 0.996 0.983
407 0.093 0.996 0.983
408 0.094 0.996 0.983
409 0.094 0.996 0.983
410 0.094 0.996 0.983
411 0.094 0.996 0.983
412 0.094 0.996 0.983
413 0.094 0.996 0.983
414 0.094 0.996 0.983
415 0.094 0.996 0.983
416 0.094 0.996 0.983
417 0.094 0.996 0.983
418 0.094 0.996 0.983
419 0.095 0.996 0.983
420 0.095 0.996 0.983
421 0.095 0.996 0.983
422 0.095 0.996 0.983
423 0.095 0.996 0.983
424 0.095 0.996 0.983
425 0.095 0.996 0.983
426 0.095 0.996 0.983
427 0.095 0.996 0.983
428 0.095 0.996 0.983
429 0.095 0.996 0.984
430 0.095 0.996 0.984
431 0.095 0.996 0.984
432 0.095 0.996 0.984
433 0.095 0.996 0.984
434 0.095 0.996 0.984
435 0.096 0.996 0.984
436 0.096 0.996 0.984
437 0.096 0.996 0.984
438 0.096 0.996 0.984
439 0.096 0.996 0.984
440 0.096 0.996 0.984
441 0.096 0.996 0.984
442 0.096 0.996 0.984
443 0.096 0.996 0.984
444 0.096 0.996 0.984
445 0.096 0.996 0.984
446 0.097 0.996 0.984
447 0.097 0.996 0.984
448 0.097 0.996 0.984
449 0.097 0.996 0.984
450 0.097 0.996 0.984
451 0.097 0.996 0.984
452 0.097 0.996 0.984
453 0.097 0.996 0.984
454 0.097 0.996 0.984
455 0.097 0.996 0.984
456 0.097 0.996 0.984
457 0.097 0.996 0.984
458 0.097 0.996 0.984
459 0.097 0.996 0.984
460 0.098 0.996 0.984
461 0.098 0.996 0.985
462 0.098 0.997 0.985
463 0.098 0.997 0.985
464 0.098 0.997 0.985
465 0.098 0.997 0.985
466 0.098 0.997 0.985
467 0.098 0.997 0.985
468 0.098 0.997 0.985
469 0.098 0.997 0.985
470 0.099 0.997 0.985
471 0.099 0.997 0.985
472 0.099 0.997 0.985
473 0.099 0.997 0.985
474 0.099 0.997 0.985
475 0.099 0.997 0.985
476 0.099 0.997 0.985
477 0.099 0.997 0.985
478 0.100 0.997 0.985
479 0.100 0.997 0.985
480 0.100 0.997 0.985
481 0.100 0.997 0.985
482 0.100 0.997 0.985
483 0.100 0.997 0.985
484 0.100 0.997 0.985
485 0.100 0.997 0.985
486 0.100 0.997 0.985
487 0.100 0.997 0.985
488 0.101 0.997 0.985
489 0.101 0.997 0.985
490 0.101 0.997 0.985
491 0.101 0.997 0.985
492 0.101 0.997 0.985
493 0.101 0.997 0.985
494 0.101 0.997 0.985
495 0.101 0.997 0.985
496 0.101 0.997 0.985
497 0.101 0.997 0.985
498 0.101 0.997 0.986
499 0.101 0.997 0.986
500 0.101 0.997 0.986
501 0.101 0.997 0.986
502 0.101 0.997 0.986
503 0.102 0.997 0.986
504 0.102 0.997 0.986
505 0.102 0.997 0.986
506 0.102 0.997 0.986
507 0.102 0.997 0.986
508 0.102 0.997 0.986
509 0.102 0.997 0.986
510 0.102 0.997 0.986
511 0.102 0.997 0.986
512 0.102 0.997 0.986
513 0.102 0.997 0.986
514 0.102 0.997 0.986
515 0.102 0.997 0.986
516 0.102 0.997 0.986
517 0.103 0.997 0.986
518 0.103 0.997 0.986
519 0.103 0.997 0.986
520 0.103 0.997 0.986
521 0.103 0.997 0.986
522 0.103 0.997 0.986
523 0.103 0.997 0.986
524 0.103 0.997 0.986
525 0.103 0.997 0.986
526 0.103 0.997 0.986
527 0.103 0.997 0.986
528 0.103 0.997 0.986
529 0.103 0.997 0.986
530 0.103 0.997 0.986
531 0.103 0.997 0.986
532 0.104 0.997 0.986
533 0.104 0.997 0.986
534 0.104 0.997 0.986
535 0.104 0.997 0.986
536 0.104 0.997 0.986
537 0.104 0.997 0.987
538 0.104 0.997 0.987
539 0.104 0.997 0.987
540 0.105 0.997 0.987
541 0.105 0.997 0.987
542 0.105 0.997 0.987
543 0.105 0.997 0.987
544 0.105 0.997 0.987
545 0.105 0.997 0.987
546 0.105 0.997 0.987
547 0.105 0.997 0.987
548 0.105 0.997 0.987
549 0.105 0.997 0.987
550 0.105 0.997 0.987
551 0.105 0.997 0.987
552 0.105 0.997 0.987
553 0.106 0.997 0.987
554 0.106 0.997 0.987
555 0.106 0.997 0.987
556 0.106 0.997 0.987
557 0.106 0.997 0.987
558 0.106 0.997 0.987
559 0.106 0.997 0.987
560 0.106 0.997 0.987
561 0.106 0.997 0.987
562 0.106 0.997 0.987
563 0.106 0.997 0.987
564 0.106 0.997 0.987
565 0.107 0.997 0.987
566 0.107 0.997 0.987
567 0.107 0.997 0.987
568 0.107 0.997 0.987
569 0.107 0.997 0.987
570 0.107 0.997 0.987
571 0.107 0.997 0.987
572 0.107 0.997 0.987
573 0.108 0.997 0.987
574 0.108 0.997 0.987
575 0.108 0.997 0.987
576 0.108 0.997 0.987
577 0.108 0.997 0.987
578 0.108 0.997 0.987
579 0.108 0.997 0.987
580 0.108 0.997 0.987
581 0.108 0.997 0.987
582 0.108 0.997 0.987
583 0.108 0.997 0.987
584 0.108 0.997 0.987
585 0.108 0.997 0.987
586 0.108 0.997 0.987
587 0.109 0.997 0.987
588 0.109 0.997 0.987
589 0.109 0.997 0.987
590 0.109 0.997 0.987
591 0.109 0.997 0.987
592 0.109 0.997 0.987
593 0.109 0.997 0.987
594 0.109 0.997 0.987
595 0.109 0.997 0.987
596 0.109 0.997 0.987
597 0.109 0.997 0.987
598 0.109 0.997 0.987
599 0.110 0.997 0.987
600 0.110 0.997 0.987
601 0.110 0.997 0.987
602 0.110 0.997 0.987
603 0.110 0.997 0.987
604 0.110 0.997 0.987
605 0.110 0.997 0.987
606 0.110 0.997 0.987
607 0.111 0.997 0.988
608 0.111 0.997 0.988
609 0.111 0.997 0.988
610 0.111 0.997 0.988
611 0.111 0.997 0.988
612 0.111 0.997 0.988
613 0.111 0.997 0.988
614 0.111 0.997 0.988
615 0.111 0.997 0.988
616 0.111 0.997 0.988
617 0.111 0.997 0.988
618 0.111 0.997 0.988
619 0.111 0.997 0.988
620 0.111 0.997 0.988
621 0.111 0.997 0.988
622 0.111 0.997 0.988
623 0.111 0.997 0.988
624 0.112 0.997 0.988
625 0.112 0.997 0.988
626 0.112 0.997 0.988
627 0.112 0.997 0.988
628 0.112 0.997 0.988
629 0.113 0.997 0.988
630 0.113 0.997 0.988
631 0.113 0.997 0.988
632 0.113 0.997 0.988
633 0.113 0.997 0.988
634 0.113 0.997 0.988
635 0.113 0.997 0.988
636 0.113 0.997 0.988
637 0.114 0.997 0.988
638 0.114 0.997 0.988
639 0.114 0.997 0.988
640 0.114 0.997 0.988
641 0.114 0.997 0.988
642 0.114 0.997 0.988
643 0.114 0.997 0.988
644 0.114 0.997 0.988
645 0.114 0.997 0.988
646 0.114 0.997 0.988
647 0.114 0.997 0.988
648 0.114 0.997 0.988
649 0.114 0.997 0.988
650 0.114 0.997 0.988
651 0.114 0.997 0.988
652 0.115 0.997 0.988
653 0.115 0.997 0.988
654 0.115 0.997 0.988
655 0.115 0.997 0.988
656 0.115 0.997 0.988
657 0.115 0.997 0.988
658 0.115 0.997 0.988
659 0.115 0.997 0.988
660 0.115 0.997 0.988
661 0.115 0.997 0.988
662 0.115 0.997 0.988
663 0.115 0.997 0.988
664 0.115 0.997 0.988
665 0.116 0.997 0.988
666 0.116 0.997 0.988
667 0.116 0.997 0.988
668 0.116 0.997 0.988
669 0.116 0.997 0.988
670 0.116 0.997 0.988
671 0.116 0.997 0.988
672 0.116 0.997 0.988
673 0.116 0.997 0.988
674 0.116 0.997 0.988
675 0.116 0.997 0.988
676 0.117 0.997 0.988
677 0.117 0.997 0.988
678 0.117 0.998 0.988
679 0.117 0.998 0.988
680 0.117 0.998 0.988
681 0.117 0.998 0.988
682 0.117 0.998 0.989
683 0.117 0.998 0.989
684 0.117 0.998 0.989
685 0.117 0.998 0.989
686 0.117 0.998 0.989
687 0.118 0.998 0.989
688 0.118 0.998 0.989
689 0.118 0.998 0.989
690 0.118 0.998 0.989
691 0.118 0.998 0.989
692 0.118 0.998 0.989
693 0.118 0.998 0.989
694 0.118 0.998 0.989
695 0.118 0.998 0.989
696 0.118 0.998 0.989
697 0.118 0.998 0.989
698 0.118 0.998 0.989
699 0.118 0.998 0.989
700 0.118 0.998 0.989
701 0.119 0.998 0.989
702 0.119 0.998 0.989
703 0.119 0.998 0.989
704 0.119 0.998 0.989
705 0.119 0.998 0.989
706 0.119 0.998 0.989
707 0.119 0.998 0.989
708 0.119 0.998 0.989
709 0.119 0.998 0.989
710 0.119 0.998 0.989
711 0.119 0.998 0.989
712 0.119 0.998 0.989
713 0.119 0.998 0.989
714 0.119 0.998 0.989
715 0.119 0.998 0.989
716 0.120 0.998 0.989
717 0.120 0.998 0.989
718 0.120 0.998 0.989
719 0.120 0.998 0.989
720 0.120 0.998 0.989
721 0.120 0.998 0.989
722 0.120 0.998 0.989
723 0.120 0.998 0.989
724 0.120 0.998 0.989
725 0.120 0.998 0.989
726 0.120 0.998 0.989
727 0.121 0.998 0.989
728 0.121 0.998 0.989
729 0.121 0.998 0.989
730 0.121 0.998 0.989
731 0.121 0.998 0.989
732 0.121 0.998 0.989
733 0.121 0.998 0.989
734 0.121 0.998 0.989
735 0.121 0.998 0.989
736 0.122 0.998 0.989
737 0.122 0.998 0.989
738 0.122 0.998 0.989
739 0.122 0.998 0.989
740 0.122 0.998 0.989
741 0.122 0.998 0.989
742 0.122 0.998 0.989
743 0.122 0.998 0.989
744 0.123 0.998 0.989
745 0.123 0.998 0.989
746 0.123 0.998 0.989
747 0.123 0.998 0.989
748 0.123 0.998 0.989
749 0.123 0.998 0.989
750 0.123 0.998 0.989
751 0.123 0.998 0.989
752 0.123 0.998 0.989
753 0.123 0.998 0.989
754 0.123 0.998 0.989
755 0.124 0.998 0.989
756 0.124 0.998 0.989
757 0.124 0.998 0.989
758 0.124 0.998 0.989
759 0.124 0.998 0.989
760 0.124 0.998 0.989
761 0.124 0.998 0.989
762 0.124 0.998 0.989
763 0.124 0.998 0.989
764 0.124 0.998 0.989
765 0.124 0.998 0.989
766 0.125 0.998 0.990
767 0.125 0.998 0.990
768 0.125 0.998 0.990
769 0.125 0.998 0.990
770 0.125 0.998 0.990
771 0.126 0.998 0.990
772 0.126 0.998 0.990
773 0.126 0.998 0.990
774 0.126 0.998 0.990
775 0.126 0.998 0.990
776 0.127 0.998 0.990
777 0.127 0.998 0.990
778 0.127 0.998 0.990
779 0.127 0.998 0.990
780 0.127 0.998 0.990
781 0.127 0.998 0.990
782 0.127 0.998 0.990
783 0.127 0.998 0.990
784 0.127 0.998 0.990
785 0.127 0.998 0.990
786 0.127 0.998 0.990
787 0.127 0.998 0.990
788 0.127 0.998 0.990
789 0.128 0.998 0.990
790 0.128 0.998 0.990
791 0.128 0.998 0.990
792 0.128 0.998 0.990
793 0.128 0.998 0.990
794 0.128 0.998 0.990
795 0.129 0.998 0.990
796 0.129 0.998 0.990
797 0.129 0.998 0.990
798 0.129 0.998 0.990
799 0.129 0.998 0.990
800 0.129 0.998 0.990
801 0.129 0.998 0.990
802 0.129 0.998 0.990
803 0.129 0.998 0.990
804 0.129 0.998 0.990
805 0.129 0.998 0.990
806 0.129 0.998 0.990
807 0.130 0.998 0.990
808 0.130 0.998 0.990
809 0.130 0.998 0.990
810 0.130 0.998 0.990
811 0.130 0.998 0.990
812 0.130 0.998 0.990
813 0.130 0.998 0.990
814 0.131 0.998 0.990
815 0.131 0.998 0.990
816 0.131 0.998 0.990
817 0.131 0.998 0.990
818 0.131 0.998 0.990
819 0.131 0.998 0.990
820 0.131 0.998 0.990
821 0.132 0.998 0.990
822 0.132 0.998 0.990
823 0.132 0.998 0.990
824 0.132 0.998 0.990
825 0.132 0.998 0.990
826 0.132 0.998 0.990
827 0.132 0.998 0.990
828 0.132 0.998 0.990
829 0.133 0.998 0.990
830 0.133 0.998 0.990
831 0.133 0.998 0.990
832 0.133 0.998 0.990
833 0.133 0.998 0.991
834 0.133 0.998 0.991
835 0.133 0.998 0.991
836 0.133 0.998 0.991
837 0.133 0.998 0.991
838 0.134 0.998 0.991
839 0.134 0.998 0.991
840 0.134 0.998 0.991
841 0.134 0.998 0.991
842 0.134 0.998 0.991
843 0.134 0.998 0.991
844 0.134 0.998 0.991
845 0.134 0.998 0.991
846 0.134 0.998 0.991
847 0.134 0.998 0.991
848 0.134 0.998 0.991
849 0.134 0.998 0.991
850 0.134 0.998 0.991
851 0.135 0.998 0.991
852 0.135 0.998 0.991
853 0.135 0.998 0.991
854 0.135 0.998 0.991
855 0.135 0.998 0.991
856 0.135 0.998 0.991
857 0.135 0.998 0.991
858 0.135 0.998 0.991
859 0.135 0.998 0.991
860 0.135 0.998 0.991
861 0.136 0.998 0.991
862 0.136 0.998 0.991
863 0.136 0.998 0.991
864 0.136 0.998 0.991
865 0.136 0.998 0.991
866 0.136 0.998 0.991
867 0.136 0.998 0.991
868 0.137 0.998 0.991
869 0.137 0.998 0.991
870 0.137 0.998 0.991
871 0.137 0.998 0.991
872 0.137 0.998 0.991
873 0.137 0.998 0.991
874 0.137 0.998 0.991
875 0.137 0.998 0.991
876 0.137 0.998 0.991
877 0.137 0.998 0.991
878 0.137 0.998 0.991
879 0.137 0.998 0.991
880 0.137 0.998 0.991
881 0.137 0.998 0.991
882 0.138 0.998 0.991
883 0.138 0.998 0.991
884 0.138 0.998 0.991
885 0.138 0.998 0.991
886 0.138 0.998 0.991
887 0.138 0.998 0.991
888 0.138 0.998 0.991
889 0.138 0.998 0.991
890 0.138 0.998 0.991
891 0.139 0.998 0.991
892 0.139 0.998 0.991
893 0.139 0.998 0.991
894 0.139 0.998 0.991
895 0.139 0.998 0.991
896 0.139 0.998 0.991
897 0.139 0.998 0.991
898 0.139 0.998 0.991
899 0.139 0.998 0.991
900 0.139 0.998 0.991
901 0.139 0.998 0.991
902 0.140 0.998 0.991
903 0.140 0.998 0.991
904 0.140 0.998 0.991
905 0.140 0.998 0.991
906 0.140 0.998 0.991
907 0.140 0.998 0.991
908 0.140 0.998 0.991
909 0.140 0.998 0.991
910 0.140 0.998 0.991
911 0.140 0.998 0.991
912 0.141 0.998 0.991
913 0.141 0.998 0.991
914 0.141 0.998 0.991
915 0.141 0.998 0.991
916 0.141 0.998 0.991
917 0.141 0.998 0.991
918 0.141 0.998 0.991
919 0.141 0.998 0.991
920 0.141 0.998 0.992
921 0.141 0.998 0.992
922 0.141 0.998 0.992
923 0.142 0.998 0.992
924 0.142 0.998 0.992
925 0.142 0.998 0.992
926 0.142 0.998 0.992
927 0.142 0.998 0.992
928 0.142 0.998 0.992
929 0.142 0.998 0.992
930 0.142 0.998 0.992
931 0.142 0.998 0.992
932 0.142 0.998 0.992
933 0.142 0.998 0.992
934 0.142 0.998 0.992
935 0.143 0.998 0.992
936 0.143 0.998 0.992
937 0.143 0.998 0.992
938 0.143 0.998 0.992
939 0.143 0.998 0.992
940 0.143 0.998 0.992
941 0.143 0.998 0.992
942 0.143 0.998 0.992
943 0.143 0.998 0.992
944 0.144 0.998 0.992
945 0.144 0.998 0.992
946 0.144 0.998 0.992
947 0.144 0.998 0.992
948 0.144 0.998 0.992
949 0.144 0.998 0.992
950 0.144 0.998 0.992
951 0.144 0.998 0.992
952 0.144 0.998 0.992
953 0.144 0.998 0.992
954 0.144 0.998 0.992
955 0.144 0.998 0.992
956 0.144 0.998 0.992
957 0.144 0.998 0.992
958 0.145 0.998 0.992
959 0.145 0.998 0.992
960 0.145 0.998 0.992
961 0.145 0.998 0.992
962 0.145 0.998 0.992
963 0.145 0.998 0.992
964 0.146 0.998 0.992
965 0.146 0.998 0.992
966 0.146 0.998 0.992
967 0.146 0.998 0.992
968 0.146 0.998 0.992
969 0.147 0.998 0.992
970 0.147 0.998 0.992
971 0.147 0.998 0.992
972 0.147 0.998 0.992
973 0.147 0.998 0.992
974 0.147 0.998 0.992
975 0.147 0.998 0.992
976 0.147 0.998 0.992
977 0.147 0.998 0.992
978 0.147 0.998 0.992
979 0.147 0.998 0.992
980 0.147 0.998 0.992
981 0.147 0.998 0.992
982 0.147 0.998 0.992
983 0.147 0.998 0.992
984 0.148 0.998 0.992
985 0.148 0.998 0.992
986 0.148 0.998 0.992
987 0.148 0.998 0.992
988 0.148 0.998 0.992
989 0.148 0.998 0.992
990 0.148 0.998 0.992
991 0.148 0.998 0.992
992 0.148 0.998 0.992
993 0.148 0.998 0.992
994 0.148 0.998 0.992
995 0.148 0.998 0.992
996 0.148 0.998 0.992
997 0.148 0.998 0.992
998 0.149 0.998 0.992
999 0.149 0.998 0.992
1000 0.149 0.998 0.992
1001 0.149 0.998 0.992
1002 0.149 0.998 0.992
1003 0.150 0.998 0.992
1004 0.150 0.998 0.992
1005 0.150 0.998 0.992
1006 0.150 0.998 0.992
1007 0.150 0.998 0.992
1008 0.150 0.998 0.992
1009 0.150 0.998 0.992
1010 0.150 0.998 0.992
1011 0.150 0.998 0.992
1012 0.150 0.998 0.992
1013 0.150 0.998 0.992
1014 0.150 0.998 0.992
1015 0.151 0.998 0.992
1016 0.151 0.998 0.992
1017 0.151 0.998 0.992
1018 0.151 0.998 0.992
1019 0.151 0.998 0.992
1020 0.151 0.998 0.992
1021 0.151 0.998 0.992
1022 0.151 0.998 0.992
1023 0.152 0.998 0.992
1024 0.152 0.998 0.992
1025 0.152 0.998 0.992
1026 0.152 0.998 0.992
1027 0.152 0.998 0.992
1028 0.152 0.998 0.992
1029 0.152 0.998 0.992
1030 0.152 0.998 0.992
1031 0.152 0.998 0.992
1032 0.152 0.998 0.992
1033 0.152 0.998 0.992
1034 0.152 0.998 0.992
1035 0.152 0.998 0.992
1036 0.153 0.998 0.992
1037 0.153 0.998 0.992
1038 0.153 0.998 0.992
1039 0.153 0.998 0.992
1040 0.153 0.998 0.992
1041 0.153 0.998 0.992
1042 0.153 0.998 0.992
1043 0.153 0.998 0.992
1044 0.154 0.998 0.992
1045 0.154 0.998 0.992
1046 0.154 0.998 0.993
1047 0.154 0.998 0.993
1048 0.154 0.998 0.993
1049 0.154 0.998 0.993
1050 0.154 0.998 0.993
1051 0.154 0.998 0.993
1052 0.154 0.998 0.993
1053 0.154 0.998 0.993
1054 0.154 0.998 0.993
1055 0.154 0.998 0.993
1056 0.154 0.998 0.993
1057 0.154 0.998 0.993
1058 0.154 0.998 0.993
1059 0.155 0.998 0.993
1060 0.155 0.998 0.993
1061 0.155 0.998 0.993
1062 0.155 0.998 0.993
1063 0.155 0.998 0.993
1064 0.155 0.998 0.993
1065 0.155 0.998 0.993
1066 0.155 0.998 0.993
1067 0.155 0.998 0.993
1068 0.156 0.998 0.993
1069 0.156 0.998 0.993
1070 0.156 0.998 0.993
1071 0.156 0.998 0.993
1072 0.156 0.998 0.993
1073 0.156 0.998 0.993
1074 0.156 0.998 0.993
1075 0.156 0.998 0.993
1076 0.156 0.998 0.993
1077 0.157 0.998 0.993
1078 0.157 0.998 0.993
1079 0.157 0.998 0.993
1080 0.157 0.998 0.993
1081 0.157 0.998 0.993
1082 0.157 0.998 0.993
1083 0.158 0.998 0.993
1084 0.158 0.998 0.993
1085 0.158 0.998 0.993
1086 0.158 0.998 0.993
1087 0.158 0.998 0.993
1088 0.158 0.998 0.993
1089 0.158 0.998 0.993
1090 0.158 0.998 0.993
1091 0.158 0.998 0.993
1092 0.158 0.998 0.993
1093 0.158 0.998 0.993
1094 0.159 0.998 0.993
1095 0.159 0.998 0.993
1096 0.159 0.999 0.993
1097 0.159 0.999 0.993
1098 0.159 0.999 0.993
1099 0.159 0.999 0.993
1100 0.159 0.999 0.993
1101 0.159 0.999 0.993
1102 0.159 0.999 0.993
1103 0.160 0.999 0.993
1104 0.160 0.999 0.993
1105 0.160 0.999 0.993
1106 0.160 0.999 0.993
1107 0.160 0.999 0.993
1108 0.160 0.999 0.993
1109 0.160 0.999 0.993
1110 0.160 0.999 0.993
1111 0.160 0.999 0.993
1112 0.160 0.999 0.993
1113 0.161 0.999 0.993
1114 0.161 0.999 0.993
1115 0.161 0.999 0.993
1116 0.161 0.999 0.993
1117 0.161 0.999 0.993
1118 0.161 0.999 0.993
1119 0.161 0.999 0.993
1120 0.161 0.999 0.993
1121 0.161 0.999 0.993
1122 0.161 0.999 0.993
1123 0.161 0.999 0.993
1124 0.161 0.999 0.993
1125 0.161 0.999 0.993
1126 0.161 0.999 0.993
1127 0.161 0.999 0.993
1128 0.161 0.999 0.993
1129 0.162 0.999 0.993
1130 0.162 0.999 0.993
1131 0.162 0.999 0.993
1132 0.162 0.999 0.993
1133 0.162 0.999 0.993
1134 0.162 0.999 0.993
1135 0.162 0.999 0.993
1136 0.162 0.999 0.993
1137 0.162 0.999 0.993
1138 0.162 0.999 0.993
1139 0.162 0.999 0.993
1140 0.162 0.999 0.993
1141 0.163 0.999 0.993
1142 0.163 0.999 0.993
1143 0.163 0.999 0.993
1144 0.163 0.999 0.993
1145 0.163 0.999 0.993
1146 0.163 0.999 0.993
1147 0.163 0.999 0.993
1148 0.163 0.999 0.993
1149 0.163 0.999 0.993
1150 0.163 0.999 0.993
1151 0.164 0.999 0.993
1152 0.164 0.999 0.993
1153 0.164 0.999 0.993
1154 0.164 0.999 0.993
1155 0.164 0.999 0.993
1156 0.164 0.999 0.993
1157 0.164 0.999 0.993
1158 0.164 0.999 0.993
1159 0.164 0.999 0.993
1160 0.164 0.999 0.993
1161 0.164 0.999 0.993
1162 0.164 0.999 0.993
1163 0.165 0.999 0.993
1164 0.165 0.999 0.993
1165 0.165 0.999 0.993
1166 0.165 0.999 0.993
1167 0.165 0.999 0.993
1168 0.165 0.999 0.993
1169 0.165 0.999 0.993
1170 0.165 0.999 0.993
1171 0.165 0.999 0.993
1172 0.165 0.999 0.993
1173 0.165 0.999 0.993
1174 0.165 0.999 0.993
1175 0.165 0.999 0.993
1176 0.166 0.999 0.993
1177 0.166 0.999 0.993
1178 0.166 0.999 0.993
1179 0.166 0.999 0.993
1180 0.166 0.999 0.993
1181 0.166 0.999 0.993
1182 0.166 0.999 0.993
1183 0.166 0.999 0.993
1184 0.166 0.999 0.993
1185 0.167 0.999 0.993
1186 0.167 0.999 0.993
1187 0.167 0.999 0.993
1188 0.167 0.999 0.993
1189 0.167 0.999 0.993
1190 0.167 0.999 0.993
1191 0.167 0.999 0.993
1192 0.167 0.999 0.993
1193 0.167 0.999 0.993
1194 0.167 0.999 0.993
1195 0.168 0.999 0.993
1196 0.168 0.999 0.993
1197 0.168 0.999 0.993
1198 0.168 0.999 0.994
1199 0.168 0.999 0.994
1200 0.168 0.999 0.994
1201 0.168 0.999 0.994
1202 0.168 0.999 0.994
1203 0.168 0.999 0.994
1204 0.168 0.999 0.994
1205 0.168 0.999 0.994
1206 0.168 0.999 0.994
1207 0.169 0.999 0.994
1208 0.169 0.999 0.994
1209 0.169 0.999 0.994
1210 0.169 0.999 0.994
1211 0.169 0.999 0.994
1212 0.169 0.999 0.994
1213 0.169 0.999 0.994
1214 0.169 0.999 0.994
1215 0.169 0.999 0.994
1216 0.169 0.999 0.994
1217 0.169 0.999 0.994
1218 0.169 0.999 0.994
1219 0.169 0.999 0.994
1220 0.170 0.999 0.994
1221 0.170 0.999 0.994
1222 0.170 0.999 0.994
1223 0.170 0.999 0.994
1224 0.170 0.999 0.994
1225 0.170 0.999 0.994
1226 0.170 0.999 0.994
1227 0.170 0.999 0.994
1228 0.170 0.999 0.994
1229 0.170 0.999 0.994
1230 0.170 0.999 0.994
1231 0.170 0.999 0.994
1232 0.170 0.999 0.994
1233 0.170 0.999 0.994
1234 0.170 0.999 0.994
1235 0.170 0.999 0.994
1236 0.170 0.999 0.994
1237 0.170 0.999 0.994
1238 0.170 0.999 0.994
1239 0.171 0.999 0.994
1240 0.171 0.999 0.994
1241 0.171 0.999 0.994
1242 0.171 0.999 0.994
1243 0.171 0.999 0.994
1244 0.171 0.999 0.994
1245 0.171 0.999 0.994
1246 0.171 0.999 0.994
1247 0.171 0.999 0.994
1248 0.171 0.999 0.994
1249 0.171 0.999 0.994
1250 0.171 0.999 0.994
1251 0.171 0.999 0.994
1252 0.171 0.999 0.994
1253 0.171 0.999 0.994
1254 0.171 0.999 0.994
1255 0.171 0.999 0.994
1256 0.172 0.999 0.994
1257 0.172 0.999 0.994
1258 0.172 0.999 0.994
1259 0.172 0.999 0.994
1260 0.172 0.999 0.994
1261 0.172 0.999 0.994
1262 0.172 0.999 0.994
1263 0.172 0.999 0.994
1264 0.172 0.999 0.994
1265 0.172 0.999 0.994
1266 0.172 0.999 0.994
1267 0.172 0.999 0.994
1268 0.172 0.999 0.994
1269 0.172 0.999 0.994
1270 0.172 0.999 0.994
1271 0.172 0.999 0.994
1272 0.172 0.999 0.994
1273 0.172 0.999 0.994
1274 0.172 0.999 0.994
1275 0.173 0.999 0.994
1276 0.173 0.999 0.994
1277 0.173 0.999 0.994
1278 0.173 0.999 0.994
1279 0.173 0.999 0.994
1280 0.173 0.999 0.994
1281 0.173 0.999 0.994
1282 0.173 0.999 0.994
1283 0.173 0.999 0.994
1284 0.173 0.999 0.994
1285 0.173 0.999 0.994
1286 0.173 0.999 0.994
1287 0.173 0.999 0.994
1288 0.173 0.999 0.994
1289 0.173 0.999 0.994
1290 0.174 0.999 0.994
1291 0.174 0.999 0.994
1292 0.174 0.999 0.994
1293 0.174 0.999 0.994
1294 0.174 0.999 0.994
1295 0.174 0.999 0.994
1296 0.174 0.999 0.994
1297 0.174 0.999 0.994
1298 0.174 0.999 0.994
1299 0.174 0.999 0.994
1300 0.174 0.999 0.994
1301 0.174 0.999 0.994
1302 0.174 0.999 0.994
1303 0.174 0.999 0.994
1304 0.174 0.999 0.994
1305 0.174 0.999 0.994
1306 0.174 0.999 0.994
1307 0.174 0.999 0.994
1308 0.174 0.999 0.994
1309 0.174 0.999 0.994
1310 0.174 0.999 0.994
1311 0.175 0.999 0.994
1312 0.175 0.999 0.994
1313 0.175 0.999 0.994
1314 0.175 0.999 0.994
1315 0.175 0.999 0.994
1316 0.175 0.999 0.994
1317 0.175 0.999 0.994
1318 0.175 0.999 0.994
1319 0.175 0.999 0.994
1320 0.175 0.999 0.994
1321 0.175 0.999 0.994
1322 0.175 0.999 0.994
1323 0.176 0.999 0.994
1324 0.176 0.999 0.994
1325 0.176 0.999 0.994
1326 0.176 0.999 0.994
1327 0.176 0.999 0.994
1328 0.176 0.999 0.994
1329 0.176 0.999 0.994
1330 0.176 0.999 0.994
1331 0.176 0.999 0.994
1332 0.176 0.999 0.994
1333 0.176 0.999 0.994
1334 0.176 0.999 0.994
1335 0.176 0.999 0.994
1336 0.176 0.999 0.994
1337 0.177 0.999 0.994
1338 0.177 0.999 0.994
1339 0.177 0.999 0.994
1340 0.177 0.999 0.994
1341 0.177 0.999 0.994
1342 0.177 0.999 0.994
1343 0.177 0.999 0.994
1344 0.177 0.999 0.994
1345 0.177 0.999 0.994
1346 0.177 0.999 0.994
1347 0.178 0.999 0.994
1348 0.178 0.999 0.994
1349 0.178 0.999 0.994
1350 0.178 0.999 0.994
1351 0.178 0.999 0.994
1352 0.178 0.999 0.994
1353 0.178 0.999 0.994
1354 0.178 0.999 0.994
1355 0.178 0.999 0.994
1356 0.178 0.999 0.994
1357 0.178 0.999 0.994
1358 0.178 0.999 0.995
1359 0.178 0.999 0.995
1360 0.178 0.999 0.995
1361 0.178 0.999 0.995
1362 0.179 0.999 0.995
1363 0.179 0.999 0.995
1364 0.179 0.999 0.995
1365 0.179 0.999 0.995
1366 0.179 0.999 0.995
1367 0.179 0.999 0.995
1368 0.179 0.999 0.995
1369 0.179 0.999 0.995
1370 0.179 0.999 0.995
1371 0.179 0.999 0.995
1372 0.179 0.999 0.995
1373 0.179 0.999 0.995
1374 0.179 0.999 0.995
1375 0.180 0.999 0.995
1376 0.180 0.999 0.995
1377 0.180 0.999 0.995
1378 0.180 0.999 0.995
1379 0.180 0.999 0.995
1380 0.180 0.999 0.995
1381 0.180 0.999 0.995
1382 0.180 0.999 0.995
1383 0.180 0.999 0.995
1384 0.180 0.999 0.995
1385 0.180 0.999 0.995
1386 0.180 0.999 0.995
1387 0.180 0.999 0.995
1388 0.180 0.999 0.995
1389 0.180 0.999 0.995
1390 0.180 0.999 0.995
1391 0.180 0.999 0.995
1392 0.180 0.999 0.995
1393 0.180 0.999 0.995
1394 0.180 0.999 0.995
1395 0.180 0.999 0.995
1396 0.180 0.999 0.995
1397 0.181 0.999 0.995
1398 0.181 0.999 0.995
1399 0.181 0.999 0.995
1400 0.181 0.999 0.995
1401 0.181 0.999 0.995
1402 0.181 0.999 0.995
1403 0.181 0.999 0.995
1404 0.181 0.999 0.995
1405 0.181 0.999 0.995
1406 0.181 0.999 0.995
1407 0.181 0.999 0.995
1408 0.181 0.999 0.995
1409 0.181 0.999 0.995
1410 0.181 0.999 0.995
1411 0.181 0.999 0.995
1412 0.181 0.999 0.995
1413 0.181 0.999 0.995
1414 0.181 0.999 0.995
1415 0.182 0.999 0.995
1416 0.182 0.999 0.995
1417 0.182 0.999 0.995
1418 0.182 0.999 0.995
1419 0.182 0.999 0.995
1420 0.182 0.999 0.995
1421 0.182 0.999 0.995
1422 0.182 0.999 0.995
1423 0.182 0.999 0.995
1424 0.182 0.999 0.995
1425 0.182 0.999 0.995
1426 0.182 0.999 0.995
1427 0.182 0.999 0.995
1428 0.182 0.999 0.995
1429 0.182 0.999 0.995
1430 0.183 0.999 0.995
1431 0.183 0.999 0.995
1432 0.183 0.999 0.995
1433 0.183 0.999 0.995
1434 0.183 0.999 0.995
1435 0.183 0.999 0.995
1436 0.183 0.999 0.995
1437 0.183 0.999 0.995
1438 0.183 0.999 0.995
1439 0.183 0.999 0.995
1440 0.183 0.999 0.995
1441 0.183 0.999 0.995
1442 0.184 0.999 0.995
1443 0.184 0.999 0.995
1444 0.184 0.999 0.995
1445 0.184 0.999 0.995
1446 0.184 0.999 0.995
1447 0.184 0.999 0.995
1448 0.184 0.999 0.995
1449 0.184 0.999 0.995
1450 0.184 0.999 0.995
1451 0.184 0.999 0.995
1452 0.184 0.999 0.995
1453 0.184 0.999 0.995
1454 0.184 0.999 0.995
1455 0.184 0.999 0.995
1456 0.184 0.999 0.995
1457 0.184 0.999 0.995
1458 0.184 0.999 0.995
1459 0.184 0.999 0.995
1460 0.184 0.999 0.995
1461 0.185 0.999 0.995
1462 0.185 0.999 0.995
1463 0.185 0.999 0.995
1464 0.185 0.999 0.995
1465 0.185 0.999 0.995
1466 0.185 0.999 0.995
1467 0.185 0.999 0.995
1468 0.185 0.999 0.995
1469 0.185 0.999 0.995
1470 0.185 0.999 0.995
1471 0.185 0.999 0.995
1472 0.186 0.999 0.995
1473 0.186 0.999 0.995
1474 0.186 0.999 0.995
1475 0.186 0.999 0.995
1476 0.186 0.999 0.995
1477 0.186 0.999 0.995
1478 0.186 0.999 0.995
1479 0.186 0.999 0.995
1480 0.186 0.999 0.995
1481 0.186 0.999 0.995
1482 0.186 0.999 0.995
1483 0.186 0.999 0.995
1484 0.186 0.999 0.995
1485 0.186 0.999 0.995
1486 0.186 0.999 0.995
1487 0.186 0.999 0.995
1488 0.186 0.999 0.995
1489 0.187 0.999 0.995
1490 0.187 0.999 0.995
1491 0.187 0.999 0.995
1492 0.187 0.999 0.995
1493 0.187 0.999 0.995
1494 0.187 0.999 0.995
1495 0.187 0.999 0.995
1496 0.187 0.999 0.995
1497 0.187 0.999 0.995
1498 0.187 0.999 0.995
1499 0.187 0.999 0.995
1500 0.187 0.999 0.995
1501 0.187 0.999 0.995
1502 0.187 0.999 0.995
1503 0.187 0.999 0.995
1504 0.187 0.999 0.995
1505 0.187 0.999 0.995
1506 0.187 0.999 0.995
1507 0.187 0.999 0.995
1508 0.187 0.999 0.995
1509 0.187 0.999 0.995
1510 0.187 0.999 0.995
1511 0.187 0.999 0.995
1512 0.187 0.999 0.995
1513 0.187 0.999 0.995
1514 0.188 0.999 0.995
1515 0.188 0.999 0.995
1516 0.188 0.999 0.995
1517 0.188 0.999 0.995
1518 0.188 0.999 0.995
1519 0.188 0.999 0.995
1520 0.188 0.999 0.995
1521 0.188 0.999 0.995
1522 0.188 0.999 0.995
1523 0.188 0.999 0.995
1524 0.188 0.999 0.995
1525 0.188 0.999 0.995
1526 0.188 0.999 0.995
1527 0.188 0.999 0.995
1528 0.188 0.999 0.995
1529 0.188 0.999 0.995
1530 0.188 0.999 0.995
1531 0.189 0.999 0.995
1532 0.189 0.999 0.995
1533 0.189 0.999 0.995
1534 0.189 0.999 0.995
1535 0.189 0.999 0.995
1536 0.189 0.999 0.995
1537 0.189 0.999 0.995
1538 0.189 0.999 0.995
1539 0.189 0.999 0.995
1540 0.189 0.999 0.995
1541 0.189 0.999 0.995
1542 0.189 0.999 0.995
1543 0.189 0.999 0.995
1544 0.189 0.999 0.995
1545 0.189 0.999 0.995
1546 0.190 0.999 0.995
1547 0.190 0.999 0.995
1548 0.190 0.999 0.995
1549 0.190 0.999 0.995
1550 0.190 0.999 0.995
1551 0.190 0.999 0.995
1552 0.190 0.999 0.995
1553 0.190 0.999 0.995
1554 0.190 0.999 0.995
1555 0.190 0.999 0.995
1556 0.190 0.999 0.995
1557 0.190 0.999 0.995
1558 0.190 0.999 0.995
1559 0.190 0.999 0.995
1560 0.190 0.999 0.995
1561 0.190 0.999 0.995
1562 0.190 0.999 0.995
1563 0.190 0.999 0.995
1564 0.191 0.999 0.995
1565 0.191 0.999 0.995
1566 0.191 0.999 0.995
1567 0.191 0.999 0.995
1568 0.191 0.999 0.995
1569 0.191 0.999 0.995
1570 0.191 0.999 0.995
1571 0.191 0.999 0.995
1572 0.191 0.999 0.995
1573 0.191 0.999 0.995
1574 0.191 0.999 0.995
1575 0.191 0.999 0.995
1576 0.191 0.999 0.995
1577 0.191 0.999 0.995
1578 0.191 0.999 0.995
1579 0.191 0.999 0.995
1580 0.191 0.999 0.995
1581 0.191 0.999 0.995
1582 0.191 0.999 0.995
1583 0.191 0.999 0.995
1584 0.191 0.999 0.995
1585 0.191 0.999 0.995
1586 0.191 0.999 0.995
1587 0.192 0.999 0.995
1588 0.192 0.999 0.995
1589 0.192 0.999 0.995
1590 0.192 0.999 0.995
1591 0.192 0.999 0.995
1592 0.192 0.999 0.995
1593 0.192 0.999 0.995
1594 0.192 0.999 0.995
1595 0.192 0.999 0.995
1596 0.192 0.999 0.995
1597 0.192 0.999 0.995
1598 0.192 0.999 0.995
1599 0.193 0.999 0.995
1600 0.193 0.999 0.995
1601 0.193 0.999 0.995
1602 0.193 0.999 0.995
1603 0.193 0.999 0.996
1604 0.193 0.999 0.996
1605 0.193 0.999 0.996
1606 0.193 0.999 0.996
1607 0.193 0.999 0.996
1608 0.193 0.999 0.996
1609 0.193 0.999 0.996
1610 0.193 0.999 0.996
1611 0.193 0.999 0.996
1612 0.193 0.999 0.996
1613 0.193 0.999 0.996
1614 0.193 0.999 0.996
1615 0.194 0.999 0.996
1616 0.194 0.999 0.996
1617 0.194 0.999 0.996
1618 0.194 0.999 0.996
1619 0.194 0.999 0.996
1620 0.194 0.999 0.996
1621 0.194 0.999 0.996
1622 0.194 0.999 0.996
1623 0.194 0.999 0.996
1624 0.194 0.999 0.996
1625 0.194 0.999 0.996
1626 0.194 0.999 0.996
1627 0.194 0.999 0.996
1628 0.194 0.999 0.996
1629 0.194 0.999 0.996
1630 0.194 0.999 0.996
1631 0.194 0.999 0.996
1632 0.194 0.999 0.996
1633 0.195 0.999 0.996
1634 0.195 0.999 0.996
1635 0.195 0.999 0.996
1636 0.195 0.999 0.996
1637 0.195 0.999 0.996
1638 0.195 0.999 0.996
1639 0.195 0.999 0.996
1640 0.195 0.999 0.996
1641 0.195 0.999 0.996
1642 0.195 0.999 0.996
1643 0.195 0.999 0.996
1644 0.195 0.999 0.996
1645 0.195 0.999 0.996
1646 0.195 0.999 0.996
1647 0.196 0.999 0.996
1648 0.196 0.999 0.996
1649 0.196 0.999 0.996
1650 0.196 0.999 0.996
1651 0.196 0.999 0.996
1652 0.196 0.999 0.996
1653 0.196 0.999 0.996
1654 0.196 0.999 0.996
1655 0.196 0.999 0.996
1656 0.196 0.999 0.996
1657 0.196 0.999 0.996
1658 0.196 0.999 0.996
1659 0.197 0.999 0.996
1660 0.197 0.999 0.996
1661 0.197 0.999 0.996
1662 0.197 0.999 0.996
1663 0.197 0.999 0.996
1664 0.197 0.999 0.996
1665 0.197 0.999 0.996
1666 0.197 0.999 0.996
1667 0.197 0.999 0.996
1668 0.197 0.999 0.996
1669 0.197 0.999 0.996
1670 0.197 0.999 0.996
1671 0.197 0.999 0.996
1672 0.197 0.999 0.996
1673 0.197 0.999 0.996
1674 0.197 0.999 0.996
1675 0.197 0.999 0.996
1676 0.197 0.999 0.996
1677 0.198 0.999 0.996
1678 0.198 0.999 0.996
1679 0.198 0.999 0.996
1680 0.198 0.999 0.996
1681 0.198 0.999 0.996
1682 0.198 0.999 0.996
1683 0.198 0.999 0.996
1684 0.198 0.999 0.996
1685 0.198 0.999 0.996
1686 0.198 0.999 0.996
1687 0.198 0.999 0.996
1688 0.198 0.999 0.996
1689 0.199 0.999 0.996
1690 0.199 0.999 0.996
1691 0.199 0.999 0.996
1692 0.199 0.999 0.996
1693 0.199 0.999 0.996
1694 0.199 0.999 0.996
1695 0.199 0.999 0.996
1696 0.199 0.999 0.996
1697 0.199 0.999 0.996
1698 0.199 0.999 0.996
1699 0.199 0.999 0.996
1700 0.199 0.999 0.996
1701 0.199 0.999 0.996
1702 0.199 0.999 0.996
1703 0.199 0.999 0.996
1704 0.199 0.999 0.996
1705 0.200 0.999 0.996
1706 0.200 0.999 0.996
1707 0.200 0.999 0.996
1708 0.200 0.999 0.996
1709 0.200 0.999 0.996
1710 0.200 0.999 0.996
1711 0.200 0.999 0.996
1712 0.200 0.999 0.996
1713 0.200 0.999 0.996
1714 0.200 0.999 0.996
1715 0.200 0.999 0.996
1716 0.200 0.999 0.996
1717 0.200 0.999 0.996
1718 0.200 0.999 0.996
1719 0.200 0.999 0.996
1720 0.200 0.999 0.996
1721 0.200 0.999 0.996
1722 0.200 0.999 0.996
1723 0.200 0.999 0.996
1724 0.200 0.999 0.996
1725 0.200 0.999 0.996
1726 0.200 0.999 0.996
1727 0.200 0.999 0.996
1728 0.200 0.999 0.996
1729 0.200 0.999 0.996
1730 0.200 0.999 0.996
1731 0.200 0.999 0.996
1732 0.201 0.999 0.996
1733 0.201 0.999 0.996
1734 0.201 0.999 0.996
1735 0.201 0.999 0.996
1736 0.201 0.999 0.996
1737 0.201 0.999 0.996
1738 0.201 0.999 0.996
1739 0.201 0.999 0.996
1740 0.201 0.999 0.996
1741 0.201 0.999 0.996
1742 0.201 0.999 0.996
1743 0.201 0.999 0.996
1744 0.201 0.999 0.996
1745 0.202 0.999 0.996
1746 0.202 0.999 0.996
1747 0.202 0.999 0.996
1748 0.202 0.999 0.996
1749 0.202 0.999 0.996
1750 0.202 0.999 0.996
1751 0.202 0.999 0.996
1752 0.202 0.999 0.996
1753 0.202 0.999 0.996
1754 0.202 0.999 0.996
1755 0.202 0.999 0.996
1756 0.202 0.999 0.996
1757 0.202 0.999 0.996
1758 0.202 0.999 0.996
1759 0.202 0.999 0.996
1760 0.203 0.999 0.996
1761 0.203 0.999 0.996
1762 0.203 0.999 0.996
1763 0.203 0.999 0.996
1764 0.203 0.999 0.996
1765 0.203 0.999 0.996
1766 0.203 0.999 0.996
1767 0.203 0.999 0.996
1768 0.203 0.999 0.996
1769 0.203 0.999 0.996
1770 0.203 0.999 0.996
1771 0.203 0.999 0.996
1772 0.203 0.999 0.996
1773 0.203 0.999 0.996
1774 0.203 0.999 0.996
1775 0.203 0.999 0.996
1776 0.203 0.999 0.996
1777 0.203 0.999 0.996
1778 0.203 0.999 0.996
1779 0.203 0.999 0.996
1780 0.204 0.999 0.996
1781 0.204 0.999 0.996
1782 0.204 0.999 0.996
1783 0.204 0.999 0.996
1784 0.204 0.999 0.996
1785 0.204 0.999 0.996
1786 0.204 0.999 0.996
1787 0.204 0.999 0.996
1788 0.204 0.999 0.996
1789 0.204 0.999 0.996
1790 0.204 0.999 0.996
1791 0.205 0.999 0.996
1792 0.205 0.999 0.996
1793 0.205 0.999 0.996
1794 0.205 0.999 0.996
1795 0.205 0.999 0.996
1796 0.205 0.999 0.996
1797 0.205 0.999 0.996
1798 0.205 0.999 0.996
1799 0.205 0.999 0.996
1800 0.205 0.999 0.996
1801 0.205 0.999 0.996
1802 0.205 0.999 0.996
1803 0.205 0.999 0.996
1804 0.205 0.999 0.996
1805 0.205 0.999 0.996
1806 0.205 0.999 0.996
1807 0.205 0.999 0.996
1808 0.206 0.999 0.996
1809 0.206 0.999 0.996
1810 0.206 0.999 0.996
1811 0.206 0.999 0.996
1812 0.206 0.999 0.996
1813 0.206 0.999 0.996
1814 0.206 0.999 0.996
1815 0.206 0.999 0.996
1816 0.206 0.999 0.996
1817 0.206 0.999 0.996
1818 0.206 0.999 0.996
1819 0.206 0.999 0.996
1820 0.207 0.999 0.996
1821 0.207 0.999 0.996
1822 0.207 0.999 0.996
1823 0.207 0.999 0.996
1824 0.207 0.999 0.996
1825 0.207 0.999 0.996
1826 0.207 0.999 0.996
1827 0.207 0.999 0.996
1828 0.207 0.999 0.996
1829 0.207 0.999 0.996
1830 0.207 0.999 0.996
1831 0.208 0.999 0.996
1832 0.208 0.999 0.996
1833 0.208 0.999 0.996
1834 0.208 0.999 0.996
1835 0.208 0.999 0.996
1836 0.208 0.999 0.996
1837 0.208 0.999 0.996
1838 0.208 0.999 0.996
1839 0.208 0.999 0.996
1840 0.208 0.999 0.996
1841 0.208 0.999 0.996
1842 0.208 0.999 0.996
1843 0.208 0.999 0.996
1844 0.208 0.999 0.996
1845 0.208 0.999 0.996
1846 0.208 0.999 0.996
1847 0.208 0.999 0.996
1848 0.208 0.999 0.996
1849 0.208 0.999 0.996
1850 0.208 0.999 0.996
1851 0.208 0.999 0.996
1852 0.208 0.999 0.996
1853 0.209 0.999 0.996
1854 0.209 0.999 0.996
1855 0.209 0.999 0.996
1856 0.209 0.999 0.996
1857 0.209 0.999 0.996
1858 0.209 0.999 0.996
1859 0.209 0.999 0.996
1860 0.209 0.999 0.996
1861 0.209 0.999 0.996
1862 0.209 0.999 0.996
1863 0.209 0.999 0.996
1864 0.209 0.999 0.996
1865 0.209 0.999 0.996
1866 0.210 0.999 0.996
1867 0.210 1.000 0.996
1868 0.210 1.000 0.996
1869 0.210 1.000 0.996
1870 0.210 1.000 0.996
1871 0.210 1.000 0.996
1872 0.210 1.000 0.996
1873 0.210 1.000 0.996
1874 0.210 1.000 0.996
1875 0.210 1.000 0.996
1876 0.210 1.000 0.996
1877 0.210 1.000 0.996
1878 0.211 1.000 0.996
1879 0.211 1.000 0.996
1880 0.211 1.000 0.996
1881 0.211 1.000 0.996
1882 0.211 1.000 0.996
1883 0.211 1.000 0.996
1884 0.211 1.000 0.996
1885 0.211 1.000 0.996
1886 0.211 1.000 0.996
1887 0.211 1.000 0.996
1888 0.211 1.000 0.996
1889 0.211 1.000 0.996
1890 0.211 1.000 0.996
1891 0.211 1.000 0.996
1892 0.211 1.000 0.996
1893 0.211 1.000 0.996
1894 0.212 1.000 0.996
1895 0.212 1.000 0.996
1896 0.212 1.000 0.996
1897 0.212 1.000 0.996
1898 0.212 1.000 0.997
1899 0.212 1.000 0.997
1900 0.212 1.000 0.997
1901 0.212 1.000 0.997
1902 0.212 1.000 0.997
1903 0.212 1.000 0.997
1904 0.212 1.000 0.997
1905 0.212 1.000 0.997
1906 0.212 1.000 0.997
1907 0.213 1.000 0.997
1908 0.213 1.000 0.997
1909 0.213 1.000 0.997
1910 0.213 1.000 0.997
1911 0.213 1.000 0.997
1912 0.213 1.000 0.997
1913 0.213 1.000 0.997
1914 0.213 1.000 0.997
1915 0.213 1.000 0.997
1916 0.213 1.000 0.997
1917 0.213 1.000 0.997
1918 0.213 1.000 0.997
1919 0.213 1.000 0.997
1920 0.213 1.000 0.997
1921 0.213 1.000 0.997
1922 0.213 1.000 0.997
1923 0.213 1.000 0.997
1924 0.214 1.000 0.997
1925 0.214 1.000 0.997
1926 0.214 1.000 0.997
1927 0.214 1.000 0.997
1928 0.214 1.000 0.997
1929 0.214 1.000 0.997
1930 0.214 1.000 0.997
1931 0.214 1.000 0.997
1932 0.214 1.000 0.997
1933 0.214 1.000 0.997
1934 0.214 1.000 0.997
1935 0.214 1.000 0.997
1936 0.214 1.000 0.997
1937 0.214 1.000 0.997
1938 0.214 1.000 0.997
1939 0.215 1.000 0.997
1940 0.215 1.000 0.997
1941 0.215 1.000 0.997
1942 0.215 1.000 0.997
1943 0.215 1.000 0.997
1944 0.215 1.000 0.997
1945 0.215 1.000 0.997
1946 0.215 1.000 0.997
1947 0.215 1.000 0.997
1948 0.215 1.000 0.997
1949 0.215 1.000 0.997
1950 0.215 1.000 0.997
1951 0.215 1.000 0.997
1952 0.215 1.000 0.997
1953 0.216 1.000 0.997
1954 0.216 1.000 0.997
1955 0.216 1.000 0.997
1956 0.216 1.000 0.997
1957 0.216 1.000 0.997
1958 0.216 1.000 0.997
1959 0.216 1.000 0.997
1960 0.216 1.000 0.997
1961 0.216 1.000 0.997
1962 0.216 1.000 0.997
1963 0.216 1.000 0.997
1964 0.216 1.000 0.997
1965 0.216 1.000 0.997
1966 0.216 1.000 0.997
1967 0.217 1.000 0.997
1968 0.217 1.000 0.997
1969 0.217 1.000 0.997
1970 0.217 1.000 0.997
1971 0.217 1.000 0.997
1972 0.217 1.000 0.997
1973 0.217 1.000 0.997
1974 0.217 1.000 0.997
1975 0.217 1.000 0.997
1976 0.217 1.000 0.997
1977 0.217 1.000 0.997
1978 0.217 1.000 0.997
1979 0.217 1.000 0.997
1980 0.217 1.000 0.997
1981 0.217 1.000 0.997
1982 0.217 1.000 0.997
1983 0.217 1.000 0.997
1984 0.217 1.000 0.997
1985 0.217 1.000 0.997
1986 0.217 1.000 0.997
1987 0.217 1.000 0.997
1988 0.217 1.000 0.997
1989 0.217 1.000 0.997
1990 0.217 1.000 0.997
1991 0.217 1.000 0.997
1992 0.218 1.000 0.997
1993 0.218 1.000 0.997
1994 0.218 1.000 0.997
1995 0.218 1.000 0.997
1996 0.218 1.000 0.997
1997 0.218 1.000 0.997
1998 0.218 1.000 0.997
1999 0.218 1.000 0.997
2000 0.218 1.000 0.997
2001 0.218 1.000 0.997
2002 0.218 1.000 0.997
2003 0.218 1.000 0.997
2004 0.218 1.000 0.997
2005 0.218 1.000 0.997
2006 0.218 1.000 0.997
2007 0.218 1.000 0.997
2008 0.218 1.000 0.997
2009 0.219 1.000 0.997
2010 0.219 1.000 0.997
2011 0.219 1.000 0.997
2012 0.219 1.000 0.997
2013 0.219 1.000 0.997
2014 0.219 1.000 0.997
2015 0.219 1.000 0.997
2016 0.219 1.000 0.997
2017 0.219 1.000 0.997
2018 0.219 1.000 0.997
2019 0.219 1.000 0.997
2020 0.219 1.000 0.997
2021 0.219 1.000 0.997
2022 0.219 1.000 0.997
2023 0.220 1.000 0.997
2024 0.220 1.000 0.997
2025 0.220 1.000 0.997
2026 0.220 1.000 0.997
2027 0.220 1.000 0.997
2028 0.220 1.000 0.997
2029 0.220 1.000 0.997
2030 0.220 1.000 0.997
2031 0.220 1.000 0.997
2032 0.220 1.000 0.997
2033 0.220 1.000 0.997
2034 0.220 1.000 0.997
2035 0.220 1.000 0.997
2036 0.221 1.000 0.997
2037 0.221 1.000 0.997
2038 0.221 1.000 0.997
2039 0.221 1.000 0.997
2040 0.221 1.000 0.997
2041 0.221 1.000 0.997
2042 0.221 1.000 0.997
2043 0.221 1.000 0.997
2044 0.221 1.000 0.997
2045 0.221 1.000 0.997
2046 0.221 1.000 0.997
2047 0.221 1.000 0.997
2048 0.221 1.000 0.997
2049 0.221 1.000 0.997
2050 0.221 1.000 0.997
2051 0.221 1.000 0.997
2052 0.221 1.000 0.997
2053 0.221 1.000 0.997
2054 0.221 1.000 0.997
2055 0.221 1.000 0.997
2056 0.221 1.000 0.997
2057 0.221 1.000 0.997
2058 0.222 1.000 0.997
2059 0.222 1.000 0.997
2060 0.222 1.000 0.997
2061 0.222 1.000 0.997
2062 0.222 1.000 0.997
2063 0.222 1.000 0.997
2064 0.222 1.000 0.997
2065 0.222 1.000 0.997
2066 0.222 1.000 0.997
2067 0.222 1.000 0.997
2068 0.222 1.000 0.997
2069 0.222 1.000 0.997
2070 0.222 1.000 0.997
2071 0.222 1.000 0.997
2072 0.222 1.000 0.997
2073 0.222 1.000 0.997
2074 0.222 1.000 0.997
2075 0.222 1.000 0.997
2076 0.222 1.000 0.997
2077 0.223 1.000 0.997
2078 0.223 1.000 0.997
2079 0.223 1.000 0.997
2080 0.223 1.000 0.997
2081 0.223 1.000 0.997
2082 0.223 1.000 0.997
2083 0.223 1.000 0.997
2084 0.223 1.000 0.997
2085 0.223 1.000 0.997
2086 0.223 1.000 0.997
2087 0.223 1.000 0.997
2088 0.223 1.000 0.997
2089 0.223 1.000 0.997
2090 0.223 1.000 0.997
2091 0.223 1.000 0.997
2092 0.223 1.000 0.997
2093 0.223 1.000 0.997
2094 0.223 1.000 0.997
2095 0.223 1.000 0.997
2096 0.223 1.000 0.997
2097 0.223 1.000 0.997
2098 0.224 1.000 0.997
2099 0.224 1.000 0.997
2100 0.224 1.000 0.997
2101 0.224 1.000 0.997
2102 0.224 1.000 0.997
2103 0.224 1.000 0.997
2104 0.224 1.000 0.997
2105 0.224 1.000 0.997
2106 0.224 1.000 0.997
2107 0.224 1.000 0.997
2108 0.224 1.000 0.997
2109 0.224 1.000 0.997
2110 0.224 1.000 0.997
2111 0.224 1.000 0.997
2112 0.224 1.000 0.997
2113 0.224 1.000 0.997
2114 0.224 1.000 0.997
2115 0.224 1.000 0.997
2116 0.224 1.000 0.997
2117 0.224 1.000 0.997
2118 0.225 1.000 0.997
2119 0.225 1.000 0.997
2120 0.225 1.000 0.997
2121 0.225 1.000 0.997
2122 0.225 1.000 0.997
2123 0.225 1.000 0.997
2124 0.225 1.000 0.997
2125 0.225 1.000 0.997
2126 0.225 1.000 0.997
2127 0.225 1.000 0.997
2128 0.225 1.000 0.997
2129 0.225 1.000 0.997
2130 0.225 1.000 0.997
2131 0.225 1.000 0.997
2132 0.225 1.000 0.997
2133 0.225 1.000 0.997
2134 0.225 1.000 0.997
2135 0.226 1.000 0.997
2136 0.226 1.000 0.997
2137 0.226 1.000 0.997
2138 0.226 1.000 0.997
2139 0.226 1.000 0.997
2140 0.226 1.000 0.997
2141 0.226 1.000 0.997
2142 0.226 1.000 0.997
2143 0.226 1.000 0.997
2144 0.226 1.000 0.997
2145 0.226 1.000 0.997
2146 0.226 1.000 0.997
2147 0.226 1.000 0.997
2148 0.226 1.000 0.997
2149 0.226 1.000 0.997
2150 0.227 1.000 0.997
2151 0.227 1.000 0.997
2152 0.227 1.000 0.997
2153 0.227 1.000 0.997
2154 0.227 1.000 0.997
2155 0.227 1.000 0.997
2156 0.227 1.000 0.997
2157 0.227 1.000 0.997
2158 0.227 1.000 0.997
2159 0.227 1.000 0.997
2160 0.227 1.000 0.997
2161 0.227 1.000 0.997
2162 0.227 1.000 0.997
2163 0.227 1.000 0.997
2164 0.227 1.000 0.997
2165 0.227 1.000 0.997
2166 0.227 1.000 0.997
2167 0.227 1.000 0.997
2168 0.228 1.000 0.997
2169 0.228 1.000 0.997
2170 0.228 1.000 0.997
2171 0.228 1.000 0.997
2172 0.228 1.000 0.997
2173 0.228 1.000 0.997
2174 0.228 1.000 0.997
2175 0.228 1.000 0.997
2176 0.228 1.000 0.997
2177 0.228 1.000 0.997
2178 0.228 1.000 0.997
2179 0.228 1.000 0.997
2180 0.228 1.000 0.997
2181 0.228 1.000 0.997
2182 0.228 1.000 0.997
2183 0.228 1.000 0.997
2184 0.228 1.000 0.997
2185 0.229 1.000 0.997
2186 0.229 1.000 0.997
2187 0.229 1.000 0.997
2188 0.229 1.000 0.997
2189 0.229 1.000 0.997
2190 0.229 1.000 0.997
2191 0.229 1.000 0.997
2192 0.229 1.000 0.997
2193 0.229 1.000 0.997
2194 0.229 1.000 0.997
2195 0.229 1.000 0.997
2196 0.229 1.000 0.997
2197 0.229 1.000 0.997
2198 0.229 1.000 0.997
2199 0.229 1.000 0.997
2200 0.229 1.000 0.997
2201 0.229 1.000 0.997
2202 0.229 1.000 0.997
2203 0.229 1.000 0.997
2204 0.230 1.000 0.997
2205 0.230 1.000 0.997
2206 0.230 1.000 0.997
2207 0.230 1.000 0.997
2208 0.230 1.000 0.997
2209 0.230 1.000 0.997
2210 0.230 1.000 0.997
2211 0.230 1.000 0.997
2212 0.230 1.000 0.997
2213 0.230 1.000 0.997
2214 0.230 1.000 0.997
2215 0.230 1.000 0.997
2216 0.230 1.000 0.997
2217 0.230 1.000 0.997
2218 0.230 1.000 0.997
2219 0.230 1.000 0.997
2220 0.230 1.000 0.997
2221 0.230 1.000 0.997
2222 0.230 1.000 0.997
2223 0.230 1.000 0.997
2224 0.230 1.000 0.997
2225 0.230 1.000 0.997
2226 0.230 1.000 0.997
2227 0.230 1.000 0.997
2228 0.230 1.000 0.997
2229 0.231 1.000 0.997
2230 0.231 1.000 0.997
2231 0.231 1.000 0.997
2232 0.231 1.000 0.997
2233 0.231 1.000 0.997
2234 0.231 1.000 0.997
2235 0.231 1.000 0.997
2236 0.231 1.000 0.997
2237 0.231 1.000 0.997
2238 0.231 1.000 0.997
2239 0.231 1.000 0.997
2240 0.231 1.000 0.997
2241 0.231 1.000 0.997
2242 0.231 1.000 0.997
2243 0.231 1.000 0.997
2244 0.231 1.000 0.997
2245 0.231 1.000 0.997
2246 0.231 1.000 0.997
2247 0.231 1.000 0.997
2248 0.232 1.000 0.997
2249 0.232 1.000 0.997
2250 0.232 1.000 0.997
2251 0.232 1.000 0.997
2252 0.232 1.000 0.997
2253 0.232 1.000 0.997
2254 0.232 1.000 0.997
2255 0.232 1.000 0.997
2256 0.232 1.000 0.997
2257 0.232 1.000 0.997
2258 0.232 1.000 0.997
2259 0.232 1.000 0.997
2260 0.232 1.000 0.997
2261 0.233 1.000 0.997
2262 0.233 1.000 0.997
2263 0.233 1.000 0.997
2264 0.233 1.000 0.997
2265 0.233 1.000 0.997
2266 0.233 1.000 0.997
2267 0.233 1.000 0.997
2268 0.233 1.000 0.997
2269 0.233 1.000 0.997
2270 0.233 1.000 0.997
2271 0.233 1.000 0.997
2272 0.233 1.000 0.997
2273 0.233 1.000 0.997
2274 0.234 1.000 0.997
2275 0.234 1.000 0.997
2276 0.234 1.000 0.998
2277 0.234 1.000 0.998
2278 0.234 1.000 0.998
2279 0.234 1.000 0.998
2280 0.234 1.000 0.998
2281 0.234 1.000 0.998
2282 0.234 1.000 0.998
2283 0.234 1.000 0.998
2284 0.234 1.000 0.998
2285 0.234 1.000 0.998
2286 0.234 1.000 0.998
2287 0.234 1.000 0.998
2288 0.234 1.000 0.998
2289 0.234 1.000 0.998
2290 0.235 1.000 0.998
2291 0.235 1.000 0.998
2292 0.235 1.000 0.998
2293 0.235 1.000 0.998
2294 0.235 1.000 0.998
2295 0.235 1.000 0.998
2296 0.235 1.000 0.998
2297 0.235 1.000 0.998
2298 0.235 1.000 0.998
2299 0.235 1.000 0.998
2300 0.235 1.000 0.998
2301 0.235 1.000 0.998
2302 0.235 1.000 0.998
2303 0.235 1.000 0.998
2304 0.235 1.000 0.998
2305 0.235 1.000 0.998
2306 0.235 1.000 0.998
2307 0.235 1.000 0.998
2308 0.235 1.000 0.998
2309 0.235 1.000 0.998
2310 0.235 1.000 0.998
2311 0.236 1.000 0.998
2312 0.236 1.000 0.998
2313 0.236 1.000 0.998
2314 0.236 1.000 0.998
2315 0.236 1.000 0.998
2316 0.236 1.000 0.998
2317 0.236 1.000 0.998
2318 0.236 1.000 0.998
2319 0.236 1.000 0.998
2320 0.236 1.000 0.998
2321 0.236 1.000 0.998
2322 0.236 1.000 0.998
2323 0.237 1.000 0.998
2324 0.237 1.000 0.998
2325 0.237 1.000 0.998
2326 0.237 1.000 0.998
2327 0.237 1.000 0.998
2328 0.237 1.000 0.998
2329 0.237 1.000 0.998
2330 0.237 1.000 0.998
2331 0.238 1.000 0.998
2332 0.238 1.000 0.998
2333 0.238 1.000 0.998
2334 0.238 1.000 0.998
2335 0.238 1.000 0.998
2336 0.238 1.000 0.998
2337 0.238 1.000 0.998
2338 0.238 1.000 0.998
2339 0.238 1.000 0.998
2340 0.238 1.000 0.998
2341 0.238 1.000 0.998
2342 0.238 1.000 0.998
2343 0.238 1.000 0.998
2344 0.238 1.000 0.998
2345 0.238 1.000 0.998
2346 0.238 1.000 0.998
2347 0.239 1.000 0.998
2348 0.239 1.000 0.998
2349 0.239 1.000 0.998
2350 0.239 1.000 0.998
2351 0.239 1.000 0.998
2352 0.239 1.000 0.998
2353 0.239 1.000 0.998
2354 0.239 1.000 0.998
2355 0.239 1.000 0.998
2356 0.239 1.000 0.998
2357 0.239 1.000 0.998
2358 0.239 1.000 0.998
2359 0.240 1.000 0.998
2360 0.240 1.000 0.998
2361 0.240 1.000 0.998
2362 0.240 1.000 0.998
2363 0.240 1.000 0.998
2364 0.240 1.000 0.998
2365 0.240 1.000 0.998
2366 0.240 1.000 0.998
2367 0.240 1.000 0.998
2368 0.240 1.000 0.998
2369 0.240 1.000 0.998
2370 0.240 1.000 0.998
2371 0.240 1.000 0.998
2372 0.240 1.000 0.998
2373 0.240 1.000 0.998
2374 0.240 1.000 0.998
2375 0.241 1.000 0.998
2376 0.241 1.000 0.998
2377 0.241 1.000 0.998
2378 0.241 1.000 0.998
2379 0.241 1.000 0.998
2380 0.241 1.000 0.998
2381 0.241 1.000 0.998
2382 0.241 1.000 0.998
2383 0.241 1.000 0.998
2384 0.242 1.000 0.998
2385 0.242 1.000 0.998
2386 0.242 1.000 0.998
2387 0.242 1.000 0.998
2388 0.242 1.000 0.998
2389 0.242 1.000 0.998
2390 0.242 1.000 0.998
2391 0.242 1.000 0.998
2392 0.242 1.000 0.998
2393 0.242 1.000 0.998
2394 0.242 1.000 0.998
2395 0.242 1.000 0.998
2396 0.242 1.000 0.998
2397 0.242 1.000 0.998
2398 0.242 1.000 0.998
2399 0.243 1.000 0.998
2400 0.243 1.000 0.998
2401 0.243 1.000 0.998
2402 0.243 1.000 0.998
2403 0.243 1.000 0.998
2404 0.243 1.000 0.998
2405 0.243 1.000 0.998
2406 0.243 1.000 0.998
2407 0.243 1.000 0.998
2408 0.243 1.000 0.998
2409 0.243 1.000 0.998
2410 0.243 1.000 0.998
2411 0.244 1.000 0.998
2412 0.244 1.000 0.998
2413 0.244 1.000 0.998
2414 0.244 1.000 0.998
2415 0.245 1.000 0.998
2416 0.245 1.000 0.998
2417 0.245 1.000 0.998
2418 0.245 1.000 0.998
2419 0.245 1.000 0.998
2420 0.245 1.000 0.998
2421 0.245 1.000 0.998
2422 0.245 1.000 0.998
2423 0.246 1.000 0.998
2424 0.246 1.000 0.998
2425 0.246 1.000 0.998
2426 0.246 1.000 0.998
2427 0.246 1.000 0.998
2428 0.246 1.000 0.998
2429 0.246 1.000 0.998
2430 0.246 1.000 0.998
2431 0.246 1.000 0.998
2432 0.246 1.000 0.998
2433 0.246 1.000 0.998
2434 0.246 1.000 0.998
2435 0.246 1.000 0.998
2436 0.246 1.000 0.998
2437 0.246 1.000 0.998
2438 0.246 1.000 0.998
2439 0.246 1.000 0.998
2440 0.246 1.000 0.998
2441 0.246 1.000 0.998
2442 0.246 1.000 0.998
2443 0.246 1.000 0.998
2444 0.247 1.000 0.998
2445 0.247 1.000 0.998
2446 0.247 1.000 0.998
2447 0.247 1.000 0.998
2448 0.247 1.000 0.998
2449 0.247 1.000 0.998
2450 0.247 1.000 0.998
2451 0.247 1.000 0.998
2452 0.247 1.000 0.998
2453 0.247 1.000 0.998
2454 0.247 1.000 0.998
2455 0.247 1.000 0.998
2456 0.247 1.000 0.998
2457 0.247 1.000 0.998
2458 0.247 1.000 0.998
2459 0.248 1.000 0.998
2460 0.248 1.000 0.998
2461 0.248 1.000 0.998
2462 0.248 1.000 0.998
2463 0.248 1.000 0.998
2464 0.248 1.000 0.998
2465 0.248 1.000 0.998
2466 0.248 1.000 0.998
2467 0.248 1.000 0.998
2468 0.248 1.000 0.998
2469 0.249 1.000 0.998
2470 0.249 1.000 0.998
2471 0.249 1.000 0.998
2472 0.249 1.000 0.998
2473 0.249 1.000 0.998
2474 0.249 1.000 0.998
2475 0.249 1.000 0.998
2476 0.249 1.000 0.998
2477 0.249 1.000 0.998
2478 0.249 1.000 0.998
2479 0.249 1.000 0.998
2480 0.250 1.000 0.998
2481 0.250 1.000 0.998
2482 0.250 1.000 0.998
2483 0.250 1.000 0.998
2484 0.250 1.000 0.998
2485 0.250 1.000 0.998
2486 0.250 1.000 0.998
2487 0.250 1.000 0.998
2488 0.250 1.000 0.998
2489 0.251 1.000 0.998
2490 0.251 1.000 0.998
2491 0.251 1.000 0.998
2492 0.251 1.000 0.998
2493 0.251 1.000 0.998
2494 0.251 1.000 0.998
2495 0.252 1.000 0.998
2496 0.252 1.000 0.998
2497 0.252 1.000 0.998
2498 0.252 1.000 0.998
2499 0.252 1.000 0.998
2500 0.252 1.000 0.998
2501 0.252 1.000 0.998
2502 0.252 1.000 0.998
2503 0.252 1.000 0.998
2504 0.252 1.000 0.998
2505 0.253 1.000 0.998
2506 0.253 1.000 0.998
2507 0.253 1.000 0.998
2508 0.253 1.000 0.998
2509 0.253 1.000 0.998
2510 0.253 1.000 0.998
2511 0.253 1.000 0.998
2512 0.254 1.000 0.998
2513 0.254 1.000 0.998
2514 0.254 1.000 0.998
2515 0.254 1.000 0.998
2516 0.254 1.000 0.998
2517 0.254 1.000 0.998
2518 0.254 1.000 0.998
2519 0.254 1.000 0.998
2520 0.254 1.000 0.998
2521 0.255 1.000 0.998
2522 0.255 1.000 0.998
2523 0.255 1.000 0.998
2524 0.255 1.000 0.998
2525 0.255 1.000 0.998
2526 0.255 1.000 0.998
2527 0.255 1.000 0.998
2528 0.255 1.000 0.998
2529 0.255 1.000 0.998
2530 0.255 1.000 0.998
2531 0.256 1.000 0.998
2532 0.256 1.000 0.998
2533 0.256 1.000 0.998
2534 0.256 1.000 0.998
2535 0.256 1.000 0.998
2536 0.256 1.000 0.998
2537 0.257 1.000 0.998
2538 0.257 1.000 0.998
2539 0.257 1.000 0.998
2540 0.257 1.000 0.998
2541 0.258 1.000 0.998
2542 0.258 1.000 0.998
2543 0.258 1.000 0.998
2544 0.258 1.000 0.998
2545 0.258 1.000 0.998
2546 0.258 1.000 0.998
2547 0.259 1.000 0.998
2548 0.259 1.000 0.998
2549 0.259 1.000 0.998
2550 0.259 1.000 0.998
2551 0.259 1.000 0.998
2552 0.259 1.000 0.998
2553 0.259 1.000 0.998
2554 0.259 1.000 0.998
2555 0.259 1.000 0.998
2556 0.259 1.000 0.998
2557 0.260 1.000 0.998
2558 0.260 1.000 0.998
2559 0.260 1.000 0.998
2560 0.260 1.000 0.998
2561 0.260 1.000 0.998
2562 0.260 1.000 0.998
2563 0.260 1.000 0.998
2564 0.261 1.000 0.998
2565 0.261 1.000 0.998
2566 0.261 1.000 0.998
2567 0.261 1.000 0.998
2568 0.261 1.000 0.998
2569 0.261 1.000 0.998
2570 0.261 1.000 0.998
2571 0.261 1.000 0.998
2572 0.261 1.000 0.998
2573 0.261 1.000 0.998
2574 0.261 1.000 0.998
2575 0.261 1.000 0.998
2576 0.262 1.000 0.998
2577 0.262 1.000 0.998
2578 0.262 1.000 0.998
2579 0.262 1.000 0.998
2580 0.262 1.000 0.998
2581 0.262 1.000 0.998
2582 0.262 1.000 0.998
2583 0.262 1.000 0.998
2584 0.262 1.000 0.998
2585 0.262 1.000 0.998
2586 0.263 1.000 0.998
2587 0.263 1.000 0.998
2588 0.263 1.000 0.998
2589 0.263 1.000 0.998
2590 0.264 1.000 0.998
2591 0.264 1.000 0.998
2592 0.264 1.000 0.998
2593 0.264 1.000 0.998
2594 0.264 1.000 0.998
2595 0.264 1.000 0.998
2596 0.264 1.000 0.998
2597 0.265 1.000 0.998
2598 0.265 1.000 0.998
2599 0.265 1.000 0.998
2600 0.265 1.000 0.998
2601 0.265 1.000 0.998
2602 0.265 1.000 0.998
2603 0.266 1.000 0.998
2604 0.266 1.000 0.998
2605 0.266 1.000 0.998
2606 0.266 1.000 0.998
2607 0.266 1.000 0.998
2608 0.266 1.000 0.998
2609 0.266 1.000 0.998
2610 0.267 1.000 0.998
2611 0.267 1.000 0.998
2612 0.267 1.000 0.998
2613 0.267 1.000 0.998
2614 0.267 1.000 0.998
2615 0.267 1.000 0.998
2616 0.267 1.000 0.998
2617 0.268 1.000 0.998
2618 0.268 1.000 0.998
2619 0.268 1.000 0.998
2620 0.268 1.000 0.998
2621 0.268 1.000 0.998
2622 0.268 1.000 0.998
2623 0.268 1.000 0.998
2624 0.268 1.000 0.998
2625 0.268 1.000 0.998
2626 0.269 1.000 0.998
2627 0.269 1.000 0.998
2628 0.269 1.000 0.998
2629 0.269 1.000 0.998
2630 0.269 1.000 0.998
2631 0.269 1.000 0.998
2632 0.269 1.000 0.998
2633 0.269 1.000 0.998
2634 0.269 1.000 0.998
2635 0.270 1.000 0.998
2636 0.270 1.000 0.998
2637 0.270 1.000 0.998
2638 0.270 1.000 0.998
2639 0.270 1.000 0.998
2640 0.270 1.000 0.998
2641 0.270 1.000 0.998
2642 0.270 1.000 0.998
2643 0.271 1.000 0.998
2644 0.271 1.000 0.998
2645 0.271 1.000 0.998
2646 0.271 1.000 0.998
2647 0.271 1.000 0.998
2648 0.271 1.000 0.998
2649 0.271 1.000 0.998
2650 0.271 1.000 0.998
2651 0.271 1.000 0.998
2652 0.272 1.000 0.998
2653 0.272 1.000 0.998
2654 0.272 1.000 0.998
2655 0.272 1.000 0.998
2656 0.272 1.000 0.998
2657 0.272 1.000 0.998
2658 0.272 1.000 0.998
2659 0.272 1.000 0.998
2660 0.272 1.000 0.998
2661 0.272 1.000 0.998
2662 0.272 1.000 0.998
2663 0.273 1.000 0.998
2664 0.273 1.000 0.998
2665 0.273 1.000 0.998
2666 0.273 1.000 0.998
2667 0.273 1.000 0.998
2668 0.273 1.000 0.998
2669 0.273 1.000 0.998
2670 0.273 1.000 0.998
2671 0.273 1.000 0.998
2672 0.273 1.000 0.998
2673 0.274 1.000 0.998
2674 0.274 1.000 0.998
2675 0.274 1.000 0.998
2676 0.274 1.000 0.998
2677 0.274 1.000 0.998
2678 0.274 1.000 0.998
2679 0.274 1.000 0.998
2680 0.274 1.000 0.998
2681 0.274 1.000 0.998
2682 0.275 1.000 0.998
2683 0.275 1.000 0.998
2684 0.275 1.000 0.998
2685 0.275 1.000 0.998
2686 0.275 1.000 0.998
2687 0.275 1.000 0.998
2688 0.276 1.000 0.998
2689 0.276 1.000 0.998
2690 0.276 1.000 0.998
2691 0.276 1.000 0.998
2692 0.276 1.000 0.998
2693 0.276 1.000 0.998
2694 0.276 1.000 0.998
2695 0.277 1.000 0.998
2696 0.277 1.000 0.998
2697 0.277 1.000 0.998
2698 0.277 1.000 0.998
2699 0.277 1.000 0.998
2700 0.277 1.000 0.998
2701 0.277 1.000 0.998
2702 0.277 1.000 0.999
2703 0.277 1.000 0.999
2704 0.277 1.000 0.999
2705 0.277 1.000 0.999
2706 0.277 1.000 0.999
2707 0.278 1.000 0.999
2708 0.278 1.000 0.999
2709 0.278 1.000 0.999
2710 0.278 1.000 0.999
2711 0.278 1.000 0.999
2712 0.278 1.000 0.999
2713 0.278 1.000 0.999
2714 0.278 1.000 0.999
2715 0.278 1.000 0.999
2716 0.278 1.000 0.999
2717 0.278 1.000 0.999
2718 0.279 1.000 0.999
2719 0.279 1.000 0.999
2720 0.279 1.000 0.999
2721 0.280 1.000 0.999
2722 0.280 1.000 0.999
2723 0.280 1.000 0.999
2724 0.280 1.000 0.999
2725 0.280 1.000 0.999
2726 0.280 1.000 0.999
2727 0.280 1.000 0.999
2728 0.281 1.000 0.999
2729 0.281 1.000 0.999
2730 0.281 1.000 0.999
2731 0.281 1.000 0.999
2732 0.281 1.000 0.999
2733 0.281 1.000 0.999
2734 0.281 1.000 0.999
2735 0.281 1.000 0.999
2736 0.282 1.000 0.999
2737 0.282 1.000 0.999
2738 0.282 1.000 0.999
2739 0.282 1.000 0.999
2740 0.282 1.000 0.999
2741 0.282 1.000 0.999
2742 0.282 1.000 0.999
2743 0.282 1.000 0.999
2744 0.282 1.000 0.999
2745 0.283 1.000 0.999
2746 0.283 1.000 0.999
2747 0.283 1.000 0.999
2748 0.283 1.000 0.999
2749 0.283 1.000 0.999
2750 0.283 1.000 0.999
2751 0.283 1.000 0.999
2752 0.283 1.000 0.999
2753 0.283 1.000 0.999
2754 0.283 1.000 0.999
2755 0.283 1.000 0.999
2756 0.283 1.000 0.999
2757 0.283 1.000 0.999
2758 0.284 1.000 0.999
2759 0.284 1.000 0.999
2760 0.284 1.000 0.999
2761 0.284 1.000 0.999
2762 0.284 1.000 0.999
2763 0.284 1.000 0.999
2764 0.284 1.000 0.999
2765 0.285 1.000 0.999
2766 0.285 1.000 0.999
2767 0.285 1.000 0.999
2768 0.285 1.000 0.999
2769 0.285 1.000 0.999
2770 0.285 1.000 0.999
2771 0.285 1.000 0.999
2772 0.285 1.000 0.999
2773 0.285 1.000 0.999
2774 0.285 1.000 0.999
2775 0.285 1.000 0.999
2776 0.285 1.000 0.999
2777 0.285 1.000 0.999
2778 0.285 1.000 0.999
2779 0.285 1.000 0.999
2780 0.286 1.000 0.999
2781 0.286 1.000 0.999
2782 0.286 1.000 0.999
2783 0.286 1.000 0.999
2784 0.286 1.000 0.999
2785 0.287 1.000 0.999
2786 0.287 1.000 0.999
2787 0.287 1.000 0.999
2788 0.287 1.000 0.999
2789 0.287 1.000 0.999
2790 0.287 1.000 0.999
2791 0.287 1.000 0.999
2792 0.287 1.000 0.999
2793 0.287 1.000 0.999
2794 0.287 1.000 0.999
2795 0.288 1.000 0.999
2796 0.288 1.000 0.999
2797 0.288 1.000 0.999
2798 0.288 1.000 0.999
2799 0.288 1.000 0.999
2800 0.288 1.000 0.999
2801 0.289 1.000 0.999
2802 0.289 1.000 0.999
2803 0.289 1.000 0.999
2804 0.289 1.000 0.999
2805 0.289 1.000 0.999
2806 0.289 1.000 0.999
2807 0.289 1.000 0.999
2808 0.289 1.000 0.999
2809 0.289 1.000 0.999
2810 0.289 1.000 0.999
2811 0.289 1.000 0.999
2812 0.289 1.000 0.999
2813 0.290 1.000 0.999
2814 0.290 1.000 0.999
2815 0.290 1.000 0.999
2816 0.290 1.000 0.999
2817 0.290 1.000 0.999
2818 0.290 1.000 0.999
2819 0.290 1.000 0.999
2820 0.290 1.000 0.999
2821 0.290 1.000 0.999
2822 0.291 1.000 0.999
2823 0.291 1.000 0.999
2824 0.291 1.000 0.999
2825 0.291 1.000 0.999
2826 0.291 1.000 0.999
2827 0.292 1.000 0.999
2828 0.292 1.000 0.999
2829 0.292 1.000 0.999
2830 0.292 1.000 0.999
2831 0.292 1.000 0.999
2832 0.292 1.000 0.999
2833 0.292 1.000 0.999
2834 0.292 1.000 0.999
2835 0.293 1.000 0.999
2836 0.293 1.000 0.999
2837 0.293 1.000 0.999
2838 0.293 1.000 0.999
2839 0.293 1.000 0.999
2840 0.293 1.000 0.999
2841 0.293 1.000 0.999
2842 0.293 1.000 0.999
2843 0.294 1.000 0.999
2844 0.294 1.000 0.999
2845 0.294 1.000 0.999
2846 0.294 1.000 0.999
2847 0.294 1.000 0.999
2848 0.294 1.000 0.999
2849 0.294 1.000 0.999
2850 0.294 1.000 0.999
2851 0.294 1.000 0.999
2852 0.294 1.000 0.999
2853 0.294 1.000 0.999
2854 0.294 1.000 0.999
2855 0.295 1.000 0.999
2856 0.295 1.000 0.999
2857 0.295 1.000 0.999
2858 0.295 1.000 0.999
2859 0.295 1.000 0.999
2860 0.295 1.000 0.999
2861 0.295 1.000 0.999
2862 0.296 1.000 0.999
2863 0.296 1.000 0.999
2864 0.296 1.000 0.999
2865 0.296 1.000 0.999
2866 0.296 1.000 0.999
2867 0.296 1.000 0.999
2868 0.296 1.000 0.999
2869 0.296 1.000 0.999
2870 0.297 1.000 0.999
2871 0.297 1.000 0.999
2872 0.297 1.000 0.999
2873 0.297 1.000 0.999
2874 0.297 1.000 0.999
2875 0.297 1.000 0.999
2876 0.298 1.000 0.999
2877 0.298 1.000 0.999
2878 0.298 1.000 0.999
2879 0.298 1.000 0.999
2880 0.298 1.000 0.999
2881 0.298 1.000 0.999
2882 0.299 1.000 0.999
2883 0.299 1.000 0.999
2884 0.299 1.000 0.999
2885 0.299 1.000 0.999
2886 0.299 1.000 0.999
2887 0.299 1.000 0.999
2888 0.299 1.000 0.999
2889 0.300 1.000 0.999
2890 0.300 1.000 0.999
2891 0.300 1.000 0.999
2892 0.300 1.000 0.999
2893 0.300 1.000 0.999
2894 0.300 1.000 0.999
2895 0.300 1.000 0.999
2896 0.300 1.000 0.999
2897 0.300 1.000 0.999
2898 0.300 1.000 0.999
2899 0.300 1.000 0.999
2900 0.301 1.000 0.999
2901 0.301 1.000 0.999
2902 0.301 1.000 0.999
2903 0.301 1.000 0.999
2904 0.301 1.000 0.999
2905 0.301 1.000 0.999
2906 0.301 1.000 0.999
2907 0.301 1.000 0.999
2908 0.301 1.000 0.999
2909 0.301 1.000 0.999
2910 0.301 1.000 0.999
2911 0.302 1.000 0.999
2912 0.302 1.000 0.999
2913 0.302 1.000 0.999
2914 0.302 1.000 0.999
2915 0.302 1.000 0.999
2916 0.302 1.000 0.999
2917 0.302 1.000 0.999
2918 0.303 1.000 0.999
2919 0.303 1.000 0.999
2920 0.303 1.000 0.999
2921 0.303 1.000 0.999
2922 0.303 1.000 0.999
2923 0.303 1.000 0.999
2924 0.303 1.000 0.999
2925 0.303 1.000 0.999
2926 0.304 1.000 0.999
2927 0.304 1.000 0.999
2928 0.304 1.000 0.999
2929 0.304 1.000 0.999
2930 0.304 1.000 0.999
2931 0.304 1.000 0.999
2932 0.304 1.000 0.999
2933 0.305 1.000 0.999
2934 0.305 1.000 0.999
2935 0.305 1.000 0.999
2936 0.305 1.000 0.999
2937 0.305 1.000 0.999
2938 0.306 1.000 0.999
2939 0.306 1.000 0.999
2940 0.306 1.000 0.999
2941 0.306 1.000 0.999
2942 0.306 1.000 0.999
2943 0.306 1.000 0.999
2944 0.306 1.000 0.999
2945 0.306 1.000 0.999
2946 0.306 1.000 0.999
2947 0.306 1.000 0.999
2948 0.306 1.000 0.999
2949 0.306 1.000 0.999
2950 0.307 1.000 0.999
2951 0.307 1.000 0.999
2952 0.307 1.000 0.999
2953 0.307 1.000 0.999
2954 0.307 1.000 0.999
2955 0.307 1.000 0.999
2956 0.307 1.000 0.999
2957 0.307 1.000 0.999
2958 0.308 1.000 0.999
2959 0.308 1.000 0.999
2960 0.308 1.000 0.999
2961 0.308 1.000 0.999
2962 0.308 1.000 0.999
2963 0.308 1.000 0.999
2964 0.308 1.000 0.999
2965 0.308 1.000 0.999
2966 0.308 1.000 0.999
2967 0.308 1.000 0.999
2968 0.308 1.000 0.999
2969 0.308 1.000 0.999
2970 0.309 1.000 0.999
2971 0.309 1.000 0.999
2972 0.309 1.000 0.999
2973 0.309 1.000 0.999
2974 0.309 1.000 0.999
2975 0.309 1.000 0.999
2976 0.309 1.000 0.999
2977 0.309 1.000 0.999
2978 0.309 1.000 0.999
2979 0.310 1.000 0.999
2980 0.310 1.000 0.999
2981 0.310 1.001 0.999
2982 0.310 1.001 0.999
2983 0.310 1.001 0.999
2984 0.310 1.001 0.999
2985 0.310 1.001 0.999
2986 0.310 1.001 0.999
2987 0.310 1.001 0.999
2988 0.310 1.001 0.999
2989 0.311 1.001 0.999
2990 0.311 1.001 0.999
2991 0.311 1.001 0.999
2992 0.311 1.001 0.999
2993 0.311 1.001 0.999
2994 0.311 1.001 0.999
2995 0.312 1.001 0.999
2996 0.312 1.001 0.999
2997 0.312 1.001 0.999
2998 0.312 1.001 0.999
2999 0.313 1.001 0.999
3000 0.313 1.001 0.999
3001 0.313 1.001 0.999
3002 0.313 1.001 0.999
3003 0.313 1.001 0.999
3004 0.313 1.001 0.999
3005 0.313 1.001 0.999
3006 0.314 1.001 0.999
3007 0.314 1.001 0.999
3008 0.314 1.001 0.999
3009 0.314 1.001 0.999
3010 0.314 1.001 0.999
3011 0.314 1.001 0.999
3012 0.314 1.001 0.999
3013 0.315 1.001 0.999
3014 0.315 1.001 0.999
3015 0.315 1.001 0.999
3016 0.315 1.001 0.999
3017 0.315 1.001 0.999
3018 0.316 1.001 0.999
3019 0.316 1.001 0.999
3020 0.316 1.001 0.999
3021 0.316 1.001 0.999
3022 0.316 1.001 0.999
3023 0.317 1.001 0.999
3024 0.317 1.001 0.999
3025 0.317 1.001 0.999
3026 0.318 1.001 0.999
3027 0.318 1.001 0.999
3028 0.318 1.001 0.999
3029 0.318 1.001 0.999
3030 0.318 1.001 0.999
3031 0.318 1.001 0.999
3032 0.319 1.001 0.999
3033 0.319 1.001 0.999
3034 0.319 1.001 0.999
3035 0.319 1.001 0.999
3036 0.319 1.001 0.999
3037 0.320 1.001 0.999
3038 0.320 1.001 0.999
3039 0.321 1.001 0.999
3040 0.321 1.001 0.999
3041 0.322 1.001 0.999
3042 0.322 1.001 0.999
3043 0.322 1.001 0.999
3044 0.322 1.001 0.999
3045 0.322 1.001 0.999
3046 0.322 1.001 0.999
3047 0.322 1.001 0.999
3048 0.322 1.001 0.999
3049 0.322 1.001 0.999
3050 0.323 1.001 0.999
3051 0.323 1.001 0.999
3052 0.323 1.001 0.999
3053 0.323 1.001 0.999
3054 0.323 1.001 0.999
3055 0.323 1.001 0.999
3056 0.324 1.001 0.999
3057 0.324 1.001 0.999
3058 0.324 1.001 0.999
3059 0.324 1.001 0.999
3060 0.324 1.001 0.999
3061 0.325 1.001 0.999
3062 0.325 1.001 0.999
3063 0.325 1.001 0.999
3064 0.325 1.001 0.999
3065 0.325 1.001 0.999
3066 0.325 1.001 0.999
3067 0.325 1.001 0.999
3068 0.325 1.001 0.999
3069 0.325 1.001 0.999
3070 0.325 1.001 0.999
3071 0.325 1.001 0.999
3072 0.325 1.001 0.999
3073 0.326 1.001 0.999
3074 0.326 1.001 0.999
3075 0.326 1.001 0.999
3076 0.326 1.001 0.999
3077 0.327 1.001 0.999
3078 0.327 1.001 0.999
3079 0.327 1.001 0.999
3080 0.327 1.001 0.999
3081 0.327 1.001 0.999
3082 0.327 1.001 0.999
3083 0.327 1.001 0.999
3084 0.327 1.001 0.999
3085 0.328 1.001 0.999
3086 0.328 1.001 0.999
3087 0.328 1.001 0.999
3088 0.329 1.001 0.999
3089 0.329 1.001 0.999
3090 0.329 1.001 0.999
3091 0.329 1.001 0.999
3092 0.329 1.001 0.999
3093 0.329 1.001 0.999
3094 0.329 1.001 0.999
3095 0.330 1.001 0.999
3096 0.330 1.001 0.999
3097 0.330 1.001 0.999
3098 0.330 1.001 0.999
3099 0.330 1.001 0.999
3100 0.331 1.001 0.999
3101 0.331 1.001 0.999
3102 0.331 1.001 0.999
3103 0.331 1.001 0.999
3104 0.331 1.001 0.999
3105 0.331 1.001 0.999
3106 0.332 1.001 0.999
3107 0.332 1.001 0.999
3108 0.332 1.001 0.999
3109 0.332 1.001 0.999
3110 0.333 1.001 0.999
3111 0.333 1.001 0.999
3112 0.333 1.001 0.999
3113 0.333 1.001 0.999
3114 0.333 1.001 0.999
3115 0.333 1.001 0.999
3116 0.333 1.001 0.999
3117 0.333 1.001 0.999
3118 0.334 1.001 0.999
3119 0.334 1.001 0.999
3120 0.334 1.001 0.999
3121 0.334 1.001 0.999
3122 0.334 1.001 0.999
3123 0.334 1.001 0.999
3124 0.334 1.001 0.999
3125 0.335 1.001 0.999
3126 0.335 1.001 0.999
3127 0.335 1.001 0.999
3128 0.335 1.001 0.999
3129 0.336 1.001 0.999
3130 0.336 1.001 0.999
3131 0.336 1.001 0.999
3132 0.337 1.001 0.999
3133 0.337 1.001 0.999
3134 0.337 1.001 0.999
3135 0.337 1.001 0.999
3136 0.337 1.001 0.999
3137 0.337 1.001 0.999
3138 0.338 1.001 0.999
3139 0.338 1.001 0.999
3140 0.338 1.001 0.999
3141 0.338 1.001 0.999
3142 0.338 1.001 0.999
3143 0.339 1.001 0.999
3144 0.339 1.001 0.999
3145 0.340 1.001 0.999
3146 0.340 1.001 0.999
3147 0.340 1.001 0.999
3148 0.340 1.001 0.999
3149 0.340 1.001 0.999
3150 0.340 1.001 0.999
3151 0.340 1.001 0.999
3152 0.341 1.001 0.999
3153 0.341 1.001 0.999
3154 0.341 1.001 0.999
3155 0.341 1.001 0.999
3156 0.341 1.001 0.999
3157 0.341 1.001 0.999
3158 0.342 1.001 0.999
3159 0.342 1.001 0.999
3160 0.342 1.001 0.999
3161 0.342 1.001 0.999
3162 0.343 1.001 0.999
3163 0.343 1.001 0.999
3164 0.343 1.001 0.999
3165 0.343 1.001 0.999
3166 0.343 1.001 0.999
3167 0.344 1.001 0.999
3168 0.344 1.001 0.999
3169 0.344 1.001 0.999
3170 0.345 1.001 0.999
3171 0.346 1.001 0.999
3172 0.346 1.001 0.999
3173 0.346 1.001 0.999
3174 0.346 1.001 0.999
3175 0.346 1.001 0.999
3176 0.346 1.001 0.999
3177 0.346 1.001 0.999
3178 0.347 1.001 0.999
3179 0.347 1.001 0.999
3180 0.347 1.001 0.999
3181 0.347 1.001 0.999
3182 0.347 1.001 0.999
3183 0.347 1.001 0.999
3184 0.347 1.001 0.999
3185 0.347 1.001 0.999
3186 0.347 1.001 0.999
3187 0.347 1.001 0.999
3188 0.348 1.001 0.999
3189 0.348 1.001 0.999
3190 0.348 1.001 0.999
3191 0.348 1.001 0.999
3192 0.348 1.001 0.999
3193 0.348 1.001 0.999
3194 0.348 1.001 0.999
3195 0.348 1.001 0.999
3196 0.349 1.001 0.999
3197 0.349 1.001 0.999
3198 0.349 1.001 0.999
3199 0.349 1.001 0.999
3200 0.349 1.001 0.999
3201 0.349 1.001 0.999
3202 0.349 1.001 0.999
3203 0.350 1.001 0.999
3204 0.350 1.001 0.999
3205 0.351 1.001 0.999
3206 0.351 1.001 0.999
3207 0.351 1.001 0.999
3208 0.352 1.001 0.999
3209 0.352 1.001 0.999
3210 0.352 1.001 0.999
3211 0.352 1.001 0.999
3212 0.352 1.001 0.999
3213 0.352 1.001 0.999
3214 0.352 1.001 0.999
3215 0.352 1.001 0.999
3216 0.353 1.001 0.999
3217 0.353 1.001 0.999
3218 0.353 1.001 0.999
3219 0.354 1.001 0.999
3220 0.354 1.001 0.999
3221 0.354 1.001 0.999
3222 0.354 1.001 0.999
3223 0.354 1.001 0.999
3224 0.354 1.001 0.999
3225 0.355 1.001 0.999
3226 0.355 1.001 0.999
3227 0.355 1.001 0.999
3228 0.355 1.001 0.999
3229 0.355 1.001 0.999
3230 0.355 1.001 0.999
3231 0.356 1.001 0.999
3232 0.356 1.001 0.999
3233 0.356 1.001 0.999
3234 0.356 1.001 0.999
3235 0.356 1.001 0.999
3236 0.356 1.001 0.999
3237 0.356 1.001 0.999
3238 0.357 1.001 0.999
3239 0.357 1.001 0.999
3240 0.357 1.001 0.999
3241 0.357 1.001 0.999
3242 0.357 1.001 0.999
3243 0.357 1.001 0.999
3244 0.358 1.001 0.999
3245 0.358 1.001 0.999
3246 0.358 1.001 0.999
3247 0.358 1.001 0.999
3248 0.359 1.001 0.999
3249 0.359 1.001 0.999
3250 0.359 1.001 0.999
3251 0.359 1.001 0.999
3252 0.359 1.001 0.999
3253 0.359 1.001 0.999
3254 0.360 1.001 0.999
3255 0.360 1.001 0.999
3256 0.360 1.001 0.999
3257 0.360 1.001 0.999
3258 0.360 1.001 0.999
3259 0.360 1.001 0.999
3260 0.360 1.001 0.999
3261 0.360 1.001 0.999
3262 0.360 1.001 0.999
3263 0.361 1.001 0.999
3264 0.361 1.001 0.999
3265 0.361 1.001 0.999
3266 0.361 1.001 0.999
3267 0.361 1.001 0.999
3268 0.362 1.001 0.999
3269 0.362 1.001 0.999
3270 0.362 1.001 0.999
3271 0.362 1.001 0.999
3272 0.362 1.001 0.999
3273 0.362 1.001 0.999
3274 0.363 1.001 0.999
3275 0.363 1.001 0.999
3276 0.363 1.001 0.999
3277 0.363 1.001 0.999
3278 0.363 1.001 0.999
3279 0.363 1.001 0.999
3280 0.364 1.001 0.999
3281 0.364 1.001 0.999
3282 0.364 1.001 0.999
3283 0.364 1.001 0.999
3284 0.364 1.001 0.999
3285 0.364 1.001 0.999
3286 0.364 1.001 0.999
3287 0.364 1.001 0.999
3288 0.365 1.001 0.999
3289 0.365 1.001 0.999
3290 0.365 1.001 0.999
3291 0.365 1.001 0.999
3292 0.365 1.001 0.999
3293 0.365 1.001 0.999
3294 0.365 1.001 0.999
3295 0.366 1.001 0.999
3296 0.366 1.001 0.999
3297 0.367 1.001 0.999
3298 0.367 1.001 0.999
3299 0.367 1.001 0.999
3300 0.367 1.001 0.999
3301 0.367 1.001 0.999
3302 0.367 1.001 0.999
3303 0.367 1.001 0.999
3304 0.367 1.001 0.999
3305 0.367 1.001 0.999
3306 0.368 1.001 0.999
3307 0.368 1.001 0.999
3308 0.368 1.001 0.999
3309 0.368 1.001 0.999
3310 0.369 1.001 0.999
3311 0.369 1.001 1.000
3312 0.369 1.001 1.000
3313 0.369 1.001 1.000
3314 0.369 1.001 1.000
3315 0.369 1.001 1.000
3316 0.369 1.001 1.000
3317 0.369 1.001 1.000
3318 0.370 1.001 1.000
3319 0.370 1.001 1.000
3320 0.370 1.001 1.000
3321 0.370 1.001 1.000
3322 0.370 1.001 1.000
3323 0.371 1.001 1.000
3324 0.371 1.001 1.000
3325 0.371 1.001 1.000
3326 0.372 1.001 1.000
3327 0.372 1.001 1.000
3328 0.372 1.001 1.000
3329 0.372 1.001 1.000
3330 0.372 1.001 1.000
3331 0.372 1.001 1.000
3332 0.373 1.001 1.000
3333 0.373 1.001 1.000
3334 0.373 1.001 1.000
3335 0.373 1.001 1.000
3336 0.373 1.001 1.000
3337 0.373 1.001 1.000
3338 0.373 1.001 1.000
3339 0.374 1.001 1.000
3340 0.374 1.001 1.000
3341 0.374 1.001 1.000
3342 0.374 1.001 1.000
3343 0.374 1.001 1.000
3344 0.374 1.001 1.000
3345 0.375 1.001 1.000
3346 0.375 1.001 1.000
3347 0.375 1.001 1.000
3348 0.375 1.001 1.000
3349 0.375 1.001 1.000
3350 0.376 1.001 1.000
3351 0.376 1.001 1.000
3352 0.376 1.001 1.000
3353 0.376 1.001 1.000
3354 0.376 1.001 1.000
3355 0.377 1.001 1.000
3356 0.377 1.001 1.000
3357 0.377 1.001 1.000
3358 0.377 1.001 1.000
3359 0.377 1.001 1.000
3360 0.377 1.001 1.000
3361 0.378 1.001 1.000
3362 0.378 1.001 1.000
3363 0.378 1.001 1.000
3364 0.378 1.001 1.000
3365 0.378 1.001 1.000
3366 0.379 1.001 1.000
3367 0.379 1.001 1.000
3368 0.379 1.001 1.000
3369 0.379 1.001 1.000
3370 0.379 1.001 1.000
3371 0.379 1.001 1.000
3372 0.379 1.001 1.000
3373 0.379 1.001 1.000
3374 0.379 1.001 1.000
3375 0.379 1.001 1.000
3376 0.379 1.001 1.000
3377 0.380 1.001 1.000
3378 0.380 1.001 1.000
3379 0.380 1.001 1.000
3380 0.380 1.001 1.000
3381 0.380 1.001 1.000
3382 0.380 1.001 1.000
3383 0.380 1.001 1.000
3384 0.381 1.001 1.000
3385 0.381 1.001 1.000
3386 0.381 1.001 1.000
3387 0.381 1.001 1.000
3388 0.381 1.001 1.000
3389 0.381 1.001 1.000
3390 0.382 1.001 1.000
3391 0.382 1.001 1.000
3392 0.382 1.001 1.000
3393 0.382 1.001 1.000
3394 0.382 1.001 1.000
3395 0.382 1.001 1.000
3396 0.382 1.001 1.000
3397 0.382 1.001 1.000
3398 0.383 1.001 1.000
3399 0.383 1.001 1.000
3400 0.383 1.001 1.000
3401 0.383 1.001 1.000
3402 0.383 1.001 1.000
3403 0.383 1.001 1.000
3404 0.383 1.001 1.000
3405 0.383 1.001 1.000
3406 0.383 1.001 1.000
3407 0.383 1.001 1.000
3408 0.383 1.001 1.000
3409 0.383 1.001 1.000
3410 0.384 1.001 1.000
3411 0.384 1.001 1.000
3412 0.384 1.001 1.000
3413 0.384 1.001 1.000
3414 0.384 1.001 1.000
3415 0.385 1.001 1.000
3416 0.385 1.002 1.000
3417 0.385 1.002 1.000
3418 0.385 1.002 1.000
3419 0.386 1.002 1.000
3420 0.386 1.002 1.000
3421 0.386 1.002 1.000
3422 0.386 1.002 1.000
3423 0.386 1.002 1.000
3424 0.387 1.002 1.000
3425 0.387 1.002 1.000
3426 0.387 1.002 1.000
3427 0.387 1.002 1.000
3428 0.387 1.002 1.000
3429 0.387 1.002 1.000
3430 0.387 1.002 1.000
3431 0.387 1.002 1.000
3432 0.387 1.002 1.000
3433 0.388 1.002 1.000
3434 0.388 1.002 1.000
3435 0.388 1.002 1.000
3436 0.388 1.002 1.000
3437 0.388 1.002 1.000
3438 0.388 1.002 1.000
3439 0.388 1.002 1.000
3440 0.388 1.002 1.000
3441 0.388 1.002 1.000
3442 0.388 1.002 1.000
3443 0.388 1.002 1.000
3444 0.389 1.002 1.000
3445 0.389 1.002 1.000
3446 0.389 1.002 1.000
3447 0.389 1.002 1.000
3448 0.390 1.002 1.000
3449 0.390 1.002 1.000
3450 0.390 1.002 1.000
3451 0.390 1.002 1.000
3452 0.390 1.002 1.000
3453 0.390 1.002 1.000
3454 0.391 1.002 1.000
3455 0.391 1.002 1.000
3456 0.391 1.002 1.000
3457 0.391 1.002 1.000
3458 0.391 1.002 1.000
3459 0.391 1.002 1.000
3460 0.391 1.002 1.000
3461 0.391 1.002 1.000
3462 0.391 1.002 1.000
3463 0.391 1.002 1.000
3464 0.392 1.002 1.000
3465 0.392 1.002 1.000
3466 0.392 1.002 1.000
3467 0.392 1.002 1.000
3468 0.392 1.002 1.000
3469 0.392 1.002 1.000
3470 0.392 1.002 1.000
3471 0.393 1.002 1.000
3472 0.393 1.002 1.000
3473 0.393 1.002 1.000
3474 0.393 1.002 1.000
3475 0.393 1.002 1.000
3476 0.393 1.002 1.000
3477 0.393 1.002 1.000
3478 0.393 1.002 1.000
3479 0.394 1.002 1.000
3480 0.394 1.002 1.000
3481 0.394 1.002 1.000
3482 0.394 1.002 1.000
3483 0.394 1.002 1.000
3484 0.395 1.002 1.000
3485 0.395 1.002 1.000
3486 0.395 1.002 1.000
3487 0.395 1.002 1.000
3488 0.395 1.002 1.000
3489 0.395 1.002 1.000
3490 0.395 1.002 1.000
3491 0.395 1.002 1.000
3492 0.396 1.002 1.000
3493 0.396 1.002 1.000
3494 0.396 1.002 1.000
3495 0.397 1.002 1.000
3496 0.397 1.002 1.000
3497 0.397 1.002 1.000
3498 0.397 1.002 1.000
3499 0.398 1.002 1.000
3500 0.398 1.002 1.000
3501 0.398 1.002 1.000
3502 0.398 1.002 1.000
3503 0.398 1.002 1.000
3504 0.398 1.002 1.000
3505 0.398 1.002 1.000
3506 0.398 1.002 1.000
3507 0.398 1.002 1.000
3508 0.399 1.002 1.000
3509 0.399 1.002 1.000
3510 0.399 1.002 1.000
3511 0.399 1.002 1.000
3512 0.399 1.002 1.000
3513 0.399 1.002 1.000
3514 0.399 1.002 1.000
3515 0.399 1.002 1.000
3516 0.400 1.002 1.000
3517 0.400 1.002 1.000
3518 0.400 1.002 1.000
3519 0.400 1.002 1.000
3520 0.400 1.002 1.000
3521 0.400 1.002 1.000
3522 0.400 1.002 1.000
3523 0.401 1.002 1.000
3524 0.401 1.002 1.000
3525 0.401 1.002 1.000
3526 0.401 1.002 1.000
3527 0.401 1.002 1.000
3528 0.401 1.002 1.000
3529 0.401 1.002 1.000
3530 0.401 1.002 1.000
3531 0.402 1.002 1.000
3532 0.402 1.002 1.000
3533 0.402 1.002 1.000
3534 0.402 1.002 1.000
3535 0.402 1.002 1.000
3536 0.402 1.002 1.000
3537 0.402 1.002 1.000
3538 0.402 1.002 1.000
3539 0.402 1.002 1.000
3540 0.403 1.002 1.000
3541 0.403 1.002 1.000
3542 0.403 1.002 1.000
3543 0.403 1.002 1.000
3544 0.404 1.002 1.000
3545 0.404 1.002 1.000
3546 0.404 1.002 1.000
3547 0.404 1.002 1.000
3548 0.404 1.002 1.000
3549 0.404 1.002 1.000
3550 0.404 1.002 1.000
3551 0.404 1.002 1.000
3552 0.404 1.002 1.000
3553 0.404 1.002 1.000
3554 0.405 1.002 1.000
3555 0.405 1.002 1.000
3556 0.405 1.002 1.000
3557 0.405 1.002 1.000
3558 0.405 1.002 1.000
3559 0.405 1.002 1.000
3560 0.405 1.002 1.000
3561 0.406 1.002 1.000
3562 0.406 1.002 1.000
3563 0.406 1.002 1.000
3564 0.406 1.002 1.000
3565 0.406 1.002 1.000
3566 0.406 1.002 1.000
3567 0.406 1.002 1.000
3568 0.406 1.002 1.000
3569 0.406 1.002 1.000
3570 0.406 1.002 1.000
3571 0.406 1.002 1.000
3572 0.406 1.002 1.000
3573 0.406 1.002 1.000
3574 0.407 1.002 1.000
3575 0.407 1.002 1.000
3576 0.407 1.002 1.000
3577 0.407 1.002 1.000
3578 0.407 1.002 1.000
3579 0.407 1.002 1.000
3580 0.407 1.002 1.000
3581 0.408 1.002 1.000
3582 0.408 1.002 1.000
3583 0.408 1.002 1.000
3584 0.408 1.002 1.000
3585 0.408 1.002 1.000
3586 0.409 1.002 1.000
3587 0.409 1.002 1.000
3588 0.410 1.002 1.000
3589 0.410 1.002 1.000
3590 0.410 1.002 1.000
3591 0.411 1.002 1.000
3592 0.411 1.002 1.000
3593 0.411 1.002 1.000
3594 0.411 1.002 1.000
3595 0.411 1.002 1.000
3596 0.411 1.002 1.000
3597 0.411 1.002 1.000
3598 0.412 1.002 1.000
3599 0.412 1.002 1.000
3600 0.412 1.002 1.000
3601 0.412 1.002 1.000
3602 0.412 1.002 1.000
3603 0.412 1.002 1.000
3604 0.414 1.002 1.000
3605 0.414 1.002 1.000
3606 0.414 1.002 1.000
3607 0.414 1.002 1.000
3608 0.414 1.002 1.000
3609 0.414 1.002 1.000
3610 0.415 1.002 1.000
3611 0.415 1.002 1.000
3612 0.416 1.002 1.000
3613 0.416 1.002 1.000
3614 0.416 1.002 1.000
3615 0.416 1.002 1.000
3616 0.416 1.002 1.000
3617 0.416 1.002 1.000
3618 0.416 1.002 1.000
3619 0.416 1.002 1.000
3620 0.416 1.002 1.000
3621 0.416 1.002 1.000
3622 0.417 1.002 1.000
3623 0.417 1.002 1.000
3624 0.417 1.002 1.000
3625 0.417 1.002 1.000
3626 0.417 1.002 1.000
3627 0.417 1.002 1.000
3628 0.418 1.002 1.000
3629 0.418 1.002 1.000
3630 0.418 1.002 1.000
3631 0.418 1.002 1.000
3632 0.419 1.002 1.000
3633 0.419 1.002 1.000
3634 0.419 1.002 1.000
3635 0.420 1.002 1.000
3636 0.420 1.002 1.000
3637 0.421 1.002 1.000
3638 0.421 1.002 1.000
3639 0.421 1.002 1.000
3640 0.421 1.002 1.000
3641 0.421 1.002 1.000
3642 0.421 1.002 1.000
3643 0.422 1.002 1.000
3644 0.422 1.002 1.000
3645 0.422 1.002 1.000
3646 0.422 1.002 1.000
3647 0.422 1.002 1.000
3648 0.423 1.002 1.000
3649 0.423 1.002 1.000
3650 0.423 1.003 1.000
3651 0.423 1.003 1.000
3652 0.423 1.003 1.000
3653 0.423 1.003 1.000
3654 0.423 1.003 1.000
3655 0.424 1.003 1.000
3656 0.424 1.003 1.000
3657 0.424 1.003 1.000
3658 0.424 1.003 1.000
3659 0.424 1.003 1.000
3660 0.425 1.003 1.000
3661 0.425 1.003 1.000
3662 0.425 1.003 1.000
3663 0.425 1.003 1.000
3664 0.425 1.003 1.000
3665 0.426 1.003 1.000
3666 0.426 1.003 1.000
3667 0.426 1.003 1.000
3668 0.426 1.003 1.000
3669 0.427 1.003 1.000
3670 0.427 1.003 1.000
3671 0.427 1.003 1.000
3672 0.427 1.003 1.000
3673 0.427 1.003 1.000
3674 0.428 1.003 1.000
3675 0.428 1.003 1.000
3676 0.428 1.003 1.000
3677 0.429 1.003 1.000
3678 0.429 1.003 1.000
3679 0.429 1.003 1.000
3680 0.430 1.003 1.000
3681 0.430 1.003 1.000
3682 0.430 1.003 1.000
3683 0.430 1.003 1.000
3684 0.430 1.003 1.000
3685 0.430 1.003 1.000
3686 0.431 1.003 1.000
3687 0.431 1.003 1.000
3688 0.431 1.003 1.000
3689 0.431 1.003 1.000
3690 0.431 1.003 1.000
3691 0.431 1.003 1.000
3692 0.431 1.003 1.000
3693 0.431 1.003 1.000
3694 0.431 1.003 1.000
3695 0.431 1.003 1.000
3696 0.432 1.003 1.000
3697 0.432 1.003 1.000
3698 0.432 1.003 1.000
3699 0.432 1.003 1.000
3700 0.432 1.003 1.000
3701 0.432 1.003 1.000
3702 0.432 1.003 1.000
3703 0.433 1.003 1.000
3704 0.433 1.003 1.000
3705 0.433 1.003 1.000
3706 0.433 1.003 1.000
3707 0.433 1.003 1.000
3708 0.434 1.003 1.000
3709 0.434 1.003 1.000
3710 0.435 1.003 1.000
3711 0.435 1.003 1.000
3712 0.435 1.003 1.000
3713 0.436 1.003 1.000
3714 0.436 1.003 1.000
3715 0.436 1.003 1.000
3716 0.436 1.003 1.000
3717 0.437 1.003 1.000
3718 0.437 1.003 1.000
3719 0.437 1.003 1.000
3720 0.437 1.003 1.000
3721 0.437 1.003 1.000
3722 0.437 1.003 1.000
3723 0.438 1.003 1.000
3724 0.438 1.003 1.000
3725 0.439 1.003 1.000
3726 0.440 1.003 1.000
3727 0.440 1.003 1.000
3728 0.441 1.003 1.000
3729 0.441 1.003 1.000
3730 0.442 1.003 1.000
3731 0.442 1.003 1.001
3732 0.442 1.003 1.001
3733 0.443 1.003 1.001
3734 0.443 1.003 1.001
3735 0.443 1.003 1.001
3736 0.443 1.003 1.001
3737 0.443 1.003 1.001
3738 0.444 1.003 1.001
3739 0.444 1.003 1.001
3740 0.444 1.003 1.001
3741 0.444 1.003 1.001
3742 0.444 1.003 1.001
3743 0.444 1.003 1.001
3744 0.444 1.003 1.001
3745 0.445 1.003 1.001
3746 0.445 1.003 1.001
3747 0.445 1.003 1.001
3748 0.446 1.003 1.001
3749 0.446 1.003 1.001
3750 0.447 1.003 1.001
3751 0.447 1.003 1.001
3752 0.447 1.003 1.001
3753 0.447 1.003 1.001
3754 0.447 1.003 1.001
3755 0.447 1.003 1.001
3756 0.448 1.003 1.001
3757 0.448 1.003 1.001
3758 0.449 1.003 1.001
3759 0.449 1.003 1.001
3760 0.450 1.003 1.001
3761 0.451 1.003 1.001
3762 0.452 1.003 1.001
3763 0.452 1.003 1.001
3764 0.452 1.003 1.001
3765 0.452 1.003 1.001
3766 0.453 1.004 1.001
3767 0.453 1.004 1.001
3768 0.453 1.004 1.001
3769 0.454 1.004 1.001
3770 0.454 1.004 1.001
3771 0.454 1.004 1.001
3772 0.455 1.004 1.001
3773 0.455 1.004 1.001
3774 0.455 1.004 1.001
3775 0.455 1.004 1.001
3776 0.456 1.004 1.001
3777 0.456 1.004 1.001
3778 0.456 1.004 1.001
3779 0.456 1.004 1.001
3780 0.457 1.004 1.001
3781 0.458 1.004 1.001
3782 0.458 1.004 1.001
3783 0.458 1.004 1.001
3784 0.458 1.004 1.001
3785 0.458 1.004 1.001
3786 0.459 1.004 1.001
3787 0.459 1.004 1.001
3788 0.459 1.004 1.001
3789 0.459 1.004 1.001
3790 0.460 1.004 1.001
3791 0.460 1.004 1.001
3792 0.460 1.004 1.001
3793 0.460 1.004 1.001
3794 0.460 1.004 1.001
3795 0.461 1.004 1.001
3796 0.461 1.004 1.001
3797 0.461 1.004 1.001
3798 0.461 1.004 1.001
3799 0.461 1.004 1.001
3800 0.462 1.004 1.001
3801 0.462 1.004 1.001
3802 0.463 1.004 1.001
3803 0.463 1.004 1.001
3804 0.463 1.004 1.001
3805 0.463 1.004 1.001
3806 0.464 1.004 1.001
3807 0.464 1.004 1.001
3808 0.466 1.004 1.001
3809 0.467 1.004 1.001
3810 0.467 1.004 1.001
3811 0.467 1.004 1.001
3812 0.468 1.004 1.001
3813 0.468 1.004 1.001
3814 0.468 1.004 1.001
3815 0.469 1.004 1.001
3816 0.470 1.004 1.001
3817 0.470 1.004 1.001
3818 0.470 1.004 1.001
3819 0.471 1.004 1.001
3820 0.471 1.004 1.001
3821 0.471 1.004 1.001
3822 0.471 1.004 1.001
3823 0.472 1.004 1.001
3824 0.473 1.004 1.001
3825 0.473 1.004 1.001
3826 0.474 1.004 1.001
3827 0.474 1.004 1.001
3828 0.475 1.004 1.001
3829 0.475 1.004 1.001
3830 0.476 1.004 1.001
3831 0.476 1.004 1.001
3832 0.476 1.004 1.001
3833 0.477 1.004 1.001
3834 0.478 1.004 1.001
3835 0.478 1.004 1.001
3836 0.478 1.004 1.001
3837 0.478 1.004 1.001
3838 0.478 1.004 1.001
3839 0.479 1.004 1.001
3840 0.479 1.004 1.001
3841 0.480 1.004 1.002
3842 0.480 1.004 1.002
3843 0.481 1.004 1.002
3844 0.482 1.005 1.002
3845 0.482 1.005 1.002
3846 0.482 1.005 1.002
3847 0.482 1.005 1.002
3848 0.482 1.005 1.002
3849 0.483 1.005 1.002
3850 0.483 1.005 1.002
3851 0.484 1.005 1.002
3852 0.484 1.005 1.002
3853 0.484 1.005 1.002
3854 0.484 1.005 1.002
3855 0.484 1.005 1.002
3856 0.485 1.005 1.002
3857 0.485 1.005 1.002
3858 0.485 1.005 1.002
3859 0.485 1.005 1.002
3860 0.486 1.005 1.002
3861 0.487 1.005 1.002
3862 0.487 1.005 1.002
3863 0.487 1.005 1.002
3864 0.487 1.005 1.002
3865 0.487 1.005 1.002
3866 0.489 1.005 1.002
3867 0.490 1.005 1.002
3868 0.490 1.005 1.002
3869 0.490 1.005 1.002
3870 0.491 1.005 1.002
3871 0.491 1.005 1.002
3872 0.492 1.005 1.002
3873 0.492 1.005 1.002
3874 0.492 1.005 1.002
3875 0.493 1.006 1.002
3876 0.493 1.006 1.002
3877 0.493 1.006 1.002
3878 0.493 1.006 1.002
3879 0.495 1.006 1.002
3880 0.495 1.006 1.002
3881 0.496 1.006 1.002
3882 0.496 1.006 1.002
3883 0.497 1.006 1.002
3884 0.498 1.006 1.002
3885 0.499 1.006 1.002
3886 0.499 1.006 1.002
3887 0.499 1.006 1.002
3888 0.499 1.006 1.002
3889 0.499 1.006 1.002
3890 0.500 1.006 1.002
3891 0.501 1.006 1.002
3892 0.503 1.006 1.002
3893 0.503 1.006 1.002
3894 0.504 1.006 1.002
3895 0.504 1.006 1.002
3896 0.504 1.006 1.002
3897 0.505 1.006 1.002
3898 0.506 1.006 1.002
3899 0.507 1.006 1.002
3900 0.507 1.006 1.002
3901 0.507 1.007 1.002
3902 0.507 1.007 1.003
3903 0.508 1.007 1.003
3904 0.508 1.007 1.003
3905 0.508 1.007 1.003
3906 0.509 1.007 1.003
3907 0.509 1.007 1.003
3908 0.509 1.007 1.003
3909 0.510 1.007 1.003
3910 0.512 1.007 1.003
3911 0.512 1.007 1.003
3912 0.512 1.007 1.003
3913 0.512 1.007 1.003
3914 0.514 1.007 1.003
3915 0.514 1.007 1.003
3916 0.514 1.007 1.003
3917 0.515 1.007 1.003
3918 0.516 1.007 1.003
3919 0.519 1.007 1.003
3920 0.519 1.007 1.003
3921 0.520 1.007 1.003
3922 0.521 1.007 1.003
3923 0.521 1.007 1.003
3924 0.525 1.007 1.003
3925 0.525 1.007 1.003
3926 0.525 1.007 1.003
3927 0.526 1.008 1.003
3928 0.527 1.008 1.003
3929 0.528 1.008 1.003
3930 0.529 1.008 1.003
3931 0.530 1.008 1.003
3932 0.531 1.008 1.003
3933 0.531 1.008 1.003
3934 0.532 1.008 1.004
3935 0.532 1.008 1.004
3936 0.534 1.008 1.004
3937 0.534 1.008 1.004
3938 0.534 1.008 1.004
3939 0.534 1.008 1.004
3940 0.535 1.008 1.004
3941 0.535 1.008 1.004
3942 0.537 1.008 1.004
3943 0.538 1.008 1.004
3944 0.539 1.008 1.004
3945 0.542 1.008 1.004
3946 0.544 1.008 1.004
3947 0.545 1.008 1.004
3948 0.545 1.009 1.004
3949 0.545 1.009 1.004
3950 0.548 1.009 1.005
3951 0.550 1.009 1.005
3952 0.552 1.009 1.005
3953 0.552 1.009 1.005
3954 0.556 1.009 1.005
3955 0.559 1.009 1.005
3956 0.559 1.009 1.005
3957 0.560 1.009 1.005
3958 0.561 1.009 1.005
3959 0.561 1.009 1.005
3960 0.564 1.009 1.005
3961 0.565 1.009 1.005
3962 0.568 1.009 1.005
3963 0.568 1.010 1.005
3964 0.569 1.010 1.005
3965 0.572 1.010 1.005
3966 0.573 1.010 1.005
3967 0.574 1.010 1.005
3968 0.577 1.010 1.006
3969 0.577 1.011 1.006
3970 0.582 1.011 1.006
3971 0.584 1.011 1.006
3972 0.586 1.011 1.006
3973 0.586 1.011 1.006
3974 0.587 1.011 1.006
3975 0.596 1.011 1.006
3976 0.600 1.011 1.006
3977 0.605 1.011 1.006
3978 0.606 1.011 1.006
3979 0.608 1.011 1.006
3980 0.614 1.011 1.007
3981 0.619 1.011 1.007
3982 0.622 1.011 1.007
3983 0.624 1.011 1.007
3984 0.626 1.011 1.007
3985 0.627 1.012 1.007
3986 0.627 1.012 1.008
3987 0.631 1.012 1.008
3988 0.631 1.012 1.008
3989 0.633 1.012 1.008
3990 0.641 1.012 1.008
3991 0.644 1.012 1.008
3992 0.645 1.012 1.008
3993 0.646 1.013 1.009
3994 0.647 1.013 1.009
3995 0.652 1.013 1.009
3996 0.653 1.014 1.009
3997 0.657 1.014 1.010
3998 0.659 1.015 1.010
3999 0.667 1.015 1.010
4000 0.670 1.015 1.010
4001 0.671 1.015 1.010
4002 0.682 1.015 1.010
4003 0.695 1.016 1.010
4004 0.710 1.016 1.011
4005 0.717 1.017 1.011
4006 0.718 1.020 1.011
4007 0.730 1.020 1.012
4008 0.734 1.020 1.012
4009 0.744 1.021 1.012
4010 0.747 1.021 1.012
4011 0.762 1.021 1.014
4012 0.765 1.021 1.015
4013 0.806 1.022 1.015
4014 0.834 1.025 1.016
4015 0.842 1.025 1.022
4016 0.847 1.027 1.023
4017 0.855 1.027 1.024
4018 0.870 1.028 1.025
4019 0.884 1.030 1.025
4020 0.917 1.030 1.025
4021 0.936 1.034 1.026
4022 0.956 1.036 1.033
4023 0.961 1.038 1.034
4024 0.961 1.039 1.036
4025 0.961 1.043 1.038
4026 0.961 1.046 1.041
4027 0.961 1.048 1.041
4028 0.961 1.049 1.047
4029 0.961 1.050 1.047
4030 0.961 1.053 1.048
4031 0.961 1.059 1.051
4032 0.961 1.066 1.058
4033 1.000 1.092 1.064
