 accp4 accp4c accp4p
1 0.000 0.918 0.623
2 0.002 0.939 0.709
3 0.002 0.940 0.738
4 0.002 0.950 0.791
5 0.003 0.950 0.795
6 0.003 0.951 0.795
7 0.003 0.951 0.801
8 0.003 0.951 0.808
9 0.003 0.951 0.808
10 0.004 0.952 0.814
11 0.004 0.952 0.821
12 0.005 0.952 0.827
13 0.005 0.952 0.840
14 0.007 0.953 0.849
15 0.008 0.953 0.853
16 0.009 0.970 0.856
17 0.010 0.971 0.858
18 0.010 0.972 0.860
19 0.010 0.975 0.862
20 0.011 0.975 0.864
21 0.012 0.977 0.872
22 0.012 0.977 0.872
23 0.012 0.978 0.874
24 0.012 0.978 0.874
25 0.012 0.979 0.880
26 0.013 0.979 0.883
27 0.013 0.980 0.883
28 0.013 0.980 0.885
29 0.014 0.980 0.886
30 0.015 0.980 0.886
31 0.015 0.981 0.887
32 0.015 0.981 0.888
33 0.015 0.981 0.888
34 0.016 0.982 0.889
35 0.016 0.982 0.893
36 0.017 0.982 0.894
37 0.017 0.983 0.895
38 0.018 0.983 0.897
39 0.018 0.983 0.897
40 0.018 0.983 0.897
41 0.018 0.983 0.898
42 0.018 0.983 0.899
43 0.019 0.983 0.899
44 0.019 0.983 0.900
45 0.019 0.983 0.900
46 0.020 0.983 0.901
47 0.020 0.983 0.902
48 0.020 0.983 0.904
49 0.020 0.983 0.904
50 0.020 0.983 0.905
51 0.021 0.984 0.906
52 0.021 0.984 0.908
53 0.021 0.984 0.908
54 0.021 0.984 0.908
55 0.021 0.984 0.909
56 0.022 0.984 0.909
57 0.022 0.984 0.909
58 0.023 0.984 0.909
59 0.023 0.984 0.910
60 0.025 0.984 0.910
61 0.025 0.984 0.910
62 0.025 0.984 0.912
63 0.026 0.984 0.912
64 0.026 0.984 0.913
65 0.027 0.984 0.913
66 0.027 0.984 0.913
67 0.027 0.984 0.914
68 0.027 0.984 0.914
69 0.027 0.984 0.915
70 0.028 0.985 0.915
71 0.029 0.985 0.916
72 0.029 0.985 0.916
73 0.029 0.985 0.918
74 0.029 0.985 0.918
75 0.029 0.985 0.919
76 0.030 0.985 0.920
77 0.031 0.985 0.920
78 0.031 0.985 0.921
79 0.031 0.985 0.921
80 0.032 0.985 0.921
81 0.032 0.985 0.922
82 0.032 0.985 0.922
83 0.032 0.985 0.922
84 0.032 0.985 0.923
85 0.032 0.985 0.923
86 0.032 0.985 0.923
87 0.033 0.985 0.924
88 0.033 0.985 0.924
89 0.034 0.986 0.924
90 0.034 0.986 0.925
91 0.034 0.986 0.925
92 0.035 0.986 0.926
93 0.035 0.986 0.926
94 0.036 0.986 0.927
95 0.036 0.986 0.927
96 0.036 0.986 0.927
97 0.037 0.986 0.927
98 0.037 0.986 0.927
99 0.037 0.986 0.928
100 0.038 0.986 0.929
101 0.038 0.986 0.929
102 0.038 0.986 0.929
103 0.038 0.986 0.929
104 0.038 0.986 0.929
105 0.038 0.986 0.929
106 0.038 0.986 0.930
107 0.038 0.987 0.930
108 0.038 0.987 0.930
109 0.039 0.987 0.930
110 0.039 0.987 0.930
111 0.039 0.987 0.930
112 0.039 0.987 0.930
113 0.039 0.987 0.931
114 0.039 0.987 0.931
115 0.039 0.987 0.931
116 0.040 0.987 0.932
117 0.040 0.987 0.932
118 0.040 0.987 0.932
119 0.040 0.987 0.932
120 0.040 0.987 0.932
121 0.041 0.987 0.932
122 0.041 0.987 0.932
123 0.041 0.987 0.933
124 0.041 0.987 0.933
125 0.042 0.987 0.933
126 0.042 0.987 0.934
127 0.042 0.987 0.934
128 0.042 0.987 0.935
129 0.042 0.987 0.935
130 0.043 0.987 0.936
131 0.043 0.987 0.936
132 0.043 0.987 0.936
133 0.043 0.987 0.936
134 0.043 0.987 0.936
135 0.043 0.987 0.936
136 0.043 0.987 0.937
137 0.043 0.987 0.937
138 0.043 0.987 0.937
139 0.043 0.987 0.937
140 0.044 0.987 0.937
141 0.044 0.987 0.937
142 0.044 0.987 0.937
143 0.044 0.987 0.937
144 0.045 0.987 0.937
145 0.045 0.988 0.937
146 0.045 0.988 0.937
147 0.045 0.988 0.938
148 0.045 0.988 0.938
149 0.045 0.988 0.938
150 0.045 0.988 0.938
151 0.045 0.988 0.938
152 0.045 0.988 0.938
153 0.046 0.988 0.938
154 0.046 0.988 0.938
155 0.046 0.988 0.938
156 0.046 0.988 0.938
157 0.046 0.988 0.938
158 0.046 0.988 0.938
159 0.046 0.988 0.938
160 0.047 0.988 0.939
161 0.047 0.988 0.939
162 0.047 0.988 0.939
163 0.047 0.988 0.939
164 0.047 0.988 0.939
165 0.047 0.988 0.939
166 0.047 0.988 0.939
167 0.048 0.988 0.939
168 0.048 0.988 0.940
169 0.048 0.988 0.940
170 0.048 0.988 0.940
171 0.048 0.988 0.940
172 0.048 0.988 0.940
173 0.048 0.988 0.940
174 0.048 0.988 0.940
175 0.048 0.988 0.940
176 0.049 0.988 0.941
177 0.049 0.988 0.941
178 0.049 0.988 0.941
179 0.049 0.988 0.941
180 0.049 0.988 0.941
181 0.049 0.988 0.941
182 0.049 0.988 0.941
183 0.049 0.988 0.941
184 0.050 0.988 0.942
185 0.050 0.988 0.942
186 0.051 0.988 0.942
187 0.051 0.988 0.943
188 0.051 0.988 0.943
189 0.051 0.988 0.943
190 0.051 0.988 0.943
191 0.051 0.988 0.943
192 0.051 0.988 0.944
193 0.052 0.988 0.944
194 0.052 0.989 0.944
195 0.052 0.989 0.944
196 0.052 0.989 0.944
197 0.052 0.989 0.944
198 0.053 0.989 0.945
199 0.053 0.989 0.945
200 0.053 0.989 0.945
201 0.053 0.989 0.945
202 0.053 0.989 0.945
203 0.053 0.989 0.945
204 0.053 0.989 0.945
205 0.053 0.989 0.945
206 0.053 0.989 0.945
207 0.054 0.989 0.946
208 0.054 0.989 0.946
209 0.054 0.989 0.946
210 0.054 0.989 0.946
211 0.054 0.989 0.946
212 0.054 0.989 0.946
213 0.055 0.989 0.946
214 0.055 0.989 0.946
215 0.055 0.989 0.946
216 0.055 0.989 0.946
217 0.055 0.989 0.947
218 0.055 0.989 0.947
219 0.055 0.989 0.947
220 0.055 0.989 0.947
221 0.055 0.989 0.947
222 0.056 0.989 0.947
223 0.056 0.989 0.948
224 0.056 0.989 0.948
225 0.056 0.989 0.948
226 0.056 0.989 0.948
227 0.056 0.989 0.948
228 0.056 0.989 0.948
229 0.057 0.989 0.948
230 0.057 0.989 0.948
231 0.057 0.989 0.948
232 0.057 0.989 0.948
233 0.057 0.989 0.948
234 0.057 0.989 0.949
235 0.057 0.989 0.949
236 0.057 0.989 0.949
237 0.057 0.989 0.949
238 0.057 0.989 0.949
239 0.057 0.989 0.949
240 0.058 0.989 0.949
241 0.058 0.989 0.949
242 0.058 0.989 0.950
243 0.058 0.990 0.950
244 0.058 0.990 0.950
245 0.058 0.990 0.950
246 0.058 0.990 0.950
247 0.058 0.990 0.950
248 0.059 0.990 0.950
249 0.059 0.990 0.950
250 0.059 0.990 0.950
251 0.059 0.990 0.950
252 0.059 0.990 0.950
253 0.059 0.990 0.950
254 0.059 0.990 0.950
255 0.059 0.990 0.951
256 0.059 0.990 0.951
257 0.059 0.990 0.951
258 0.059 0.990 0.951
259 0.059 0.990 0.951
260 0.059 0.990 0.951
261 0.059 0.990 0.951
262 0.059 0.990 0.951
263 0.059 0.990 0.951
264 0.059 0.990 0.951
265 0.060 0.990 0.951
266 0.060 0.990 0.951
267 0.060 0.990 0.951
268 0.060 0.990 0.951
269 0.060 0.990 0.951
270 0.060 0.990 0.952
271 0.060 0.990 0.952
272 0.060 0.990 0.952
273 0.060 0.990 0.952
274 0.061 0.990 0.952
275 0.061 0.990 0.952
276 0.061 0.990 0.952
277 0.061 0.990 0.952
278 0.061 0.990 0.952
279 0.061 0.990 0.952
280 0.061 0.990 0.952
281 0.061 0.990 0.952
282 0.061 0.990 0.952
283 0.061 0.990 0.952
284 0.061 0.990 0.953
285 0.061 0.990 0.953
286 0.062 0.990 0.953
287 0.062 0.990 0.953
288 0.062 0.990 0.953
289 0.062 0.990 0.953
290 0.062 0.990 0.953
291 0.062 0.990 0.953
292 0.062 0.990 0.953
293 0.062 0.990 0.953
294 0.062 0.990 0.953
295 0.062 0.990 0.953
296 0.062 0.990 0.953
297 0.062 0.990 0.953
298 0.062 0.990 0.953
299 0.063 0.990 0.953
300 0.063 0.990 0.953
301 0.063 0.990 0.953
302 0.063 0.990 0.953
303 0.063 0.990 0.954
304 0.063 0.990 0.954
305 0.063 0.990 0.954
306 0.063 0.990 0.954
307 0.063 0.990 0.954
308 0.063 0.990 0.954
309 0.063 0.990 0.954
310 0.063 0.990 0.954
311 0.063 0.990 0.954
312 0.063 0.990 0.954
313 0.064 0.990 0.954
314 0.064 0.990 0.955
315 0.064 0.990 0.955
316 0.064 0.990 0.955
317 0.064 0.990 0.955
318 0.064 0.990 0.955
319 0.064 0.990 0.955
320 0.064 0.991 0.955
321 0.064 0.991 0.955
322 0.064 0.991 0.955
323 0.064 0.991 0.955
324 0.064 0.991 0.955
325 0.064 0.991 0.955
326 0.064 0.991 0.955
327 0.064 0.991 0.955
328 0.064 0.991 0.955
329 0.064 0.991 0.955
330 0.064 0.991 0.956
331 0.064 0.991 0.956
332 0.064 0.991 0.956
333 0.065 0.991 0.956
334 0.065 0.991 0.956
335 0.065 0.991 0.956
336 0.065 0.991 0.956
337 0.065 0.991 0.956
338 0.065 0.991 0.956
339 0.065 0.991 0.956
340 0.065 0.991 0.956
341 0.065 0.991 0.957
342 0.065 0.991 0.957
343 0.065 0.991 0.957
344 0.065 0.991 0.957
345 0.065 0.991 0.957
346 0.065 0.991 0.957
347 0.065 0.991 0.957
348 0.066 0.991 0.957
349 0.066 0.991 0.957
350 0.066 0.991 0.957
351 0.066 0.991 0.957
352 0.066 0.991 0.957
353 0.066 0.991 0.957
354 0.066 0.991 0.957
355 0.066 0.991 0.957
356 0.066 0.991 0.957
357 0.066 0.991 0.957
358 0.066 0.991 0.957
359 0.067 0.991 0.957
360 0.067 0.991 0.957
361 0.067 0.991 0.958
362 0.067 0.991 0.958
363 0.067 0.991 0.958
364 0.067 0.991 0.958
365 0.067 0.991 0.958
366 0.067 0.991 0.958
367 0.067 0.991 0.958
368 0.067 0.991 0.958
369 0.067 0.991 0.958
370 0.067 0.991 0.958
371 0.068 0.991 0.958
372 0.068 0.991 0.958
373 0.068 0.991 0.958
374 0.068 0.991 0.958
375 0.068 0.991 0.958
376 0.068 0.991 0.958
377 0.068 0.991 0.958
378 0.068 0.991 0.958
379 0.068 0.991 0.959
380 0.068 0.991 0.959
381 0.069 0.991 0.959
382 0.069 0.991 0.959
383 0.069 0.991 0.959
384 0.069 0.991 0.959
385 0.069 0.991 0.959
386 0.069 0.991 0.959
387 0.069 0.991 0.959
388 0.069 0.991 0.959
389 0.069 0.991 0.959
390 0.069 0.991 0.959
391 0.069 0.991 0.959
392 0.069 0.991 0.959
393 0.069 0.991 0.959
394 0.070 0.991 0.959
395 0.070 0.991 0.959
396 0.070 0.991 0.959
397 0.070 0.991 0.959
398 0.070 0.991 0.959
399 0.070 0.991 0.959
400 0.070 0.991 0.959
401 0.070 0.991 0.959
402 0.070 0.991 0.959
403 0.070 0.991 0.959
404 0.070 0.991 0.959
405 0.071 0.991 0.959
406 0.071 0.991 0.960
407 0.071 0.991 0.960
408 0.071 0.991 0.960
409 0.071 0.992 0.960
410 0.071 0.992 0.960
411 0.071 0.992 0.960
412 0.071 0.992 0.960
413 0.071 0.992 0.960
414 0.071 0.992 0.960
415 0.071 0.992 0.960
416 0.071 0.992 0.960
417 0.071 0.992 0.960
418 0.071 0.992 0.960
419 0.071 0.992 0.961
420 0.071 0.992 0.961
421 0.071 0.992 0.961
422 0.072 0.992 0.961
423 0.072 0.992 0.961
424 0.072 0.992 0.961
425 0.072 0.992 0.961
426 0.072 0.992 0.961
427 0.072 0.992 0.961
428 0.072 0.992 0.961
429 0.072 0.992 0.961
430 0.072 0.992 0.961
431 0.072 0.992 0.961
432 0.072 0.992 0.961
433 0.072 0.992 0.961
434 0.072 0.992 0.961
435 0.072 0.992 0.961
436 0.073 0.992 0.961
437 0.073 0.992 0.961
438 0.073 0.992 0.961
439 0.073 0.992 0.961
440 0.073 0.992 0.961
441 0.073 0.992 0.962
442 0.073 0.992 0.962
443 0.073 0.992 0.962
444 0.073 0.992 0.962
445 0.074 0.992 0.962
446 0.074 0.992 0.962
447 0.074 0.992 0.962
448 0.074 0.992 0.962
449 0.074 0.992 0.962
450 0.074 0.992 0.962
451 0.074 0.992 0.962
452 0.074 0.992 0.962
453 0.074 0.992 0.962
454 0.074 0.992 0.962
455 0.074 0.992 0.962
456 0.074 0.992 0.962
457 0.074 0.992 0.962
458 0.074 0.992 0.962
459 0.074 0.992 0.962
460 0.074 0.992 0.962
461 0.074 0.992 0.962
462 0.074 0.992 0.962
463 0.074 0.992 0.962
464 0.074 0.992 0.963
465 0.075 0.992 0.963
466 0.075 0.992 0.963
467 0.075 0.992 0.963
468 0.075 0.992 0.963
469 0.075 0.992 0.963
470 0.075 0.992 0.963
471 0.075 0.992 0.963
472 0.075 0.992 0.963
473 0.075 0.992 0.963
474 0.075 0.992 0.963
475 0.075 0.992 0.963
476 0.075 0.992 0.963
477 0.075 0.992 0.963
478 0.075 0.992 0.963
479 0.075 0.992 0.963
480 0.075 0.992 0.963
481 0.075 0.992 0.963
482 0.075 0.992 0.963
483 0.075 0.992 0.963
484 0.075 0.992 0.963
485 0.075 0.992 0.963
486 0.075 0.992 0.963
487 0.075 0.992 0.963
488 0.075 0.992 0.963
489 0.076 0.992 0.963
490 0.076 0.992 0.963
491 0.076 0.992 0.963
492 0.076 0.992 0.963
493 0.076 0.992 0.963
494 0.076 0.992 0.963
495 0.076 0.992 0.963
496 0.076 0.992 0.963
497 0.076 0.992 0.963
498 0.076 0.992 0.963
499 0.076 0.992 0.963
500 0.076 0.992 0.963
501 0.076 0.992 0.964
502 0.076 0.992 0.964
503 0.076 0.992 0.964
504 0.076 0.992 0.964
505 0.077 0.992 0.964
506 0.077 0.992 0.964
507 0.077 0.992 0.964
508 0.077 0.992 0.964
509 0.077 0.992 0.964
510 0.077 0.992 0.964
511 0.077 0.992 0.964
512 0.077 0.992 0.964
513 0.077 0.992 0.964
514 0.077 0.992 0.964
515 0.077 0.992 0.964
516 0.077 0.992 0.964
517 0.077 0.992 0.964
518 0.077 0.992 0.964
519 0.078 0.992 0.964
520 0.078 0.992 0.964
521 0.078 0.993 0.964
522 0.078 0.993 0.964
523 0.078 0.993 0.964
524 0.078 0.993 0.965
525 0.078 0.993 0.965
526 0.078 0.993 0.965
527 0.078 0.993 0.965
528 0.078 0.993 0.965
529 0.078 0.993 0.965
530 0.078 0.993 0.965
531 0.079 0.993 0.965
532 0.079 0.993 0.965
533 0.079 0.993 0.965
534 0.079 0.993 0.965
535 0.079 0.993 0.965
536 0.079 0.993 0.965
537 0.079 0.993 0.965
538 0.079 0.993 0.965
539 0.079 0.993 0.965
540 0.079 0.993 0.965
541 0.079 0.993 0.966
542 0.079 0.993 0.966
543 0.079 0.993 0.966
544 0.079 0.993 0.966
545 0.079 0.993 0.966
546 0.079 0.993 0.966
547 0.079 0.993 0.966
548 0.079 0.993 0.966
549 0.079 0.993 0.966
550 0.079 0.993 0.966
551 0.079 0.993 0.966
552 0.080 0.993 0.966
553 0.080 0.993 0.966
554 0.080 0.993 0.966
555 0.080 0.993 0.966
556 0.080 0.993 0.966
557 0.080 0.993 0.966
558 0.080 0.993 0.966
559 0.080 0.993 0.966
560 0.080 0.993 0.966
561 0.080 0.993 0.966
562 0.080 0.993 0.966
563 0.080 0.993 0.966
564 0.080 0.993 0.966
565 0.080 0.993 0.966
566 0.080 0.993 0.966
567 0.080 0.993 0.967
568 0.080 0.993 0.967
569 0.080 0.993 0.967
570 0.080 0.993 0.967
571 0.080 0.993 0.967
572 0.080 0.993 0.967
573 0.080 0.993 0.967
574 0.080 0.993 0.967
575 0.081 0.993 0.967
576 0.081 0.993 0.967
577 0.081 0.993 0.967
578 0.081 0.993 0.967
579 0.081 0.993 0.967
580 0.081 0.993 0.967
581 0.081 0.993 0.967
582 0.081 0.993 0.967
583 0.081 0.993 0.967
584 0.081 0.993 0.967
585 0.081 0.993 0.967
586 0.081 0.993 0.967
587 0.081 0.993 0.967
588 0.081 0.993 0.967
589 0.081 0.993 0.967
590 0.081 0.993 0.967
591 0.081 0.993 0.967
592 0.082 0.993 0.967
593 0.082 0.993 0.967
594 0.082 0.993 0.967
595 0.082 0.993 0.967
596 0.082 0.993 0.967
597 0.082 0.993 0.967
598 0.082 0.993 0.967
599 0.082 0.993 0.967
600 0.082 0.993 0.967
601 0.082 0.993 0.968
602 0.082 0.993 0.968
603 0.082 0.993 0.968
604 0.082 0.993 0.968
605 0.082 0.993 0.968
606 0.082 0.993 0.968
607 0.082 0.993 0.968
608 0.082 0.993 0.968
609 0.082 0.993 0.968
610 0.082 0.993 0.968
611 0.083 0.993 0.968
612 0.083 0.993 0.968
613 0.083 0.993 0.968
614 0.083 0.993 0.968
615 0.083 0.993 0.968
616 0.083 0.993 0.968
617 0.083 0.993 0.968
618 0.083 0.993 0.968
619 0.083 0.993 0.968
620 0.083 0.993 0.968
621 0.083 0.993 0.968
622 0.083 0.993 0.968
623 0.083 0.993 0.968
624 0.084 0.993 0.968
625 0.084 0.993 0.968
626 0.084 0.993 0.968
627 0.084 0.993 0.968
628 0.084 0.993 0.968
629 0.084 0.993 0.968
630 0.084 0.993 0.968
631 0.084 0.993 0.968
632 0.084 0.993 0.969
633 0.084 0.993 0.969
634 0.084 0.993 0.969
635 0.084 0.993 0.969
636 0.084 0.993 0.969
637 0.084 0.993 0.969
638 0.084 0.993 0.969
639 0.084 0.993 0.969
640 0.084 0.993 0.969
641 0.084 0.993 0.969
642 0.084 0.993 0.969
643 0.084 0.993 0.969
644 0.085 0.993 0.969
645 0.085 0.993 0.969
646 0.085 0.993 0.969
647 0.085 0.993 0.969
648 0.085 0.993 0.969
649 0.085 0.993 0.969
650 0.085 0.993 0.969
651 0.085 0.993 0.969
652 0.085 0.993 0.969
653 0.085 0.993 0.969
654 0.085 0.993 0.969
655 0.085 0.993 0.969
656 0.085 0.993 0.969
657 0.085 0.993 0.969
658 0.085 0.993 0.969
659 0.085 0.994 0.969
660 0.085 0.994 0.969
661 0.085 0.994 0.969
662 0.085 0.994 0.969
663 0.086 0.994 0.970
664 0.086 0.994 0.970
665 0.086 0.994 0.970
666 0.086 0.994 0.970
667 0.086 0.994 0.970
668 0.086 0.994 0.970
669 0.086 0.994 0.970
670 0.086 0.994 0.970
671 0.086 0.994 0.970
672 0.086 0.994 0.970
673 0.086 0.994 0.970
674 0.086 0.994 0.970
675 0.086 0.994 0.970
676 0.086 0.994 0.970
677 0.087 0.994 0.970
678 0.087 0.994 0.970
679 0.087 0.994 0.970
680 0.087 0.994 0.970
681 0.087 0.994 0.970
682 0.087 0.994 0.971
683 0.087 0.994 0.971
684 0.087 0.994 0.971
685 0.087 0.994 0.971
686 0.087 0.994 0.971
687 0.087 0.994 0.971
688 0.087 0.994 0.971
689 0.087 0.994 0.971
690 0.088 0.994 0.971
691 0.088 0.994 0.971
692 0.088 0.994 0.971
693 0.088 0.994 0.971
694 0.088 0.994 0.971
695 0.088 0.994 0.971
696 0.088 0.994 0.971
697 0.088 0.994 0.971
698 0.088 0.994 0.971
699 0.088 0.994 0.971
700 0.088 0.994 0.971
701 0.088 0.994 0.971
702 0.088 0.994 0.971
703 0.088 0.994 0.971
704 0.088 0.994 0.971
705 0.088 0.994 0.971
706 0.088 0.994 0.971
707 0.088 0.994 0.971
708 0.089 0.994 0.971
709 0.089 0.994 0.971
710 0.089 0.994 0.971
711 0.089 0.994 0.971
712 0.089 0.994 0.972
713 0.089 0.994 0.972
714 0.089 0.994 0.972
715 0.089 0.994 0.972
716 0.089 0.994 0.972
717 0.089 0.994 0.972
718 0.089 0.994 0.972
719 0.089 0.994 0.972
720 0.089 0.994 0.972
721 0.089 0.994 0.972
722 0.089 0.994 0.972
723 0.090 0.994 0.972
724 0.090 0.994 0.972
725 0.090 0.994 0.972
726 0.090 0.994 0.972
727 0.090 0.994 0.972
728 0.090 0.994 0.972
729 0.090 0.994 0.972
730 0.090 0.994 0.972
731 0.090 0.994 0.972
732 0.090 0.994 0.972
733 0.090 0.994 0.972
734 0.091 0.994 0.972
735 0.091 0.994 0.972
736 0.091 0.994 0.973
737 0.091 0.994 0.973
738 0.091 0.994 0.973
739 0.091 0.994 0.973
740 0.091 0.994 0.973
741 0.091 0.994 0.973
742 0.091 0.994 0.973
743 0.091 0.994 0.973
744 0.091 0.994 0.973
745 0.091 0.994 0.973
746 0.091 0.994 0.973
747 0.091 0.994 0.973
748 0.091 0.994 0.973
749 0.091 0.994 0.973
750 0.092 0.994 0.973
751 0.092 0.994 0.973
752 0.092 0.994 0.973
753 0.092 0.994 0.973
754 0.092 0.994 0.973
755 0.092 0.994 0.973
756 0.092 0.994 0.973
757 0.092 0.994 0.973
758 0.092 0.994 0.973
759 0.092 0.994 0.973
760 0.092 0.994 0.973
761 0.093 0.994 0.973
762 0.093 0.994 0.973
763 0.093 0.994 0.973
764 0.093 0.994 0.973
765 0.093 0.994 0.973
766 0.093 0.994 0.973
767 0.093 0.994 0.973
768 0.093 0.994 0.973
769 0.093 0.994 0.973
770 0.093 0.994 0.973
771 0.093 0.994 0.973
772 0.093 0.994 0.973
773 0.093 0.994 0.973
774 0.093 0.994 0.974
775 0.094 0.994 0.974
776 0.094 0.994 0.974
777 0.094 0.994 0.974
778 0.094 0.994 0.974
779 0.094 0.994 0.974
780 0.094 0.994 0.974
781 0.094 0.994 0.974
782 0.094 0.994 0.974
783 0.094 0.994 0.974
784 0.094 0.994 0.974
785 0.094 0.994 0.974
786 0.094 0.994 0.974
787 0.094 0.994 0.974
788 0.094 0.994 0.974
789 0.094 0.994 0.974
790 0.094 0.994 0.974
791 0.094 0.994 0.974
792 0.094 0.994 0.974
793 0.095 0.994 0.974
794 0.095 0.994 0.974
795 0.095 0.994 0.974
796 0.095 0.994 0.974
797 0.095 0.994 0.974
798 0.095 0.994 0.974
799 0.095 0.994 0.974
800 0.095 0.994 0.974
801 0.095 0.994 0.974
802 0.095 0.994 0.975
803 0.095 0.994 0.975
804 0.095 0.994 0.975
805 0.095 0.994 0.975
806 0.095 0.994 0.975
807 0.095 0.994 0.975
808 0.096 0.994 0.975
809 0.096 0.994 0.975
810 0.096 0.994 0.975
811 0.096 0.994 0.975
812 0.096 0.994 0.975
813 0.096 0.994 0.975
814 0.096 0.994 0.975
815 0.096 0.994 0.975
816 0.096 0.994 0.975
817 0.096 0.994 0.975
818 0.096 0.994 0.975
819 0.097 0.994 0.975
820 0.097 0.994 0.975
821 0.097 0.995 0.975
822 0.097 0.995 0.975
823 0.097 0.995 0.975
824 0.097 0.995 0.975
825 0.097 0.995 0.975
826 0.097 0.995 0.975
827 0.097 0.995 0.975
828 0.097 0.995 0.975
829 0.097 0.995 0.975
830 0.097 0.995 0.975
831 0.097 0.995 0.975
832 0.097 0.995 0.976
833 0.097 0.995 0.976
834 0.097 0.995 0.976
835 0.097 0.995 0.976
836 0.097 0.995 0.976
837 0.098 0.995 0.976
838 0.098 0.995 0.976
839 0.098 0.995 0.976
840 0.098 0.995 0.976
841 0.098 0.995 0.976
842 0.098 0.995 0.976
843 0.098 0.995 0.976
844 0.098 0.995 0.976
845 0.098 0.995 0.976
846 0.098 0.995 0.976
847 0.098 0.995 0.976
848 0.098 0.995 0.976
849 0.098 0.995 0.976
850 0.098 0.995 0.976
851 0.098 0.995 0.976
852 0.098 0.995 0.976
853 0.098 0.995 0.976
854 0.099 0.995 0.976
855 0.099 0.995 0.976
856 0.099 0.995 0.976
857 0.099 0.995 0.976
858 0.099 0.995 0.976
859 0.099 0.995 0.976
860 0.099 0.995 0.976
861 0.099 0.995 0.976
862 0.099 0.995 0.976
863 0.099 0.995 0.976
864 0.100 0.995 0.976
865 0.100 0.995 0.977
866 0.100 0.995 0.977
867 0.100 0.995 0.977
868 0.100 0.995 0.977
869 0.100 0.995 0.977
870 0.100 0.995 0.977
871 0.100 0.995 0.977
872 0.100 0.995 0.977
873 0.100 0.995 0.977
874 0.100 0.995 0.977
875 0.100 0.995 0.977
876 0.101 0.995 0.977
877 0.101 0.995 0.977
878 0.101 0.995 0.977
879 0.101 0.995 0.977
880 0.101 0.995 0.977
881 0.101 0.995 0.977
882 0.102 0.995 0.977
883 0.102 0.995 0.977
884 0.102 0.995 0.977
885 0.102 0.995 0.977
886 0.102 0.995 0.977
887 0.102 0.995 0.977
888 0.102 0.995 0.977
889 0.102 0.995 0.977
890 0.102 0.995 0.977
891 0.102 0.995 0.977
892 0.102 0.995 0.977
893 0.102 0.995 0.977
894 0.102 0.995 0.977
895 0.102 0.995 0.977
896 0.103 0.995 0.977
897 0.103 0.995 0.977
898 0.103 0.995 0.977
899 0.103 0.995 0.977
900 0.103 0.995 0.977
901 0.103 0.995 0.978
902 0.103 0.995 0.978
903 0.103 0.995 0.978
904 0.103 0.995 0.978
905 0.103 0.995 0.978
906 0.103 0.995 0.978
907 0.103 0.995 0.978
908 0.103 0.995 0.978
909 0.103 0.995 0.978
910 0.104 0.995 0.978
911 0.104 0.995 0.978
912 0.104 0.995 0.978
913 0.104 0.995 0.978
914 0.104 0.995 0.978
915 0.104 0.995 0.978
916 0.104 0.995 0.978
917 0.104 0.995 0.978
918 0.104 0.995 0.978
919 0.104 0.995 0.978
920 0.104 0.995 0.978
921 0.104 0.995 0.978
922 0.104 0.995 0.978
923 0.104 0.995 0.978
924 0.105 0.995 0.978
925 0.105 0.995 0.978
926 0.105 0.995 0.978
927 0.105 0.995 0.978
928 0.105 0.995 0.978
929 0.105 0.995 0.978
930 0.105 0.995 0.978
931 0.105 0.995 0.978
932 0.105 0.995 0.978
933 0.105 0.995 0.978
934 0.105 0.995 0.978
935 0.105 0.995 0.978
936 0.105 0.995 0.978
937 0.105 0.995 0.978
938 0.106 0.995 0.978
939 0.106 0.995 0.979
940 0.106 0.995 0.979
941 0.106 0.995 0.979
942 0.106 0.995 0.979
943 0.106 0.995 0.979
944 0.106 0.995 0.979
945 0.106 0.995 0.979
946 0.106 0.995 0.979
947 0.106 0.995 0.979
948 0.106 0.995 0.979
949 0.106 0.995 0.979
950 0.106 0.995 0.979
951 0.106 0.995 0.979
952 0.106 0.995 0.979
953 0.106 0.995 0.979
954 0.106 0.995 0.979
955 0.106 0.995 0.979
956 0.107 0.995 0.979
957 0.107 0.995 0.979
958 0.107 0.995 0.979
959 0.107 0.995 0.979
960 0.107 0.995 0.979
961 0.107 0.995 0.979
962 0.107 0.995 0.979
963 0.107 0.995 0.979
964 0.107 0.995 0.979
965 0.107 0.995 0.979
966 0.108 0.995 0.979
967 0.108 0.995 0.979
968 0.108 0.995 0.979
969 0.108 0.995 0.979
970 0.108 0.995 0.979
971 0.108 0.995 0.979
972 0.108 0.995 0.979
973 0.108 0.995 0.979
974 0.108 0.995 0.979
975 0.108 0.995 0.979
976 0.108 0.995 0.979
977 0.108 0.995 0.979
978 0.108 0.995 0.979
979 0.108 0.995 0.979
980 0.108 0.995 0.980
981 0.108 0.996 0.980
982 0.108 0.996 0.980
983 0.108 0.996 0.980
984 0.108 0.996 0.980
985 0.108 0.996 0.980
986 0.108 0.996 0.980
987 0.108 0.996 0.980
988 0.108 0.996 0.980
989 0.108 0.996 0.980
990 0.108 0.996 0.980
991 0.109 0.996 0.980
992 0.109 0.996 0.980
993 0.109 0.996 0.980
994 0.109 0.996 0.980
995 0.109 0.996 0.980
996 0.109 0.996 0.980
997 0.109 0.996 0.980
998 0.109 0.996 0.980
999 0.109 0.996 0.980
1000 0.109 0.996 0.980
1001 0.109 0.996 0.980
1002 0.110 0.996 0.980
1003 0.110 0.996 0.980
1004 0.110 0.996 0.980
1005 0.110 0.996 0.980
1006 0.110 0.996 0.980
1007 0.110 0.996 0.980
1008 0.110 0.996 0.980
1009 0.110 0.996 0.980
1010 0.110 0.996 0.980
1011 0.110 0.996 0.980
1012 0.110 0.996 0.980
1013 0.110 0.996 0.980
1014 0.110 0.996 0.980
1015 0.110 0.996 0.980
1016 0.110 0.996 0.980
1017 0.110 0.996 0.980
1018 0.110 0.996 0.980
1019 0.110 0.996 0.980
1020 0.110 0.996 0.980
1021 0.110 0.996 0.980
1022 0.111 0.996 0.980
1023 0.111 0.996 0.980
1024 0.111 0.996 0.980
1025 0.111 0.996 0.981
1026 0.111 0.996 0.981
1027 0.111 0.996 0.981
1028 0.111 0.996 0.981
1029 0.111 0.996 0.981
1030 0.111 0.996 0.981
1031 0.111 0.996 0.981
1032 0.111 0.996 0.981
1033 0.111 0.996 0.981
1034 0.111 0.996 0.981
1035 0.111 0.996 0.981
1036 0.111 0.996 0.981
1037 0.111 0.996 0.981
1038 0.111 0.996 0.981
1039 0.111 0.996 0.981
1040 0.111 0.996 0.981
1041 0.111 0.996 0.981
1042 0.111 0.996 0.981
1043 0.111 0.996 0.981
1044 0.111 0.996 0.981
1045 0.111 0.996 0.981
1046 0.111 0.996 0.981
1047 0.111 0.996 0.981
1048 0.112 0.996 0.981
1049 0.112 0.996 0.981
1050 0.112 0.996 0.981
1051 0.112 0.996 0.981
1052 0.112 0.996 0.981
1053 0.112 0.996 0.981
1054 0.112 0.996 0.981
1055 0.112 0.996 0.981
1056 0.112 0.996 0.981
1057 0.112 0.996 0.981
1058 0.112 0.996 0.981
1059 0.112 0.996 0.981
1060 0.112 0.996 0.981
1061 0.112 0.996 0.981
1062 0.112 0.996 0.981
1063 0.112 0.996 0.981
1064 0.112 0.996 0.981
1065 0.112 0.996 0.981
1066 0.112 0.996 0.981
1067 0.112 0.996 0.981
1068 0.112 0.996 0.981
1069 0.112 0.996 0.981
1070 0.112 0.996 0.981
1071 0.113 0.996 0.982
1072 0.113 0.996 0.982
1073 0.113 0.996 0.982
1074 0.113 0.996 0.982
1075 0.113 0.996 0.982
1076 0.113 0.996 0.982
1077 0.113 0.996 0.982
1078 0.113 0.996 0.982
1079 0.113 0.996 0.982
1080 0.113 0.996 0.982
1081 0.113 0.996 0.982
1082 0.113 0.996 0.982
1083 0.113 0.996 0.982
1084 0.113 0.996 0.982
1085 0.113 0.996 0.982
1086 0.114 0.996 0.982
1087 0.114 0.996 0.982
1088 0.114 0.996 0.982
1089 0.114 0.996 0.982
1090 0.114 0.996 0.982
1091 0.114 0.996 0.982
1092 0.114 0.996 0.982
1093 0.114 0.996 0.982
1094 0.114 0.996 0.982
1095 0.114 0.996 0.982
1096 0.114 0.996 0.982
1097 0.114 0.996 0.982
1098 0.114 0.996 0.982
1099 0.114 0.996 0.982
1100 0.114 0.996 0.982
1101 0.115 0.996 0.982
1102 0.115 0.996 0.982
1103 0.115 0.996 0.982
1104 0.115 0.996 0.982
1105 0.115 0.996 0.982
1106 0.115 0.996 0.982
1107 0.115 0.996 0.982
1108 0.115 0.996 0.982
1109 0.115 0.996 0.982
1110 0.115 0.996 0.982
1111 0.115 0.996 0.982
1112 0.115 0.996 0.982
1113 0.115 0.996 0.982
1114 0.115 0.996 0.982
1115 0.115 0.996 0.982
1116 0.115 0.996 0.982
1117 0.115 0.996 0.982
1118 0.116 0.996 0.982
1119 0.116 0.996 0.982
1120 0.116 0.996 0.982
1121 0.116 0.996 0.982
1122 0.116 0.996 0.982
1123 0.116 0.996 0.982
1124 0.116 0.996 0.982
1125 0.116 0.996 0.982
1126 0.116 0.996 0.982
1127 0.116 0.996 0.982
1128 0.116 0.996 0.983
1129 0.116 0.996 0.983
1130 0.116 0.996 0.983
1131 0.116 0.996 0.983
1132 0.116 0.996 0.983
1133 0.116 0.996 0.983
1134 0.116 0.996 0.983
1135 0.116 0.996 0.983
1136 0.116 0.996 0.983
1137 0.116 0.996 0.983
1138 0.116 0.996 0.983
1139 0.116 0.996 0.983
1140 0.117 0.996 0.983
1141 0.117 0.996 0.983
1142 0.117 0.996 0.983
1143 0.117 0.996 0.983
1144 0.117 0.996 0.983
1145 0.117 0.996 0.983
1146 0.117 0.996 0.983
1147 0.117 0.996 0.983
1148 0.117 0.996 0.983
1149 0.117 0.996 0.983
1150 0.117 0.996 0.983
1151 0.117 0.996 0.983
1152 0.117 0.996 0.983
1153 0.117 0.996 0.983
1154 0.117 0.996 0.983
1155 0.117 0.996 0.983
1156 0.118 0.996 0.983
1157 0.118 0.996 0.983
1158 0.118 0.996 0.983
1159 0.118 0.996 0.983
1160 0.118 0.996 0.983
1161 0.118 0.996 0.983
1162 0.118 0.996 0.983
1163 0.118 0.996 0.983
1164 0.118 0.996 0.983
1165 0.118 0.996 0.983
1166 0.118 0.996 0.983
1167 0.118 0.996 0.983
1168 0.118 0.996 0.983
1169 0.118 0.996 0.983
1170 0.118 0.996 0.983
1171 0.118 0.996 0.983
1172 0.118 0.996 0.983
1173 0.118 0.996 0.983
1174 0.118 0.997 0.983
1175 0.118 0.997 0.983
1176 0.119 0.997 0.983
1177 0.119 0.997 0.983
1178 0.119 0.997 0.983
1179 0.119 0.997 0.983
1180 0.119 0.997 0.983
1181 0.119 0.997 0.983
1182 0.119 0.997 0.983
1183 0.119 0.997 0.983
1184 0.119 0.997 0.983
1185 0.119 0.997 0.984
1186 0.119 0.997 0.984
1187 0.119 0.997 0.984
1188 0.119 0.997 0.984
1189 0.119 0.997 0.984
1190 0.119 0.997 0.984
1191 0.119 0.997 0.984
1192 0.119 0.997 0.984
1193 0.119 0.997 0.984
1194 0.119 0.997 0.984
1195 0.119 0.997 0.984
1196 0.119 0.997 0.984
1197 0.119 0.997 0.984
1198 0.119 0.997 0.984
1199 0.119 0.997 0.984
1200 0.119 0.997 0.984
1201 0.119 0.997 0.984
1202 0.119 0.997 0.984
1203 0.119 0.997 0.984
1204 0.120 0.997 0.984
1205 0.120 0.997 0.984
1206 0.120 0.997 0.984
1207 0.120 0.997 0.984
1208 0.120 0.997 0.984
1209 0.120 0.997 0.984
1210 0.120 0.997 0.984
1211 0.120 0.997 0.984
1212 0.120 0.997 0.984
1213 0.120 0.997 0.984
1214 0.120 0.997 0.984
1215 0.120 0.997 0.984
1216 0.120 0.997 0.984
1217 0.120 0.997 0.984
1218 0.120 0.997 0.984
1219 0.120 0.997 0.984
1220 0.121 0.997 0.984
1221 0.121 0.997 0.984
1222 0.121 0.997 0.984
1223 0.121 0.997 0.984
1224 0.121 0.997 0.984
1225 0.121 0.997 0.984
1226 0.121 0.997 0.984
1227 0.121 0.997 0.984
1228 0.121 0.997 0.984
1229 0.121 0.997 0.984
1230 0.121 0.997 0.984
1231 0.121 0.997 0.984
1232 0.121 0.997 0.984
1233 0.121 0.997 0.984
1234 0.121 0.997 0.984
1235 0.121 0.997 0.984
1236 0.121 0.997 0.984
1237 0.122 0.997 0.984
1238 0.122 0.997 0.984
1239 0.122 0.997 0.984
1240 0.122 0.997 0.984
1241 0.122 0.997 0.984
1242 0.122 0.997 0.984
1243 0.122 0.997 0.984
1244 0.122 0.997 0.985
1245 0.122 0.997 0.985
1246 0.122 0.997 0.985
1247 0.123 0.997 0.985
1248 0.123 0.997 0.985
1249 0.123 0.997 0.985
1250 0.123 0.997 0.985
1251 0.123 0.997 0.985
1252 0.123 0.997 0.985
1253 0.123 0.997 0.985
1254 0.123 0.997 0.985
1255 0.123 0.997 0.985
1256 0.123 0.997 0.985
1257 0.123 0.997 0.985
1258 0.123 0.997 0.985
1259 0.124 0.997 0.985
1260 0.124 0.997 0.985
1261 0.124 0.997 0.985
1262 0.124 0.997 0.985
1263 0.124 0.997 0.985
1264 0.124 0.997 0.985
1265 0.124 0.997 0.985
1266 0.124 0.997 0.985
1267 0.124 0.997 0.985
1268 0.124 0.997 0.985
1269 0.124 0.997 0.985
1270 0.124 0.997 0.985
1271 0.124 0.997 0.985
1272 0.124 0.997 0.985
1273 0.124 0.997 0.985
1274 0.125 0.997 0.985
1275 0.125 0.997 0.985
1276 0.125 0.997 0.985
1277 0.125 0.997 0.985
1278 0.125 0.997 0.985
1279 0.125 0.997 0.985
1280 0.125 0.997 0.985
1281 0.125 0.997 0.985
1282 0.125 0.997 0.985
1283 0.125 0.997 0.985
1284 0.125 0.997 0.985
1285 0.125 0.997 0.985
1286 0.126 0.997 0.985
1287 0.126 0.997 0.985
1288 0.126 0.997 0.985
1289 0.126 0.997 0.985
1290 0.126 0.997 0.985
1291 0.126 0.997 0.985
1292 0.126 0.997 0.985
1293 0.126 0.997 0.985
1294 0.126 0.997 0.985
1295 0.126 0.997 0.985
1296 0.126 0.997 0.985
1297 0.126 0.997 0.985
1298 0.126 0.997 0.985
1299 0.126 0.997 0.986
1300 0.126 0.997 0.986
1301 0.127 0.997 0.986
1302 0.127 0.997 0.986
1303 0.127 0.997 0.986
1304 0.127 0.997 0.986
1305 0.127 0.997 0.986
1306 0.127 0.997 0.986
1307 0.127 0.997 0.986
1308 0.127 0.997 0.986
1309 0.127 0.997 0.986
1310 0.127 0.997 0.986
1311 0.127 0.997 0.986
1312 0.128 0.997 0.986
1313 0.128 0.997 0.986
1314 0.128 0.997 0.986
1315 0.128 0.997 0.986
1316 0.128 0.997 0.986
1317 0.128 0.997 0.986
1318 0.128 0.997 0.986
1319 0.128 0.997 0.986
1320 0.128 0.997 0.986
1321 0.128 0.997 0.986
1322 0.128 0.997 0.986
1323 0.128 0.997 0.986
1324 0.128 0.997 0.986
1325 0.128 0.997 0.986
1326 0.128 0.997 0.986
1327 0.128 0.997 0.986
1328 0.128 0.997 0.986
1329 0.128 0.997 0.986
1330 0.128 0.997 0.986
1331 0.128 0.997 0.986
1332 0.128 0.997 0.986
1333 0.129 0.997 0.986
1334 0.129 0.997 0.986
1335 0.129 0.997 0.986
1336 0.129 0.997 0.986
1337 0.129 0.997 0.986
1338 0.129 0.997 0.986
1339 0.129 0.997 0.986
1340 0.129 0.997 0.986
1341 0.129 0.997 0.986
1342 0.129 0.997 0.986
1343 0.129 0.997 0.986
1344 0.129 0.997 0.986
1345 0.129 0.997 0.986
1346 0.130 0.997 0.986
1347 0.130 0.997 0.986
1348 0.130 0.997 0.986
1349 0.130 0.997 0.986
1350 0.130 0.997 0.986
1351 0.130 0.997 0.986
1352 0.130 0.997 0.986
1353 0.130 0.997 0.986
1354 0.130 0.997 0.986
1355 0.130 0.997 0.986
1356 0.130 0.997 0.986
1357 0.130 0.997 0.986
1358 0.130 0.997 0.986
1359 0.130 0.997 0.986
1360 0.130 0.997 0.986
1361 0.131 0.997 0.986
1362 0.131 0.997 0.986
1363 0.131 0.997 0.986
1364 0.131 0.997 0.986
1365 0.131 0.997 0.986
1366 0.131 0.997 0.986
1367 0.131 0.997 0.986
1368 0.131 0.997 0.986
1369 0.131 0.997 0.986
1370 0.131 0.997 0.986
1371 0.131 0.997 0.986
1372 0.131 0.997 0.986
1373 0.131 0.997 0.986
1374 0.131 0.997 0.986
1375 0.131 0.997 0.986
1376 0.131 0.997 0.986
1377 0.131 0.997 0.986
1378 0.132 0.997 0.986
1379 0.132 0.997 0.986
1380 0.132 0.997 0.986
1381 0.132 0.997 0.986
1382 0.132 0.997 0.986
1383 0.132 0.997 0.986
1384 0.132 0.997 0.986
1385 0.132 0.997 0.987
1386 0.132 0.997 0.987
1387 0.132 0.997 0.987
1388 0.132 0.997 0.987
1389 0.132 0.997 0.987
1390 0.132 0.997 0.987
1391 0.133 0.997 0.987
1392 0.133 0.997 0.987
1393 0.133 0.997 0.987
1394 0.133 0.997 0.987
1395 0.133 0.997 0.987
1396 0.133 0.997 0.987
1397 0.133 0.997 0.987
1398 0.133 0.997 0.987
1399 0.133 0.997 0.987
1400 0.133 0.997 0.987
1401 0.133 0.997 0.987
1402 0.133 0.997 0.987
1403 0.133 0.997 0.987
1404 0.133 0.997 0.987
1405 0.133 0.997 0.987
1406 0.134 0.997 0.987
1407 0.134 0.997 0.987
1408 0.134 0.997 0.987
1409 0.134 0.997 0.987
1410 0.134 0.997 0.987
1411 0.134 0.997 0.987
1412 0.134 0.997 0.987
1413 0.134 0.997 0.987
1414 0.134 0.997 0.987
1415 0.134 0.997 0.987
1416 0.134 0.997 0.987
1417 0.134 0.997 0.987
1418 0.134 0.997 0.987
1419 0.134 0.997 0.987
1420 0.135 0.998 0.987
1421 0.135 0.998 0.987
1422 0.135 0.998 0.987
1423 0.135 0.998 0.987
1424 0.135 0.998 0.987
1425 0.135 0.998 0.987
1426 0.135 0.998 0.987
1427 0.135 0.998 0.987
1428 0.135 0.998 0.987
1429 0.135 0.998 0.987
1430 0.135 0.998 0.987
1431 0.135 0.998 0.987
1432 0.135 0.998 0.987
1433 0.135 0.998 0.987
1434 0.135 0.998 0.987
1435 0.135 0.998 0.987
1436 0.135 0.998 0.987
1437 0.135 0.998 0.987
1438 0.135 0.998 0.987
1439 0.136 0.998 0.987
1440 0.136 0.998 0.987
1441 0.136 0.998 0.987
1442 0.136 0.998 0.987
1443 0.136 0.998 0.987
1444 0.136 0.998 0.987
1445 0.136 0.998 0.987
1446 0.136 0.998 0.987
1447 0.136 0.998 0.987
1448 0.136 0.998 0.987
1449 0.136 0.998 0.987
1450 0.136 0.998 0.987
1451 0.136 0.998 0.987
1452 0.136 0.998 0.987
1453 0.137 0.998 0.987
1454 0.137 0.998 0.987
1455 0.137 0.998 0.987
1456 0.137 0.998 0.987
1457 0.137 0.998 0.987
1458 0.137 0.998 0.987
1459 0.137 0.998 0.987
1460 0.137 0.998 0.987
1461 0.137 0.998 0.987
1462 0.137 0.998 0.987
1463 0.137 0.998 0.987
1464 0.137 0.998 0.987
1465 0.137 0.998 0.987
1466 0.137 0.998 0.987
1467 0.137 0.998 0.987
1468 0.138 0.998 0.987
1469 0.138 0.998 0.988
1470 0.138 0.998 0.988
1471 0.138 0.998 0.988
1472 0.138 0.998 0.988
1473 0.138 0.998 0.988
1474 0.138 0.998 0.988
1475 0.138 0.998 0.988
1476 0.138 0.998 0.988
1477 0.138 0.998 0.988
1478 0.138 0.998 0.988
1479 0.138 0.998 0.988
1480 0.138 0.998 0.988
1481 0.139 0.998 0.988
1482 0.139 0.998 0.988
1483 0.139 0.998 0.988
1484 0.139 0.998 0.988
1485 0.139 0.998 0.988
1486 0.139 0.998 0.988
1487 0.139 0.998 0.988
1488 0.139 0.998 0.988
1489 0.139 0.998 0.988
1490 0.139 0.998 0.988
1491 0.139 0.998 0.988
1492 0.139 0.998 0.988
1493 0.139 0.998 0.988
1494 0.139 0.998 0.988
1495 0.140 0.998 0.988
1496 0.140 0.998 0.988
1497 0.140 0.998 0.988
1498 0.140 0.998 0.988
1499 0.140 0.998 0.988
1500 0.140 0.998 0.988
1501 0.140 0.998 0.988
1502 0.140 0.998 0.988
1503 0.140 0.998 0.988
1504 0.140 0.998 0.988
1505 0.141 0.998 0.988
1506 0.141 0.998 0.988
1507 0.141 0.998 0.988
1508 0.141 0.998 0.988
1509 0.141 0.998 0.988
1510 0.141 0.998 0.988
1511 0.141 0.998 0.988
1512 0.141 0.998 0.988
1513 0.141 0.998 0.988
1514 0.141 0.998 0.988
1515 0.141 0.998 0.988
1516 0.141 0.998 0.988
1517 0.141 0.998 0.988
1518 0.141 0.998 0.988
1519 0.142 0.998 0.988
1520 0.142 0.998 0.988
1521 0.142 0.998 0.988
1522 0.142 0.998 0.988
1523 0.142 0.998 0.988
1524 0.142 0.998 0.988
1525 0.142 0.998 0.988
1526 0.142 0.998 0.988
1527 0.142 0.998 0.988
1528 0.142 0.998 0.988
1529 0.142 0.998 0.988
1530 0.142 0.998 0.988
1531 0.142 0.998 0.988
1532 0.142 0.998 0.988
1533 0.142 0.998 0.988
1534 0.142 0.998 0.988
1535 0.143 0.998 0.988
1536 0.143 0.998 0.988
1537 0.143 0.998 0.988
1538 0.143 0.998 0.988
1539 0.143 0.998 0.988
1540 0.143 0.998 0.988
1541 0.143 0.998 0.988
1542 0.143 0.998 0.988
1543 0.143 0.998 0.988
1544 0.143 0.998 0.988
1545 0.143 0.998 0.988
1546 0.143 0.998 0.988
1547 0.144 0.998 0.988
1548 0.144 0.998 0.988
1549 0.144 0.998 0.988
1550 0.144 0.998 0.988
1551 0.144 0.998 0.988
1552 0.144 0.998 0.988
1553 0.144 0.998 0.989
1554 0.144 0.998 0.989
1555 0.144 0.998 0.989
1556 0.144 0.998 0.989
1557 0.144 0.998 0.989
1558 0.144 0.998 0.989
1559 0.144 0.998 0.989
1560 0.145 0.998 0.989
1561 0.145 0.998 0.989
1562 0.145 0.998 0.989
1563 0.145 0.998 0.989
1564 0.145 0.998 0.989
1565 0.145 0.998 0.989
1566 0.145 0.998 0.989
1567 0.145 0.998 0.989
1568 0.145 0.998 0.989
1569 0.145 0.998 0.989
1570 0.145 0.998 0.989
1571 0.145 0.998 0.989
1572 0.145 0.998 0.989
1573 0.145 0.998 0.989
1574 0.145 0.998 0.989
1575 0.145 0.998 0.989
1576 0.145 0.998 0.989
1577 0.145 0.998 0.989
1578 0.145 0.998 0.989
1579 0.146 0.998 0.989
1580 0.146 0.998 0.989
1581 0.146 0.998 0.989
1582 0.146 0.998 0.989
1583 0.146 0.998 0.989
1584 0.146 0.998 0.989
1585 0.146 0.998 0.989
1586 0.146 0.998 0.989
1587 0.146 0.998 0.989
1588 0.146 0.998 0.989
1589 0.146 0.998 0.989
1590 0.146 0.998 0.989
1591 0.146 0.998 0.989
1592 0.146 0.998 0.989
1593 0.146 0.998 0.989
1594 0.147 0.998 0.989
1595 0.147 0.998 0.989
1596 0.147 0.998 0.989
1597 0.147 0.998 0.989
1598 0.147 0.998 0.989
1599 0.147 0.998 0.989
1600 0.147 0.998 0.989
1601 0.147 0.998 0.989
1602 0.147 0.998 0.989
1603 0.147 0.998 0.989
1604 0.147 0.998 0.989
1605 0.147 0.998 0.989
1606 0.147 0.998 0.989
1607 0.147 0.998 0.989
1608 0.147 0.998 0.989
1609 0.147 0.998 0.989
1610 0.147 0.998 0.989
1611 0.147 0.998 0.989
1612 0.148 0.998 0.989
1613 0.148 0.998 0.989
1614 0.148 0.998 0.989
1615 0.148 0.998 0.989
1616 0.148 0.998 0.989
1617 0.148 0.998 0.989
1618 0.148 0.998 0.989
1619 0.148 0.998 0.989
1620 0.148 0.998 0.989
1621 0.148 0.998 0.989
1622 0.148 0.998 0.989
1623 0.148 0.998 0.989
1624 0.148 0.998 0.989
1625 0.148 0.998 0.989
1626 0.148 0.998 0.989
1627 0.148 0.998 0.989
1628 0.149 0.998 0.989
1629 0.149 0.998 0.989
1630 0.149 0.998 0.989
1631 0.149 0.998 0.989
1632 0.149 0.998 0.989
1633 0.149 0.998 0.989
1634 0.149 0.998 0.989
1635 0.149 0.998 0.989
1636 0.149 0.998 0.989
1637 0.149 0.998 0.989
1638 0.149 0.998 0.989
1639 0.149 0.998 0.989
1640 0.149 0.998 0.989
1641 0.149 0.998 0.989
1642 0.149 0.998 0.989
1643 0.149 0.998 0.989
1644 0.150 0.998 0.989
1645 0.150 0.998 0.990
1646 0.150 0.998 0.990
1647 0.150 0.998 0.990
1648 0.150 0.998 0.990
1649 0.150 0.998 0.990
1650 0.150 0.998 0.990
1651 0.150 0.998 0.990
1652 0.150 0.998 0.990
1653 0.150 0.998 0.990
1654 0.150 0.998 0.990
1655 0.150 0.998 0.990
1656 0.150 0.998 0.990
1657 0.150 0.998 0.990
1658 0.150 0.998 0.990
1659 0.150 0.998 0.990
1660 0.151 0.998 0.990
1661 0.151 0.998 0.990
1662 0.151 0.998 0.990
1663 0.151 0.998 0.990
1664 0.151 0.998 0.990
1665 0.151 0.998 0.990
1666 0.151 0.998 0.990
1667 0.151 0.998 0.990
1668 0.151 0.998 0.990
1669 0.151 0.998 0.990
1670 0.151 0.998 0.990
1671 0.151 0.998 0.990
1672 0.151 0.998 0.990
1673 0.151 0.998 0.990
1674 0.151 0.998 0.990
1675 0.151 0.998 0.990
1676 0.151 0.998 0.990
1677 0.151 0.998 0.990
1678 0.151 0.998 0.990
1679 0.151 0.998 0.990
1680 0.152 0.998 0.990
1681 0.152 0.998 0.990
1682 0.152 0.998 0.990
1683 0.152 0.998 0.990
1684 0.152 0.998 0.990
1685 0.152 0.998 0.990
1686 0.152 0.998 0.990
1687 0.152 0.998 0.990
1688 0.152 0.998 0.990
1689 0.152 0.998 0.990
1690 0.152 0.998 0.990
1691 0.152 0.998 0.990
1692 0.152 0.998 0.990
1693 0.152 0.998 0.990
1694 0.152 0.998 0.990
1695 0.152 0.998 0.990
1696 0.152 0.998 0.990
1697 0.152 0.998 0.990
1698 0.152 0.998 0.990
1699 0.152 0.998 0.990
1700 0.152 0.998 0.990
1701 0.152 0.998 0.990
1702 0.153 0.998 0.990
1703 0.153 0.998 0.990
1704 0.153 0.998 0.990
1705 0.153 0.998 0.990
1706 0.153 0.998 0.990
1707 0.153 0.998 0.990
1708 0.153 0.998 0.990
1709 0.153 0.998 0.990
1710 0.153 0.998 0.990
1711 0.153 0.998 0.990
1712 0.153 0.998 0.990
1713 0.153 0.998 0.990
1714 0.154 0.998 0.990
1715 0.154 0.998 0.990
1716 0.154 0.998 0.990
1717 0.154 0.998 0.990
1718 0.154 0.998 0.990
1719 0.154 0.998 0.990
1720 0.154 0.998 0.990
1721 0.154 0.998 0.990
1722 0.154 0.998 0.990
1723 0.154 0.998 0.990
1724 0.154 0.998 0.990
1725 0.154 0.998 0.990
1726 0.154 0.998 0.990
1727 0.154 0.998 0.990
1728 0.154 0.998 0.990
1729 0.154 0.998 0.990
1730 0.154 0.998 0.990
1731 0.155 0.998 0.990
1732 0.155 0.998 0.990
1733 0.155 0.998 0.990
1734 0.155 0.998 0.990
1735 0.155 0.998 0.990
1736 0.155 0.998 0.990
1737 0.155 0.998 0.990
1738 0.155 0.998 0.990
1739 0.155 0.998 0.990
1740 0.155 0.998 0.990
1741 0.155 0.998 0.990
1742 0.155 0.998 0.990
1743 0.155 0.998 0.990
1744 0.155 0.998 0.990
1745 0.156 0.998 0.990
1746 0.156 0.998 0.990
1747 0.156 0.998 0.991
1748 0.156 0.998 0.991
1749 0.156 0.998 0.991
1750 0.156 0.998 0.991
1751 0.156 0.998 0.991
1752 0.156 0.998 0.991
1753 0.156 0.998 0.991
1754 0.156 0.998 0.991
1755 0.156 0.998 0.991
1756 0.156 0.998 0.991
1757 0.156 0.998 0.991
1758 0.156 0.998 0.991
1759 0.157 0.998 0.991
1760 0.157 0.998 0.991
1761 0.157 0.998 0.991
1762 0.157 0.998 0.991
1763 0.157 0.998 0.991
1764 0.157 0.998 0.991
1765 0.157 0.998 0.991
1766 0.157 0.998 0.991
1767 0.157 0.998 0.991
1768 0.157 0.998 0.991
1769 0.157 0.998 0.991
1770 0.157 0.998 0.991
1771 0.157 0.998 0.991
1772 0.157 0.998 0.991
1773 0.157 0.998 0.991
1774 0.157 0.998 0.991
1775 0.157 0.998 0.991
1776 0.157 0.998 0.991
1777 0.158 0.998 0.991
1778 0.158 0.998 0.991
1779 0.158 0.998 0.991
1780 0.158 0.998 0.991
1781 0.158 0.998 0.991
1782 0.158 0.998 0.991
1783 0.158 0.998 0.991
1784 0.158 0.998 0.991
1785 0.158 0.998 0.991
1786 0.158 0.998 0.991
1787 0.158 0.998 0.991
1788 0.158 0.998 0.991
1789 0.158 0.998 0.991
1790 0.158 0.998 0.991
1791 0.158 0.998 0.991
1792 0.158 0.998 0.991
1793 0.159 0.998 0.991
1794 0.159 0.998 0.991
1795 0.159 0.998 0.991
1796 0.159 0.998 0.991
1797 0.159 0.998 0.991
1798 0.159 0.998 0.991
1799 0.159 0.998 0.991
1800 0.159 0.998 0.991
1801 0.159 0.998 0.991
1802 0.159 0.998 0.991
1803 0.159 0.998 0.991
1804 0.159 0.998 0.991
1805 0.159 0.998 0.991
1806 0.159 0.998 0.991
1807 0.159 0.998 0.991
1808 0.159 0.998 0.991
1809 0.159 0.998 0.991
1810 0.160 0.998 0.991
1811 0.160 0.998 0.991
1812 0.160 0.998 0.991
1813 0.160 0.998 0.991
1814 0.160 0.998 0.991
1815 0.160 0.998 0.991
1816 0.160 0.998 0.991
1817 0.160 0.998 0.991
1818 0.160 0.998 0.991
1819 0.160 0.998 0.991
1820 0.160 0.998 0.991
1821 0.160 0.998 0.991
1822 0.160 0.998 0.991
1823 0.160 0.998 0.991
1824 0.160 0.998 0.991
1825 0.160 0.998 0.991
1826 0.160 0.998 0.991
1827 0.160 0.998 0.991
1828 0.160 0.998 0.991
1829 0.160 0.998 0.991
1830 0.160 0.998 0.991
1831 0.161 0.998 0.991
1832 0.161 0.998 0.991
1833 0.161 0.998 0.991
1834 0.161 0.998 0.991
1835 0.161 0.998 0.991
1836 0.161 0.998 0.991
1837 0.161 0.998 0.991
1838 0.161 0.998 0.991
1839 0.161 0.998 0.991
1840 0.161 0.998 0.991
1841 0.161 0.998 0.991
1842 0.161 0.998 0.991
1843 0.161 0.998 0.991
1844 0.161 0.999 0.991
1845 0.161 0.999 0.991
1846 0.161 0.999 0.991
1847 0.161 0.999 0.991
1848 0.161 0.999 0.991
1849 0.161 0.999 0.991
1850 0.161 0.999 0.991
1851 0.161 0.999 0.991
1852 0.162 0.999 0.992
1853 0.162 0.999 0.992
1854 0.162 0.999 0.992
1855 0.162 0.999 0.992
1856 0.162 0.999 0.992
1857 0.162 0.999 0.992
1858 0.162 0.999 0.992
1859 0.162 0.999 0.992
1860 0.162 0.999 0.992
1861 0.162 0.999 0.992
1862 0.162 0.999 0.992
1863 0.162 0.999 0.992
1864 0.162 0.999 0.992
1865 0.162 0.999 0.992
1866 0.162 0.999 0.992
1867 0.162 0.999 0.992
1868 0.162 0.999 0.992
1869 0.162 0.999 0.992
1870 0.163 0.999 0.992
1871 0.163 0.999 0.992
1872 0.163 0.999 0.992
1873 0.163 0.999 0.992
1874 0.163 0.999 0.992
1875 0.163 0.999 0.992
1876 0.163 0.999 0.992
1877 0.163 0.999 0.992
1878 0.163 0.999 0.992
1879 0.163 0.999 0.992
1880 0.163 0.999 0.992
1881 0.163 0.999 0.992
1882 0.163 0.999 0.992
1883 0.163 0.999 0.992
1884 0.163 0.999 0.992
1885 0.163 0.999 0.992
1886 0.163 0.999 0.992
1887 0.163 0.999 0.992
1888 0.163 0.999 0.992
1889 0.163 0.999 0.992
1890 0.163 0.999 0.992
1891 0.164 0.999 0.992
1892 0.164 0.999 0.992
1893 0.164 0.999 0.992
1894 0.164 0.999 0.992
1895 0.164 0.999 0.992
1896 0.164 0.999 0.992
1897 0.164 0.999 0.992
1898 0.164 0.999 0.992
1899 0.164 0.999 0.992
1900 0.164 0.999 0.992
1901 0.164 0.999 0.992
1902 0.164 0.999 0.992
1903 0.164 0.999 0.992
1904 0.164 0.999 0.992
1905 0.164 0.999 0.992
1906 0.164 0.999 0.992
1907 0.164 0.999 0.992
1908 0.164 0.999 0.992
1909 0.164 0.999 0.992
1910 0.164 0.999 0.992
1911 0.165 0.999 0.992
1912 0.165 0.999 0.992
1913 0.165 0.999 0.992
1914 0.165 0.999 0.992
1915 0.165 0.999 0.992
1916 0.165 0.999 0.992
1917 0.165 0.999 0.992
1918 0.165 0.999 0.992
1919 0.165 0.999 0.992
1920 0.165 0.999 0.992
1921 0.165 0.999 0.992
1922 0.165 0.999 0.992
1923 0.165 0.999 0.992
1924 0.165 0.999 0.992
1925 0.165 0.999 0.992
1926 0.165 0.999 0.992
1927 0.165 0.999 0.992
1928 0.165 0.999 0.992
1929 0.166 0.999 0.992
1930 0.166 0.999 0.992
1931 0.166 0.999 0.992
1932 0.166 0.999 0.992
1933 0.166 0.999 0.992
1934 0.166 0.999 0.992
1935 0.166 0.999 0.992
1936 0.166 0.999 0.992
1937 0.166 0.999 0.992
1938 0.166 0.999 0.992
1939 0.166 0.999 0.992
1940 0.166 0.999 0.992
1941 0.166 0.999 0.992
1942 0.166 0.999 0.992
1943 0.166 0.999 0.992
1944 0.166 0.999 0.992
1945 0.166 0.999 0.992
1946 0.166 0.999 0.992
1947 0.167 0.999 0.992
1948 0.167 0.999 0.992
1949 0.167 0.999 0.992
1950 0.167 0.999 0.992
1951 0.167 0.999 0.992
1952 0.167 0.999 0.992
1953 0.167 0.999 0.992
1954 0.167 0.999 0.992
1955 0.167 0.999 0.992
1956 0.167 0.999 0.992
1957 0.167 0.999 0.992
1958 0.167 0.999 0.992
1959 0.167 0.999 0.992
1960 0.167 0.999 0.992
1961 0.167 0.999 0.992
1962 0.167 0.999 0.992
1963 0.167 0.999 0.992
1964 0.168 0.999 0.992
1965 0.168 0.999 0.992
1966 0.168 0.999 0.992
1967 0.168 0.999 0.992
1968 0.168 0.999 0.992
1969 0.168 0.999 0.992
1970 0.168 0.999 0.992
1971 0.168 0.999 0.992
1972 0.168 0.999 0.992
1973 0.168 0.999 0.992
1974 0.168 0.999 0.992
1975 0.168 0.999 0.992
1976 0.168 0.999 0.992
1977 0.168 0.999 0.992
1978 0.168 0.999 0.992
1979 0.168 0.999 0.992
1980 0.168 0.999 0.992
1981 0.168 0.999 0.992
1982 0.168 0.999 0.992
1983 0.168 0.999 0.992
1984 0.168 0.999 0.992
1985 0.168 0.999 0.992
1986 0.168 0.999 0.992
1987 0.168 0.999 0.992
1988 0.168 0.999 0.992
1989 0.168 0.999 0.992
1990 0.168 0.999 0.993
1991 0.169 0.999 0.993
1992 0.169 0.999 0.993
1993 0.169 0.999 0.993
1994 0.169 0.999 0.993
1995 0.169 0.999 0.993
1996 0.169 0.999 0.993
1997 0.169 0.999 0.993
1998 0.169 0.999 0.993
1999 0.169 0.999 0.993
2000 0.169 0.999 0.993
2001 0.169 0.999 0.993
2002 0.169 0.999 0.993
2003 0.169 0.999 0.993
2004 0.169 0.999 0.993
2005 0.169 0.999 0.993
2006 0.169 0.999 0.993
2007 0.170 0.999 0.993
2008 0.170 0.999 0.993
2009 0.170 0.999 0.993
2010 0.170 0.999 0.993
2011 0.170 0.999 0.993
2012 0.170 0.999 0.993
2013 0.170 0.999 0.993
2014 0.170 0.999 0.993
2015 0.170 0.999 0.993
2016 0.170 0.999 0.993
2017 0.170 0.999 0.993
2018 0.170 0.999 0.993
2019 0.170 0.999 0.993
2020 0.170 0.999 0.993
2021 0.170 0.999 0.993
2022 0.170 0.999 0.993
2023 0.170 0.999 0.993
2024 0.170 0.999 0.993
2025 0.171 0.999 0.993
2026 0.171 0.999 0.993
2027 0.171 0.999 0.993
2028 0.171 0.999 0.993
2029 0.171 0.999 0.993
2030 0.171 0.999 0.993
2031 0.171 0.999 0.993
2032 0.171 0.999 0.993
2033 0.171 0.999 0.993
2034 0.171 0.999 0.993
2035 0.171 0.999 0.993
2036 0.171 0.999 0.993
2037 0.171 0.999 0.993
2038 0.171 0.999 0.993
2039 0.171 0.999 0.993
2040 0.172 0.999 0.993
2041 0.172 0.999 0.993
2042 0.172 0.999 0.993
2043 0.172 0.999 0.993
2044 0.172 0.999 0.993
2045 0.172 0.999 0.993
2046 0.172 0.999 0.993
2047 0.172 0.999 0.993
2048 0.172 0.999 0.993
2049 0.172 0.999 0.993
2050 0.172 0.999 0.993
2051 0.172 0.999 0.993
2052 0.172 0.999 0.993
2053 0.172 0.999 0.993
2054 0.172 0.999 0.993
2055 0.172 0.999 0.993
2056 0.172 0.999 0.993
2057 0.172 0.999 0.993
2058 0.172 0.999 0.993
2059 0.172 0.999 0.993
2060 0.172 0.999 0.993
2061 0.172 0.999 0.993
2062 0.172 0.999 0.993
2063 0.172 0.999 0.993
2064 0.172 0.999 0.993
2065 0.172 0.999 0.993
2066 0.172 0.999 0.993
2067 0.173 0.999 0.993
2068 0.173 0.999 0.993
2069 0.173 0.999 0.993
2070 0.173 0.999 0.993
2071 0.173 0.999 0.993
2072 0.173 0.999 0.993
2073 0.173 0.999 0.993
2074 0.173 0.999 0.993
2075 0.173 0.999 0.993
2076 0.173 0.999 0.993
2077 0.173 0.999 0.993
2078 0.173 0.999 0.993
2079 0.173 0.999 0.993
2080 0.173 0.999 0.993
2081 0.174 0.999 0.993
2082 0.174 0.999 0.993
2083 0.174 0.999 0.993
2084 0.174 0.999 0.993
2085 0.174 0.999 0.993
2086 0.174 0.999 0.993
2087 0.174 0.999 0.993
2088 0.174 0.999 0.993
2089 0.174 0.999 0.993
2090 0.174 0.999 0.993
2091 0.174 0.999 0.993
2092 0.174 0.999 0.993
2093 0.174 0.999 0.993
2094 0.174 0.999 0.993
2095 0.174 0.999 0.993
2096 0.174 0.999 0.993
2097 0.174 0.999 0.993
2098 0.174 0.999 0.993
2099 0.174 0.999 0.993
2100 0.174 0.999 0.993
2101 0.174 0.999 0.993
2102 0.175 0.999 0.993
2103 0.175 0.999 0.993
2104 0.175 0.999 0.993
2105 0.175 0.999 0.994
2106 0.175 0.999 0.994
2107 0.175 0.999 0.994
2108 0.175 0.999 0.994
2109 0.175 0.999 0.994
2110 0.175 0.999 0.994
2111 0.175 0.999 0.994
2112 0.175 0.999 0.994
2113 0.175 0.999 0.994
2114 0.175 0.999 0.994
2115 0.175 0.999 0.994
2116 0.175 0.999 0.994
2117 0.175 0.999 0.994
2118 0.175 0.999 0.994
2119 0.175 0.999 0.994
2120 0.175 0.999 0.994
2121 0.176 0.999 0.994
2122 0.176 0.999 0.994
2123 0.176 0.999 0.994
2124 0.176 0.999 0.994
2125 0.176 0.999 0.994
2126 0.176 0.999 0.994
2127 0.176 0.999 0.994
2128 0.176 0.999 0.994
2129 0.176 0.999 0.994
2130 0.176 0.999 0.994
2131 0.176 0.999 0.994
2132 0.176 0.999 0.994
2133 0.176 0.999 0.994
2134 0.176 0.999 0.994
2135 0.176 0.999 0.994
2136 0.176 0.999 0.994
2137 0.176 0.999 0.994
2138 0.176 0.999 0.994
2139 0.176 0.999 0.994
2140 0.176 0.999 0.994
2141 0.176 0.999 0.994
2142 0.176 0.999 0.994
2143 0.177 0.999 0.994
2144 0.177 0.999 0.994
2145 0.177 0.999 0.994
2146 0.177 0.999 0.994
2147 0.177 0.999 0.994
2148 0.177 0.999 0.994
2149 0.177 0.999 0.994
2150 0.177 0.999 0.994
2151 0.177 0.999 0.994
2152 0.177 0.999 0.994
2153 0.177 0.999 0.994
2154 0.177 0.999 0.994
2155 0.177 0.999 0.994
2156 0.177 0.999 0.994
2157 0.177 0.999 0.994
2158 0.178 0.999 0.994
2159 0.178 0.999 0.994
2160 0.178 0.999 0.994
2161 0.178 0.999 0.994
2162 0.178 0.999 0.994
2163 0.178 0.999 0.994
2164 0.178 0.999 0.994
2165 0.178 0.999 0.994
2166 0.178 0.999 0.994
2167 0.178 0.999 0.994
2168 0.178 0.999 0.994
2169 0.178 0.999 0.994
2170 0.178 0.999 0.994
2171 0.178 0.999 0.994
2172 0.178 0.999 0.994
2173 0.178 0.999 0.994
2174 0.178 0.999 0.994
2175 0.178 0.999 0.994
2176 0.178 0.999 0.994
2177 0.179 0.999 0.994
2178 0.179 0.999 0.994
2179 0.179 0.999 0.994
2180 0.179 0.999 0.994
2181 0.179 0.999 0.994
2182 0.179 0.999 0.994
2183 0.179 0.999 0.994
2184 0.179 0.999 0.994
2185 0.179 0.999 0.994
2186 0.179 0.999 0.994
2187 0.179 0.999 0.994
2188 0.179 0.999 0.994
2189 0.179 0.999 0.994
2190 0.179 0.999 0.994
2191 0.179 0.999 0.994
2192 0.179 0.999 0.994
2193 0.179 0.999 0.994
2194 0.179 0.999 0.994
2195 0.179 0.999 0.994
2196 0.179 0.999 0.994
2197 0.179 0.999 0.994
2198 0.179 0.999 0.994
2199 0.179 0.999 0.994
2200 0.180 0.999 0.994
2201 0.180 0.999 0.994
2202 0.180 0.999 0.994
2203 0.180 0.999 0.994
2204 0.180 0.999 0.994
2205 0.180 0.999 0.994
2206 0.180 0.999 0.994
2207 0.180 0.999 0.994
2208 0.180 0.999 0.994
2209 0.180 0.999 0.994
2210 0.180 0.999 0.994
2211 0.180 0.999 0.994
2212 0.180 0.999 0.994
2213 0.180 0.999 0.994
2214 0.180 0.999 0.994
2215 0.180 0.999 0.994
2216 0.180 0.999 0.994
2217 0.180 0.999 0.994
2218 0.180 0.999 0.994
2219 0.180 0.999 0.994
2220 0.180 0.999 0.994
2221 0.180 0.999 0.994
2222 0.180 0.999 0.994
2223 0.181 0.999 0.994
2224 0.181 0.999 0.994
2225 0.181 0.999 0.994
2226 0.181 0.999 0.994
2227 0.181 0.999 0.994
2228 0.181 0.999 0.994
2229 0.181 0.999 0.994
2230 0.181 0.999 0.994
2231 0.181 0.999 0.994
2232 0.181 0.999 0.994
2233 0.181 0.999 0.994
2234 0.181 0.999 0.994
2235 0.181 0.999 0.994
2236 0.181 0.999 0.994
2237 0.182 0.999 0.994
2238 0.182 0.999 0.994
2239 0.182 0.999 0.994
2240 0.182 0.999 0.994
2241 0.182 0.999 0.994
2242 0.182 0.999 0.994
2243 0.182 0.999 0.994
2244 0.182 0.999 0.994
2245 0.182 0.999 0.994
2246 0.182 0.999 0.994
2247 0.182 0.999 0.994
2248 0.182 0.999 0.994
2249 0.182 0.999 0.994
2250 0.182 0.999 0.994
2251 0.182 0.999 0.994
2252 0.182 0.999 0.994
2253 0.182 0.999 0.994
2254 0.182 0.999 0.994
2255 0.182 0.999 0.995
2256 0.183 0.999 0.995
2257 0.183 0.999 0.995
2258 0.183 0.999 0.995
2259 0.183 0.999 0.995
2260 0.183 0.999 0.995
2261 0.183 0.999 0.995
2262 0.183 0.999 0.995
2263 0.183 0.999 0.995
2264 0.183 0.999 0.995
2265 0.183 0.999 0.995
2266 0.183 0.999 0.995
2267 0.183 0.999 0.995
2268 0.183 0.999 0.995
2269 0.183 0.999 0.995
2270 0.183 0.999 0.995
2271 0.183 0.999 0.995
2272 0.183 0.999 0.995
2273 0.183 0.999 0.995
2274 0.183 0.999 0.995
2275 0.183 0.999 0.995
2276 0.183 0.999 0.995
2277 0.183 0.999 0.995
2278 0.183 0.999 0.995
2279 0.183 0.999 0.995
2280 0.183 0.999 0.995
2281 0.183 0.999 0.995
2282 0.184 0.999 0.995
2283 0.184 0.999 0.995
2284 0.184 0.999 0.995
2285 0.184 0.999 0.995
2286 0.184 0.999 0.995
2287 0.184 0.999 0.995
2288 0.184 0.999 0.995
2289 0.184 0.999 0.995
2290 0.184 0.999 0.995
2291 0.184 0.999 0.995
2292 0.184 0.999 0.995
2293 0.184 0.999 0.995
2294 0.184 0.999 0.995
2295 0.184 0.999 0.995
2296 0.184 0.999 0.995
2297 0.184 0.999 0.995
2298 0.184 0.999 0.995
2299 0.184 0.999 0.995
2300 0.184 0.999 0.995
2301 0.184 0.999 0.995
2302 0.184 0.999 0.995
2303 0.185 0.999 0.995
2304 0.185 0.999 0.995
2305 0.185 0.999 0.995
2306 0.185 0.999 0.995
2307 0.185 0.999 0.995
2308 0.185 0.999 0.995
2309 0.185 0.999 0.995
2310 0.185 0.999 0.995
2311 0.185 0.999 0.995
2312 0.185 0.999 0.995
2313 0.185 0.999 0.995
2314 0.185 0.999 0.995
2315 0.185 0.999 0.995
2316 0.185 0.999 0.995
2317 0.186 0.999 0.995
2318 0.186 0.999 0.995
2319 0.186 0.999 0.995
2320 0.186 0.999 0.995
2321 0.186 0.999 0.995
2322 0.186 0.999 0.995
2323 0.186 0.999 0.995
2324 0.186 0.999 0.995
2325 0.186 0.999 0.995
2326 0.186 0.999 0.995
2327 0.186 0.999 0.995
2328 0.186 0.999 0.995
2329 0.186 0.999 0.995
2330 0.186 0.999 0.995
2331 0.186 0.999 0.995
2332 0.186 0.999 0.995
2333 0.186 0.999 0.995
2334 0.186 0.999 0.995
2335 0.186 0.999 0.995
2336 0.187 0.999 0.995
2337 0.187 0.999 0.995
2338 0.187 0.999 0.995
2339 0.187 0.999 0.995
2340 0.187 0.999 0.995
2341 0.187 0.999 0.995
2342 0.187 0.999 0.995
2343 0.187 0.999 0.995
2344 0.187 0.999 0.995
2345 0.187 0.999 0.995
2346 0.188 0.999 0.995
2347 0.188 0.999 0.995
2348 0.188 0.999 0.995
2349 0.188 0.999 0.995
2350 0.188 0.999 0.995
2351 0.188 0.999 0.995
2352 0.188 0.999 0.995
2353 0.188 0.999 0.995
2354 0.188 0.999 0.995
2355 0.188 0.999 0.995
2356 0.188 0.999 0.995
2357 0.188 0.999 0.995
2358 0.188 0.999 0.995
2359 0.188 0.999 0.995
2360 0.188 0.999 0.995
2361 0.188 0.999 0.995
2362 0.188 0.999 0.995
2363 0.188 0.999 0.995
2364 0.188 0.999 0.995
2365 0.188 0.999 0.995
2366 0.188 0.999 0.995
2367 0.188 0.999 0.995
2368 0.188 0.999 0.995
2369 0.189 0.999 0.995
2370 0.189 0.999 0.995
2371 0.189 0.999 0.995
2372 0.189 0.999 0.995
2373 0.189 0.999 0.995
2374 0.189 0.999 0.995
2375 0.189 0.999 0.995
2376 0.189 0.999 0.995
2377 0.189 0.999 0.995
2378 0.189 0.999 0.995
2379 0.189 0.999 0.995
2380 0.189 0.999 0.995
2381 0.189 0.999 0.995
2382 0.189 0.999 0.995
2383 0.189 0.999 0.995
2384 0.189 0.999 0.995
2385 0.189 0.999 0.995
2386 0.190 0.999 0.995
2387 0.190 0.999 0.995
2388 0.190 0.999 0.995
2389 0.190 0.999 0.995
2390 0.190 0.999 0.995
2391 0.190 0.999 0.995
2392 0.190 0.999 0.995
2393 0.190 0.999 0.995
2394 0.190 0.999 0.995
2395 0.190 0.999 0.995
2396 0.190 0.999 0.995
2397 0.190 0.999 0.995
2398 0.190 0.999 0.995
2399 0.190 0.999 0.995
2400 0.190 0.999 0.995
2401 0.190 0.999 0.995
2402 0.190 0.999 0.995
2403 0.190 0.999 0.995
2404 0.190 0.999 0.995
2405 0.190 0.999 0.995
2406 0.190 0.999 0.995
2407 0.190 0.999 0.995
2408 0.190 0.999 0.995
2409 0.191 0.999 0.995
2410 0.191 0.999 0.995
2411 0.191 0.999 0.995
2412 0.191 0.999 0.995
2413 0.191 0.999 0.995
2414 0.191 0.999 0.995
2415 0.191 0.999 0.995
2416 0.191 0.999 0.995
2417 0.191 0.999 0.995
2418 0.191 0.999 0.995
2419 0.191 0.999 0.995
2420 0.191 0.999 0.995
2421 0.191 0.999 0.995
2422 0.192 0.999 0.995
2423 0.192 0.999 0.995
2424 0.192 0.999 0.995
2425 0.192 0.999 0.995
2426 0.192 0.999 0.995
2427 0.192 0.999 0.995
2428 0.192 0.999 0.995
2429 0.192 0.999 0.995
2430 0.192 0.999 0.995
2431 0.192 0.999 0.995
2432 0.192 0.999 0.995
2433 0.192 0.999 0.995
2434 0.192 0.999 0.995
2435 0.192 0.999 0.995
2436 0.192 0.999 0.995
2437 0.193 0.999 0.995
2438 0.193 0.999 0.995
2439 0.193 0.999 0.995
2440 0.193 0.999 0.995
2441 0.193 0.999 0.995
2442 0.193 0.999 0.995
2443 0.193 0.999 0.995
2444 0.193 0.999 0.995
2445 0.193 0.999 0.995
2446 0.194 0.999 0.995
2447 0.194 0.999 0.995
2448 0.194 0.999 0.995
2449 0.194 0.999 0.995
2450 0.194 0.999 0.995
2451 0.194 0.999 0.995
2452 0.194 0.999 0.995
2453 0.194 0.999 0.995
2454 0.194 0.999 0.995
2455 0.194 0.999 0.995
2456 0.194 0.999 0.995
2457 0.194 0.999 0.995
2458 0.194 0.999 0.995
2459 0.195 0.999 0.995
2460 0.195 0.999 0.995
2461 0.195 0.999 0.996
2462 0.195 0.999 0.996
2463 0.195 0.999 0.996
2464 0.195 0.999 0.996
2465 0.195 0.999 0.996
2466 0.195 0.999 0.996
2467 0.195 0.999 0.996
2468 0.195 0.999 0.996
2469 0.195 0.999 0.996
2470 0.195 0.999 0.996
2471 0.195 0.999 0.996
2472 0.195 0.999 0.996
2473 0.195 0.999 0.996
2474 0.195 0.999 0.996
2475 0.196 0.999 0.996
2476 0.196 0.999 0.996
2477 0.196 0.999 0.996
2478 0.196 0.999 0.996
2479 0.196 0.999 0.996
2480 0.196 0.999 0.996
2481 0.196 0.999 0.996
2482 0.196 0.999 0.996
2483 0.196 0.999 0.996
2484 0.196 0.999 0.996
2485 0.196 0.999 0.996
2486 0.196 0.999 0.996
2487 0.197 0.999 0.996
2488 0.197 0.999 0.996
2489 0.197 1.000 0.996
2490 0.197 1.000 0.996
2491 0.197 1.000 0.996
2492 0.197 1.000 0.996
2493 0.197 1.000 0.996
2494 0.197 1.000 0.996
2495 0.197 1.000 0.996
2496 0.197 1.000 0.996
2497 0.197 1.000 0.996
2498 0.197 1.000 0.996
2499 0.197 1.000 0.996
2500 0.197 1.000 0.996
2501 0.197 1.000 0.996
2502 0.197 1.000 0.996
2503 0.197 1.000 0.996
2504 0.197 1.000 0.996
2505 0.197 1.000 0.996
2506 0.197 1.000 0.996
2507 0.198 1.000 0.996
2508 0.198 1.000 0.996
2509 0.198 1.000 0.996
2510 0.198 1.000 0.996
2511 0.198 1.000 0.996
2512 0.198 1.000 0.996
2513 0.198 1.000 0.996
2514 0.198 1.000 0.996
2515 0.198 1.000 0.996
2516 0.198 1.000 0.996
2517 0.198 1.000 0.996
2518 0.198 1.000 0.996
2519 0.198 1.000 0.996
2520 0.198 1.000 0.996
2521 0.198 1.000 0.996
2522 0.198 1.000 0.996
2523 0.198 1.000 0.996
2524 0.198 1.000 0.996
2525 0.198 1.000 0.996
2526 0.198 1.000 0.996
2527 0.198 1.000 0.996
2528 0.199 1.000 0.996
2529 0.199 1.000 0.996
2530 0.199 1.000 0.996
2531 0.199 1.000 0.996
2532 0.199 1.000 0.996
2533 0.199 1.000 0.996
2534 0.199 1.000 0.996
2535 0.199 1.000 0.996
2536 0.199 1.000 0.996
2537 0.199 1.000 0.996
2538 0.199 1.000 0.996
2539 0.199 1.000 0.996
2540 0.199 1.000 0.996
2541 0.200 1.000 0.996
2542 0.200 1.000 0.996
2543 0.200 1.000 0.996
2544 0.200 1.000 0.996
2545 0.200 1.000 0.996
2546 0.200 1.000 0.996
2547 0.200 1.000 0.996
2548 0.200 1.000 0.996
2549 0.201 1.000 0.996
2550 0.201 1.000 0.996
2551 0.201 1.000 0.996
2552 0.201 1.000 0.996
2553 0.201 1.000 0.996
2554 0.201 1.000 0.996
2555 0.201 1.000 0.996
2556 0.201 1.000 0.996
2557 0.201 1.000 0.996
2558 0.201 1.000 0.996
2559 0.201 1.000 0.996
2560 0.201 1.000 0.996
2561 0.201 1.000 0.996
2562 0.201 1.000 0.996
2563 0.202 1.000 0.996
2564 0.202 1.000 0.996
2565 0.202 1.000 0.996
2566 0.202 1.000 0.996
2567 0.202 1.000 0.996
2568 0.202 1.000 0.996
2569 0.202 1.000 0.996
2570 0.203 1.000 0.996
2571 0.203 1.000 0.996
2572 0.203 1.000 0.996
2573 0.203 1.000 0.996
2574 0.203 1.000 0.996
2575 0.203 1.000 0.996
2576 0.203 1.000 0.996
2577 0.203 1.000 0.996
2578 0.203 1.000 0.996
2579 0.203 1.000 0.996
2580 0.203 1.000 0.996
2581 0.203 1.000 0.996
2582 0.203 1.000 0.996
2583 0.203 1.000 0.996
2584 0.203 1.000 0.996
2585 0.203 1.000 0.996
2586 0.203 1.000 0.996
2587 0.203 1.000 0.996
2588 0.204 1.000 0.996
2589 0.204 1.000 0.996
2590 0.204 1.000 0.996
2591 0.204 1.000 0.996
2592 0.204 1.000 0.996
2593 0.204 1.000 0.996
2594 0.204 1.000 0.996
2595 0.204 1.000 0.996
2596 0.204 1.000 0.996
2597 0.205 1.000 0.996
2598 0.205 1.000 0.996
2599 0.205 1.000 0.996
2600 0.205 1.000 0.996
2601 0.205 1.000 0.996
2602 0.205 1.000 0.996
2603 0.205 1.000 0.996
2604 0.205 1.000 0.996
2605 0.205 1.000 0.996
2606 0.205 1.000 0.996
2607 0.205 1.000 0.996
2608 0.205 1.000 0.996
2609 0.205 1.000 0.996
2610 0.206 1.000 0.996
2611 0.206 1.000 0.996
2612 0.206 1.000 0.996
2613 0.206 1.000 0.996
2614 0.206 1.000 0.996
2615 0.206 1.000 0.996
2616 0.206 1.000 0.996
2617 0.206 1.000 0.996
2618 0.206 1.000 0.996
2619 0.207 1.000 0.996
2620 0.207 1.000 0.996
2621 0.207 1.000 0.996
2622 0.207 1.000 0.996
2623 0.207 1.000 0.996
2624 0.207 1.000 0.996
2625 0.207 1.000 0.996
2626 0.207 1.000 0.996
2627 0.207 1.000 0.996
2628 0.207 1.000 0.996
2629 0.207 1.000 0.996
2630 0.207 1.000 0.996
2631 0.207 1.000 0.996
2632 0.208 1.000 0.996
2633 0.208 1.000 0.996
2634 0.208 1.000 0.996
2635 0.208 1.000 0.996
2636 0.208 1.000 0.996
2637 0.208 1.000 0.996
2638 0.208 1.000 0.996
2639 0.208 1.000 0.996
2640 0.208 1.000 0.996
2641 0.208 1.000 0.996
2642 0.208 1.000 0.996
2643 0.208 1.000 0.996
2644 0.209 1.000 0.996
2645 0.209 1.000 0.996
2646 0.209 1.000 0.996
2647 0.209 1.000 0.996
2648 0.209 1.000 0.996
2649 0.209 1.000 0.996
2650 0.209 1.000 0.996
2651 0.209 1.000 0.996
2652 0.209 1.000 0.996
2653 0.209 1.000 0.996
2654 0.209 1.000 0.996
2655 0.210 1.000 0.996
2656 0.210 1.000 0.996
2657 0.210 1.000 0.996
2658 0.210 1.000 0.996
2659 0.210 1.000 0.996
2660 0.210 1.000 0.996
2661 0.210 1.000 0.996
2662 0.210 1.000 0.996
2663 0.211 1.000 0.996
2664 0.211 1.000 0.996
2665 0.211 1.000 0.996
2666 0.211 1.000 0.996
2667 0.211 1.000 0.996
2668 0.211 1.000 0.996
2669 0.211 1.000 0.996
2670 0.211 1.000 0.996
2671 0.211 1.000 0.996
2672 0.211 1.000 0.996
2673 0.211 1.000 0.996
2674 0.211 1.000 0.996
2675 0.211 1.000 0.996
2676 0.211 1.000 0.996
2677 0.212 1.000 0.996
2678 0.212 1.000 0.996
2679 0.212 1.000 0.997
2680 0.212 1.000 0.997
2681 0.212 1.000 0.997
2682 0.212 1.000 0.997
2683 0.212 1.000 0.997
2684 0.212 1.000 0.997
2685 0.212 1.000 0.997
2686 0.212 1.000 0.997
2687 0.212 1.000 0.997
2688 0.213 1.000 0.997
2689 0.213 1.000 0.997
2690 0.213 1.000 0.997
2691 0.213 1.000 0.997
2692 0.213 1.000 0.997
2693 0.213 1.000 0.997
2694 0.213 1.000 0.997
2695 0.213 1.000 0.997
2696 0.213 1.000 0.997
2697 0.214 1.000 0.997
2698 0.214 1.000 0.997
2699 0.214 1.000 0.997
2700 0.214 1.000 0.997
2701 0.214 1.000 0.997
2702 0.214 1.000 0.997
2703 0.214 1.000 0.997
2704 0.214 1.000 0.997
2705 0.214 1.000 0.997
2706 0.214 1.000 0.997
2707 0.215 1.000 0.997
2708 0.215 1.000 0.997
2709 0.215 1.000 0.997
2710 0.215 1.000 0.997
2711 0.215 1.000 0.997
2712 0.215 1.000 0.997
2713 0.215 1.000 0.997
2714 0.215 1.000 0.997
2715 0.215 1.000 0.997
2716 0.215 1.000 0.997
2717 0.215 1.000 0.997
2718 0.215 1.000 0.997
2719 0.216 1.000 0.997
2720 0.216 1.000 0.997
2721 0.216 1.000 0.997
2722 0.216 1.000 0.997
2723 0.216 1.000 0.997
2724 0.216 1.000 0.997
2725 0.216 1.000 0.997
2726 0.216 1.000 0.997
2727 0.216 1.000 0.997
2728 0.216 1.000 0.997
2729 0.216 1.000 0.997
2730 0.216 1.000 0.997
2731 0.216 1.000 0.997
2732 0.217 1.000 0.997
2733 0.217 1.000 0.997
2734 0.217 1.000 0.997
2735 0.217 1.000 0.997
2736 0.218 1.000 0.997
2737 0.218 1.000 0.997
2738 0.218 1.000 0.997
2739 0.218 1.000 0.997
2740 0.218 1.000 0.997
2741 0.218 1.000 0.997
2742 0.218 1.000 0.997
2743 0.218 1.000 0.997
2744 0.218 1.000 0.997
2745 0.218 1.000 0.997
2746 0.218 1.000 0.997
2747 0.219 1.000 0.997
2748 0.219 1.000 0.997
2749 0.219 1.000 0.997
2750 0.219 1.000 0.997
2751 0.219 1.000 0.997
2752 0.219 1.000 0.997
2753 0.219 1.000 0.997
2754 0.220 1.000 0.997
2755 0.220 1.000 0.997
2756 0.220 1.000 0.997
2757 0.220 1.000 0.997
2758 0.220 1.000 0.997
2759 0.220 1.000 0.997
2760 0.220 1.000 0.997
2761 0.220 1.000 0.997
2762 0.220 1.000 0.997
2763 0.221 1.000 0.997
2764 0.221 1.000 0.997
2765 0.221 1.000 0.997
2766 0.221 1.000 0.997
2767 0.221 1.000 0.997
2768 0.221 1.000 0.997
2769 0.221 1.000 0.997
2770 0.221 1.000 0.997
2771 0.221 1.000 0.997
2772 0.222 1.000 0.997
2773 0.222 1.000 0.997
2774 0.222 1.000 0.997
2775 0.222 1.000 0.997
2776 0.222 1.000 0.997
2777 0.222 1.000 0.997
2778 0.222 1.000 0.997
2779 0.223 1.000 0.997
2780 0.223 1.000 0.997
2781 0.223 1.000 0.997
2782 0.224 1.000 0.997
2783 0.224 1.000 0.997
2784 0.224 1.000 0.997
2785 0.224 1.000 0.997
2786 0.224 1.000 0.997
2787 0.224 1.000 0.997
2788 0.224 1.000 0.997
2789 0.224 1.000 0.997
2790 0.224 1.000 0.997
2791 0.224 1.000 0.997
2792 0.224 1.000 0.997
2793 0.225 1.000 0.997
2794 0.225 1.000 0.997
2795 0.225 1.000 0.997
2796 0.225 1.000 0.997
2797 0.225 1.000 0.997
2798 0.225 1.000 0.997
2799 0.225 1.000 0.997
2800 0.225 1.000 0.997
2801 0.225 1.000 0.997
2802 0.225 1.000 0.997
2803 0.226 1.000 0.997
2804 0.226 1.000 0.997
2805 0.226 1.000 0.997
2806 0.226 1.000 0.997
2807 0.226 1.000 0.997
2808 0.226 1.000 0.997
2809 0.226 1.000 0.997
2810 0.227 1.000 0.997
2811 0.227 1.000 0.997
2812 0.227 1.000 0.997
2813 0.227 1.000 0.997
2814 0.227 1.000 0.997
2815 0.228 1.000 0.997
2816 0.228 1.000 0.997
2817 0.228 1.000 0.997
2818 0.228 1.000 0.997
2819 0.228 1.000 0.997
2820 0.228 1.000 0.997
2821 0.228 1.000 0.997
2822 0.228 1.000 0.997
2823 0.229 1.000 0.997
2824 0.229 1.000 0.997
2825 0.229 1.000 0.997
2826 0.229 1.000 0.997
2827 0.229 1.000 0.997
2828 0.229 1.000 0.997
2829 0.229 1.000 0.997
2830 0.229 1.000 0.997
2831 0.230 1.000 0.997
2832 0.230 1.000 0.997
2833 0.230 1.000 0.997
2834 0.230 1.000 0.997
2835 0.230 1.000 0.997
2836 0.230 1.000 0.997
2837 0.230 1.000 0.997
2838 0.230 1.000 0.997
2839 0.230 1.000 0.997
2840 0.231 1.000 0.997
2841 0.231 1.000 0.997
2842 0.231 1.000 0.997
2843 0.231 1.000 0.997
2844 0.231 1.000 0.997
2845 0.231 1.000 0.997
2846 0.231 1.000 0.997
2847 0.231 1.000 0.997
2848 0.231 1.000 0.997
2849 0.232 1.000 0.997
2850 0.232 1.000 0.997
2851 0.232 1.000 0.997
2852 0.232 1.000 0.997
2853 0.232 1.000 0.997
2854 0.232 1.000 0.997
2855 0.232 1.000 0.997
2856 0.232 1.000 0.997
2857 0.232 1.000 0.997
2858 0.232 1.000 0.997
2859 0.232 1.000 0.997
2860 0.232 1.000 0.997
2861 0.232 1.000 0.997
2862 0.232 1.000 0.997
2863 0.232 1.000 0.997
2864 0.232 1.000 0.997
2865 0.232 1.000 0.997
2866 0.232 1.000 0.997
2867 0.232 1.000 0.997
2868 0.232 1.000 0.997
2869 0.233 1.000 0.997
2870 0.233 1.000 0.997
2871 0.233 1.000 0.997
2872 0.233 1.000 0.997
2873 0.233 1.000 0.997
2874 0.233 1.000 0.997
2875 0.234 1.000 0.997
2876 0.234 1.000 0.997
2877 0.234 1.000 0.997
2878 0.234 1.000 0.997
2879 0.234 1.000 0.997
2880 0.234 1.000 0.997
2881 0.234 1.000 0.997
2882 0.234 1.000 0.997
2883 0.234 1.000 0.997
2884 0.234 1.000 0.997
2885 0.234 1.000 0.997
2886 0.234 1.000 0.997
2887 0.234 1.000 0.997
2888 0.234 1.000 0.997
2889 0.235 1.000 0.997
2890 0.235 1.000 0.997
2891 0.235 1.000 0.997
2892 0.235 1.000 0.997
2893 0.235 1.000 0.997
2894 0.235 1.000 0.997
2895 0.235 1.000 0.997
2896 0.235 1.000 0.997
2897 0.235 1.000 0.997
2898 0.235 1.000 0.997
2899 0.235 1.000 0.997
2900 0.235 1.000 0.997
2901 0.235 1.000 0.997
2902 0.235 1.000 0.997
2903 0.235 1.000 0.997
2904 0.236 1.000 0.997
2905 0.236 1.000 0.997
2906 0.236 1.000 0.997
2907 0.237 1.000 0.997
2908 0.237 1.000 0.997
2909 0.237 1.000 0.997
2910 0.237 1.000 0.997
2911 0.237 1.000 0.997
2912 0.237 1.000 0.997
2913 0.237 1.000 0.997
2914 0.237 1.000 0.997
2915 0.237 1.000 0.997
2916 0.237 1.000 0.997
2917 0.237 1.000 0.997
2918 0.238 1.000 0.997
2919 0.238 1.000 0.997
2920 0.238 1.000 0.997
2921 0.238 1.000 0.997
2922 0.238 1.000 0.997
2923 0.238 1.000 0.997
2924 0.238 1.000 0.997
2925 0.238 1.000 0.997
2926 0.238 1.000 0.997
2927 0.238 1.000 0.997
2928 0.239 1.000 0.997
2929 0.239 1.000 0.997
2930 0.239 1.000 0.997
2931 0.239 1.000 0.997
2932 0.239 1.000 0.997
2933 0.239 1.000 0.997
2934 0.239 1.000 0.997
2935 0.240 1.000 0.997
2936 0.240 1.000 0.997
2937 0.240 1.000 0.997
2938 0.240 1.000 0.997
2939 0.240 1.000 0.997
2940 0.240 1.000 0.997
2941 0.240 1.000 0.998
2942 0.240 1.000 0.998
2943 0.240 1.000 0.998
2944 0.240 1.000 0.998
2945 0.240 1.000 0.998
2946 0.240 1.000 0.998
2947 0.240 1.000 0.998
2948 0.241 1.000 0.998
2949 0.241 1.000 0.998
2950 0.241 1.000 0.998
2951 0.241 1.000 0.998
2952 0.241 1.000 0.998
2953 0.242 1.000 0.998
2954 0.242 1.000 0.998
2955 0.242 1.000 0.998
2956 0.242 1.000 0.998
2957 0.242 1.000 0.998
2958 0.242 1.000 0.998
2959 0.243 1.000 0.998
2960 0.243 1.000 0.998
2961 0.243 1.000 0.998
2962 0.243 1.000 0.998
2963 0.243 1.000 0.998
2964 0.243 1.000 0.998
2965 0.243 1.000 0.998
2966 0.243 1.000 0.998
2967 0.244 1.000 0.998
2968 0.244 1.000 0.998
2969 0.244 1.000 0.998
2970 0.244 1.000 0.998
2971 0.245 1.000 0.998
2972 0.245 1.000 0.998
2973 0.245 1.000 0.998
2974 0.245 1.000 0.998
2975 0.245 1.000 0.998
2976 0.245 1.000 0.998
2977 0.245 1.000 0.998
2978 0.246 1.000 0.998
2979 0.246 1.000 0.998
2980 0.246 1.000 0.998
2981 0.246 1.000 0.998
2982 0.246 1.000 0.998
2983 0.246 1.000 0.998
2984 0.246 1.000 0.998
2985 0.246 1.000 0.998
2986 0.247 1.000 0.998
2987 0.247 1.000 0.998
2988 0.247 1.000 0.998
2989 0.247 1.000 0.998
2990 0.247 1.000 0.998
2991 0.247 1.000 0.998
2992 0.247 1.000 0.998
2993 0.248 1.000 0.998
2994 0.248 1.000 0.998
2995 0.248 1.000 0.998
2996 0.248 1.000 0.998
2997 0.248 1.000 0.998
2998 0.248 1.000 0.998
2999 0.248 1.000 0.998
3000 0.248 1.000 0.998
3001 0.248 1.000 0.998
3002 0.249 1.000 0.998
3003 0.249 1.000 0.998
3004 0.249 1.000 0.998
3005 0.249 1.000 0.998
3006 0.249 1.000 0.998
3007 0.249 1.000 0.998
3008 0.249 1.000 0.998
3009 0.249 1.000 0.998
3010 0.250 1.000 0.998
3011 0.250 1.000 0.998
3012 0.250 1.000 0.998
3013 0.250 1.000 0.998
3014 0.250 1.000 0.998
3015 0.250 1.000 0.998
3016 0.250 1.000 0.998
3017 0.250 1.000 0.998
3018 0.250 1.000 0.998
3019 0.250 1.000 0.998
3020 0.250 1.000 0.998
3021 0.250 1.000 0.998
3022 0.250 1.000 0.998
3023 0.250 1.000 0.998
3024 0.250 1.000 0.998
3025 0.251 1.000 0.998
3026 0.251 1.000 0.998
3027 0.251 1.000 0.998
3028 0.251 1.000 0.998
3029 0.251 1.000 0.998
3030 0.251 1.000 0.998
3031 0.251 1.000 0.998
3032 0.251 1.000 0.998
3033 0.251 1.000 0.998
3034 0.252 1.000 0.998
3035 0.252 1.000 0.998
3036 0.252 1.000 0.998
3037 0.252 1.000 0.998
3038 0.252 1.000 0.998
3039 0.252 1.000 0.998
3040 0.252 1.000 0.998
3041 0.252 1.000 0.998
3042 0.252 1.000 0.998
3043 0.253 1.000 0.998
3044 0.253 1.000 0.998
3045 0.253 1.000 0.998
3046 0.253 1.000 0.998
3047 0.253 1.000 0.998
3048 0.253 1.000 0.998
3049 0.253 1.000 0.998
3050 0.254 1.000 0.998
3051 0.254 1.000 0.998
3052 0.254 1.000 0.998
3053 0.254 1.000 0.998
3054 0.254 1.000 0.998
3055 0.254 1.000 0.998
3056 0.254 1.000 0.998
3057 0.254 1.000 0.998
3058 0.254 1.000 0.998
3059 0.254 1.000 0.998
3060 0.254 1.000 0.998
3061 0.254 1.000 0.998
3062 0.254 1.000 0.998
3063 0.254 1.000 0.998
3064 0.255 1.000 0.998
3065 0.256 1.000 0.998
3066 0.256 1.000 0.998
3067 0.256 1.000 0.998
3068 0.256 1.000 0.998
3069 0.256 1.000 0.998
3070 0.256 1.000 0.998
3071 0.256 1.000 0.998
3072 0.256 1.000 0.998
3073 0.256 1.000 0.998
3074 0.256 1.000 0.998
3075 0.256 1.000 0.998
3076 0.257 1.000 0.998
3077 0.257 1.000 0.998
3078 0.257 1.000 0.998
3079 0.257 1.000 0.998
3080 0.257 1.000 0.998
3081 0.257 1.000 0.998
3082 0.257 1.000 0.998
3083 0.258 1.000 0.998
3084 0.258 1.000 0.998
3085 0.258 1.000 0.998
3086 0.258 1.000 0.998
3087 0.258 1.000 0.998
3088 0.258 1.000 0.998
3089 0.258 1.000 0.998
3090 0.258 1.000 0.998
3091 0.258 1.000 0.998
3092 0.258 1.000 0.998
3093 0.258 1.000 0.998
3094 0.258 1.000 0.998
3095 0.259 1.000 0.998
3096 0.259 1.000 0.998
3097 0.259 1.000 0.998
3098 0.259 1.000 0.998
3099 0.259 1.000 0.998
3100 0.259 1.000 0.998
3101 0.259 1.000 0.998
3102 0.260 1.000 0.998
3103 0.260 1.000 0.998
3104 0.260 1.000 0.998
3105 0.260 1.000 0.998
3106 0.260 1.000 0.998
3107 0.260 1.000 0.998
3108 0.260 1.000 0.998
3109 0.260 1.000 0.998
3110 0.260 1.000 0.998
3111 0.260 1.000 0.998
3112 0.261 1.000 0.998
3113 0.261 1.000 0.998
3114 0.261 1.000 0.998
3115 0.261 1.000 0.998
3116 0.261 1.000 0.998
3117 0.261 1.000 0.998
3118 0.261 1.000 0.998
3119 0.261 1.000 0.998
3120 0.262 1.000 0.998
3121 0.262 1.000 0.998
3122 0.262 1.000 0.998
3123 0.263 1.000 0.998
3124 0.263 1.000 0.998
3125 0.263 1.000 0.998
3126 0.263 1.000 0.998
3127 0.263 1.000 0.998
3128 0.263 1.000 0.998
3129 0.263 1.000 0.998
3130 0.263 1.000 0.998
3131 0.264 1.000 0.998
3132 0.264 1.000 0.998
3133 0.264 1.000 0.998
3134 0.264 1.000 0.998
3135 0.264 1.000 0.998
3136 0.265 1.000 0.998
3137 0.265 1.000 0.998
3138 0.265 1.000 0.998
3139 0.266 1.000 0.998
3140 0.266 1.000 0.998
3141 0.266 1.000 0.998
3142 0.266 1.000 0.998
3143 0.266 1.000 0.998
3144 0.267 1.001 0.998
3145 0.267 1.001 0.998
3146 0.267 1.001 0.998
3147 0.267 1.001 0.998
3148 0.267 1.001 0.998
3149 0.267 1.001 0.998
3150 0.267 1.001 0.998
3151 0.268 1.001 0.998
3152 0.268 1.001 0.998
3153 0.268 1.001 0.998
3154 0.268 1.001 0.998
3155 0.268 1.001 0.998
3156 0.268 1.001 0.998
3157 0.268 1.001 0.998
3158 0.268 1.001 0.998
3159 0.268 1.001 0.998
3160 0.268 1.001 0.998
3161 0.268 1.001 0.998
3162 0.269 1.001 0.998
3163 0.269 1.001 0.998
3164 0.269 1.001 0.998
3165 0.269 1.001 0.998
3166 0.269 1.001 0.998
3167 0.269 1.001 0.998
3168 0.269 1.001 0.998
3169 0.269 1.001 0.998
3170 0.270 1.001 0.998
3171 0.270 1.001 0.998
3172 0.271 1.001 0.998
3173 0.271 1.001 0.998
3174 0.271 1.001 0.998
3175 0.271 1.001 0.998
3176 0.271 1.001 0.998
3177 0.271 1.001 0.998
3178 0.271 1.001 0.998
3179 0.271 1.001 0.998
3180 0.271 1.001 0.998
3181 0.272 1.001 0.998
3182 0.272 1.001 0.998
3183 0.272 1.001 0.998
3184 0.272 1.001 0.998
3185 0.272 1.001 0.998
3186 0.272 1.001 0.998
3187 0.272 1.001 0.998
3188 0.272 1.001 0.998
3189 0.272 1.001 0.998
3190 0.273 1.001 0.998
3191 0.273 1.001 0.998
3192 0.273 1.001 0.998
3193 0.274 1.001 0.998
3194 0.274 1.001 0.998
3195 0.274 1.001 0.998
3196 0.275 1.001 0.998
3197 0.275 1.001 0.998
3198 0.275 1.001 0.998
3199 0.275 1.001 0.998
3200 0.275 1.001 0.998
3201 0.276 1.001 0.998
3202 0.276 1.001 0.998
3203 0.276 1.001 0.998
3204 0.277 1.001 0.998
3205 0.277 1.001 0.998
3206 0.277 1.001 0.998
3207 0.277 1.001 0.998
3208 0.277 1.001 0.998
3209 0.278 1.001 0.998
3210 0.278 1.001 0.998
3211 0.278 1.001 0.998
3212 0.278 1.001 0.998
3213 0.278 1.001 0.998
3214 0.278 1.001 0.998
3215 0.278 1.001 0.998
3216 0.279 1.001 0.998
3217 0.279 1.001 0.998
3218 0.279 1.001 0.998
3219 0.279 1.001 0.998
3220 0.280 1.001 0.998
3221 0.280 1.001 0.998
3222 0.280 1.001 0.998
3223 0.280 1.001 0.998
3224 0.280 1.001 0.998
3225 0.281 1.001 0.998
3226 0.281 1.001 0.998
3227 0.281 1.001 0.998
3228 0.281 1.001 0.998
3229 0.281 1.001 0.998
3230 0.281 1.001 0.998
3231 0.281 1.001 0.998
3232 0.282 1.001 0.998
3233 0.282 1.001 0.998
3234 0.282 1.001 0.998
3235 0.282 1.001 0.998
3236 0.282 1.001 0.998
3237 0.282 1.001 0.998
3238 0.282 1.001 0.998
3239 0.282 1.001 0.998
3240 0.282 1.001 0.998
3241 0.282 1.001 0.998
3242 0.283 1.001 0.998
3243 0.283 1.001 0.998
3244 0.283 1.001 0.998
3245 0.283 1.001 0.998
3246 0.283 1.001 0.998
3247 0.283 1.001 0.998
3248 0.284 1.001 0.998
3249 0.284 1.001 0.998
3250 0.284 1.001 0.998
3251 0.284 1.001 0.998
3252 0.285 1.001 0.998
3253 0.285 1.001 0.998
3254 0.285 1.001 0.998
3255 0.285 1.001 0.998
3256 0.285 1.001 0.998
3257 0.285 1.001 0.999
3258 0.285 1.001 0.999
3259 0.286 1.001 0.999
3260 0.286 1.001 0.999
3261 0.286 1.001 0.999
3262 0.286 1.001 0.999
3263 0.286 1.001 0.999
3264 0.286 1.001 0.999
3265 0.286 1.001 0.999
3266 0.287 1.001 0.999
3267 0.287 1.001 0.999
3268 0.287 1.001 0.999
3269 0.287 1.001 0.999
3270 0.288 1.001 0.999
3271 0.288 1.001 0.999
3272 0.288 1.001 0.999
3273 0.288 1.001 0.999
3274 0.288 1.001 0.999
3275 0.288 1.001 0.999
3276 0.289 1.001 0.999
3277 0.289 1.001 0.999
3278 0.289 1.001 0.999
3279 0.289 1.001 0.999
3280 0.289 1.001 0.999
3281 0.289 1.001 0.999
3282 0.289 1.001 0.999
3283 0.289 1.001 0.999
3284 0.290 1.001 0.999
3285 0.290 1.001 0.999
3286 0.290 1.001 0.999
3287 0.290 1.001 0.999
3288 0.291 1.001 0.999
3289 0.291 1.001 0.999
3290 0.291 1.001 0.999
3291 0.291 1.001 0.999
3292 0.292 1.001 0.999
3293 0.292 1.001 0.999
3294 0.293 1.001 0.999
3295 0.293 1.001 0.999
3296 0.293 1.001 0.999
3297 0.293 1.001 0.999
3298 0.293 1.001 0.999
3299 0.293 1.001 0.999
3300 0.293 1.001 0.999
3301 0.293 1.001 0.999
3302 0.293 1.001 0.999
3303 0.293 1.001 0.999
3304 0.294 1.001 0.999
3305 0.294 1.001 0.999
3306 0.294 1.001 0.999
3307 0.295 1.001 0.999
3308 0.295 1.001 0.999
3309 0.295 1.001 0.999
3310 0.296 1.001 0.999
3311 0.296 1.001 0.999
3312 0.296 1.001 0.999
3313 0.296 1.001 0.999
3314 0.296 1.001 0.999
3315 0.297 1.001 0.999
3316 0.297 1.001 0.999
3317 0.297 1.001 0.999
3318 0.297 1.001 0.999
3319 0.297 1.001 0.999
3320 0.298 1.001 0.999
3321 0.298 1.001 0.999
3322 0.298 1.001 0.999
3323 0.298 1.001 0.999
3324 0.298 1.001 0.999
3325 0.298 1.001 0.999
3326 0.298 1.001 0.999
3327 0.298 1.001 0.999
3328 0.298 1.001 0.999
3329 0.299 1.001 0.999
3330 0.299 1.001 0.999
3331 0.299 1.001 0.999
3332 0.299 1.001 0.999
3333 0.299 1.001 0.999
3334 0.299 1.001 0.999
3335 0.300 1.001 0.999
3336 0.300 1.001 0.999
3337 0.300 1.001 0.999
3338 0.300 1.001 0.999
3339 0.300 1.001 0.999
3340 0.300 1.001 0.999
3341 0.300 1.001 0.999
3342 0.300 1.002 0.999
3343 0.301 1.002 0.999
3344 0.301 1.002 0.999
3345 0.301 1.002 0.999
3346 0.301 1.002 0.999
3347 0.301 1.002 0.999
3348 0.301 1.002 0.999
3349 0.301 1.002 0.999
3350 0.302 1.002 0.999
3351 0.302 1.002 0.999
3352 0.302 1.002 0.999
3353 0.302 1.002 0.999
3354 0.302 1.002 0.999
3355 0.302 1.002 0.999
3356 0.302 1.002 0.999
3357 0.302 1.002 0.999
3358 0.302 1.002 0.999
3359 0.303 1.002 0.999
3360 0.303 1.002 0.999
3361 0.304 1.002 0.999
3362 0.304 1.002 0.999
3363 0.304 1.002 0.999
3364 0.304 1.002 0.999
3365 0.304 1.002 0.999
3366 0.304 1.002 0.999
3367 0.304 1.002 0.999
3368 0.304 1.002 0.999
3369 0.305 1.002 0.999
3370 0.305 1.002 0.999
3371 0.305 1.002 0.999
3372 0.305 1.002 0.999
3373 0.305 1.002 0.999
3374 0.305 1.002 0.999
3375 0.305 1.002 0.999
3376 0.305 1.002 0.999
3377 0.306 1.002 0.999
3378 0.306 1.002 0.999
3379 0.306 1.002 0.999
3380 0.306 1.002 0.999
3381 0.306 1.002 0.999
3382 0.307 1.002 0.999
3383 0.307 1.002 0.999
3384 0.307 1.002 0.999
3385 0.307 1.002 0.999
3386 0.307 1.002 0.999
3387 0.307 1.002 0.999
3388 0.307 1.002 0.999
3389 0.307 1.002 0.999
3390 0.307 1.002 0.999
3391 0.308 1.002 0.999
3392 0.308 1.002 0.999
3393 0.308 1.002 0.999
3394 0.308 1.002 0.999
3395 0.308 1.002 0.999
3396 0.308 1.002 0.999
3397 0.308 1.002 0.999
3398 0.308 1.002 0.999
3399 0.309 1.002 0.999
3400 0.309 1.002 0.999
3401 0.309 1.002 0.999
3402 0.309 1.002 0.999
3403 0.309 1.002 0.999
3404 0.309 1.002 0.999
3405 0.309 1.002 0.999
3406 0.309 1.002 0.999
3407 0.309 1.002 0.999
3408 0.310 1.002 0.999
3409 0.310 1.002 0.999
3410 0.311 1.002 0.999
3411 0.311 1.002 0.999
3412 0.311 1.002 0.999
3413 0.311 1.002 0.999
3414 0.311 1.002 0.999
3415 0.311 1.002 0.999
3416 0.312 1.002 0.999
3417 0.312 1.002 0.999
3418 0.312 1.002 0.999
3419 0.312 1.002 0.999
3420 0.312 1.002 0.999
3421 0.312 1.002 0.999
3422 0.312 1.002 0.999
3423 0.312 1.002 0.999
3424 0.313 1.002 0.999
3425 0.313 1.002 0.999
3426 0.313 1.002 0.999
3427 0.313 1.002 0.999
3428 0.313 1.002 0.999
3429 0.313 1.002 0.999
3430 0.313 1.002 0.999
3431 0.313 1.002 0.999
3432 0.313 1.002 0.999
3433 0.314 1.002 0.999
3434 0.314 1.002 0.999
3435 0.314 1.002 0.999
3436 0.314 1.002 0.999
3437 0.314 1.002 0.999
3438 0.314 1.002 0.999
3439 0.314 1.002 0.999
3440 0.315 1.002 0.999
3441 0.315 1.002 0.999
3442 0.315 1.002 0.999
3443 0.315 1.002 0.999
3444 0.315 1.002 0.999
3445 0.315 1.002 0.999
3446 0.315 1.002 0.999
3447 0.316 1.002 0.999
3448 0.316 1.002 0.999
3449 0.316 1.002 0.999
3450 0.316 1.002 0.999
3451 0.316 1.002 0.999
3452 0.316 1.002 0.999
3453 0.316 1.002 0.999
3454 0.317 1.002 0.999
3455 0.317 1.002 0.999
3456 0.317 1.002 0.999
3457 0.317 1.002 0.999
3458 0.317 1.002 0.999
3459 0.317 1.002 0.999
3460 0.317 1.002 0.999
3461 0.317 1.002 0.999
3462 0.317 1.002 0.999
3463 0.317 1.002 0.999
3464 0.317 1.002 0.999
3465 0.317 1.002 0.999
3466 0.317 1.002 0.999
3467 0.317 1.002 0.999
3468 0.318 1.002 0.999
3469 0.318 1.002 0.999
3470 0.318 1.002 0.999
3471 0.318 1.002 0.999
3472 0.318 1.002 0.999
3473 0.319 1.002 0.999
3474 0.319 1.002 0.999
3475 0.319 1.002 0.999
3476 0.319 1.002 0.999
3477 0.319 1.002 0.999
3478 0.319 1.002 0.999
3479 0.319 1.002 0.999
3480 0.319 1.002 0.999
3481 0.320 1.002 0.999
3482 0.320 1.002 0.999
3483 0.320 1.002 0.999
3484 0.320 1.002 0.999
3485 0.320 1.002 0.999
3486 0.320 1.002 0.999
3487 0.320 1.002 0.999
3488 0.320 1.002 0.999
3489 0.320 1.002 0.999
3490 0.320 1.002 0.999
3491 0.321 1.002 0.999
3492 0.321 1.002 0.999
3493 0.321 1.002 0.999
3494 0.321 1.002 0.999
3495 0.321 1.002 0.999
3496 0.321 1.002 0.999
3497 0.321 1.002 0.999
3498 0.322 1.002 0.999
3499 0.322 1.002 0.999
3500 0.322 1.002 0.999
3501 0.322 1.002 0.999
3502 0.322 1.002 0.999
3503 0.322 1.002 0.999
3504 0.322 1.002 0.999
3505 0.323 1.002 0.999
3506 0.323 1.002 0.999
3507 0.323 1.002 0.999
3508 0.323 1.002 0.999
3509 0.323 1.002 0.999
3510 0.323 1.002 0.999
3511 0.323 1.002 0.999
3512 0.324 1.002 0.999
3513 0.324 1.002 0.999
3514 0.324 1.002 1.000
3515 0.324 1.002 1.000
3516 0.325 1.002 1.000
3517 0.325 1.002 1.000
3518 0.325 1.002 1.000
3519 0.325 1.002 1.000
3520 0.325 1.002 1.000
3521 0.326 1.002 1.000
3522 0.326 1.002 1.000
3523 0.326 1.002 1.000
3524 0.326 1.002 1.000
3525 0.326 1.002 1.000
3526 0.326 1.002 1.000
3527 0.326 1.002 1.000
3528 0.327 1.002 1.000
3529 0.327 1.002 1.000
3530 0.327 1.002 1.000
3531 0.327 1.003 1.000
3532 0.327 1.003 1.000
3533 0.327 1.003 1.000
3534 0.328 1.003 1.000
3535 0.328 1.003 1.000
3536 0.328 1.003 1.000
3537 0.328 1.003 1.000
3538 0.328 1.003 1.000
3539 0.328 1.003 1.000
3540 0.328 1.003 1.000
3541 0.328 1.003 1.000
3542 0.328 1.003 1.000
3543 0.328 1.003 1.000
3544 0.329 1.003 1.000
3545 0.329 1.003 1.000
3546 0.329 1.003 1.000
3547 0.329 1.003 1.000
3548 0.329 1.003 1.000
3549 0.329 1.003 1.000
3550 0.330 1.003 1.000
3551 0.330 1.003 1.000
3552 0.330 1.003 1.000
3553 0.331 1.003 1.000
3554 0.331 1.003 1.000
3555 0.331 1.003 1.000
3556 0.331 1.003 1.000
3557 0.331 1.003 1.000
3558 0.332 1.003 1.000
3559 0.332 1.003 1.000
3560 0.332 1.003 1.000
3561 0.332 1.003 1.000
3562 0.333 1.003 1.000
3563 0.333 1.003 1.000
3564 0.333 1.003 1.000
3565 0.333 1.003 1.000
3566 0.333 1.003 1.000
3567 0.333 1.003 1.000
3568 0.333 1.003 1.000
3569 0.333 1.003 1.000
3570 0.334 1.003 1.000
3571 0.334 1.003 1.000
3572 0.334 1.003 1.000
3573 0.334 1.003 1.000
3574 0.334 1.003 1.000
3575 0.334 1.003 1.000
3576 0.334 1.003 1.000
3577 0.334 1.003 1.000
3578 0.334 1.003 1.000
3579 0.335 1.003 1.000
3580 0.335 1.003 1.000
3581 0.335 1.003 1.000
3582 0.335 1.003 1.000
3583 0.335 1.003 1.000
3584 0.335 1.003 1.000
3585 0.336 1.003 1.000
3586 0.336 1.003 1.000
3587 0.336 1.003 1.000
3588 0.336 1.003 1.000
3589 0.336 1.003 1.000
3590 0.336 1.003 1.000
3591 0.336 1.003 1.000
3592 0.337 1.003 1.000
3593 0.337 1.003 1.000
3594 0.338 1.003 1.000
3595 0.338 1.003 1.000
3596 0.338 1.003 1.000
3597 0.338 1.003 1.000
3598 0.338 1.003 1.000
3599 0.338 1.003 1.000
3600 0.339 1.003 1.000
3601 0.339 1.003 1.000
3602 0.339 1.003 1.000
3603 0.339 1.003 1.000
3604 0.339 1.003 1.000
3605 0.339 1.003 1.000
3606 0.339 1.003 1.000
3607 0.339 1.003 1.000
3608 0.339 1.003 1.000
3609 0.340 1.003 1.000
3610 0.340 1.003 1.000
3611 0.340 1.003 1.000
3612 0.340 1.003 1.000
3613 0.340 1.003 1.000
3614 0.340 1.003 1.000
3615 0.340 1.003 1.000
3616 0.340 1.003 1.000
3617 0.340 1.003 1.000
3618 0.340 1.003 1.000
3619 0.340 1.003 1.000
3620 0.341 1.003 1.000
3621 0.341 1.003 1.000
3622 0.341 1.003 1.000
3623 0.341 1.003 1.000
3624 0.341 1.003 1.000
3625 0.341 1.003 1.000
3626 0.341 1.003 1.000
3627 0.341 1.003 1.000
3628 0.341 1.003 1.000
3629 0.342 1.003 1.000
3630 0.342 1.003 1.000
3631 0.342 1.003 1.000
3632 0.342 1.003 1.000
3633 0.342 1.003 1.000
3634 0.342 1.003 1.000
3635 0.342 1.003 1.000
3636 0.342 1.003 1.000
3637 0.342 1.003 1.000
3638 0.342 1.003 1.000
3639 0.342 1.003 1.000
3640 0.342 1.003 1.000
3641 0.343 1.003 1.000
3642 0.343 1.003 1.000
3643 0.343 1.003 1.000
3644 0.343 1.003 1.000
3645 0.344 1.003 1.000
3646 0.344 1.003 1.000
3647 0.344 1.003 1.000
3648 0.344 1.003 1.000
3649 0.344 1.003 1.000
3650 0.344 1.003 1.000
3651 0.345 1.003 1.000
3652 0.345 1.003 1.000
3653 0.345 1.003 1.000
3654 0.345 1.003 1.000
3655 0.345 1.003 1.000
3656 0.346 1.003 1.000
3657 0.346 1.003 1.000
3658 0.346 1.003 1.000
3659 0.346 1.003 1.000
3660 0.347 1.003 1.000
3661 0.347 1.003 1.000
3662 0.347 1.003 1.000
3663 0.347 1.003 1.000
3664 0.347 1.003 1.000
3665 0.347 1.003 1.000
3666 0.347 1.003 1.000
3667 0.348 1.003 1.000
3668 0.348 1.003 1.000
3669 0.348 1.003 1.000
3670 0.348 1.003 1.000
3671 0.348 1.003 1.001
3672 0.348 1.003 1.001
3673 0.348 1.003 1.001
3674 0.349 1.003 1.001
3675 0.349 1.003 1.001
3676 0.349 1.003 1.001
3677 0.349 1.003 1.001
3678 0.349 1.003 1.001
3679 0.349 1.003 1.001
3680 0.349 1.003 1.001
3681 0.349 1.003 1.001
3682 0.349 1.003 1.001
3683 0.350 1.003 1.001
3684 0.350 1.003 1.001
3685 0.350 1.003 1.001
3686 0.351 1.003 1.001
3687 0.351 1.003 1.001
3688 0.351 1.003 1.001
3689 0.351 1.003 1.001
3690 0.351 1.003 1.001
3691 0.351 1.003 1.001
3692 0.351 1.003 1.001
3693 0.352 1.003 1.001
3694 0.352 1.003 1.001
3695 0.352 1.004 1.001
3696 0.352 1.004 1.001
3697 0.352 1.004 1.001
3698 0.352 1.004 1.001
3699 0.352 1.004 1.001
3700 0.352 1.004 1.001
3701 0.353 1.004 1.001
3702 0.353 1.004 1.001
3703 0.353 1.004 1.001
3704 0.353 1.004 1.001
3705 0.353 1.004 1.001
3706 0.353 1.004 1.001
3707 0.354 1.004 1.001
3708 0.354 1.004 1.001
3709 0.354 1.004 1.001
3710 0.354 1.004 1.001
3711 0.354 1.004 1.001
3712 0.355 1.004 1.001
3713 0.355 1.004 1.001
3714 0.355 1.004 1.001
3715 0.355 1.004 1.001
3716 0.355 1.004 1.001
3717 0.356 1.004 1.001
3718 0.357 1.004 1.001
3719 0.357 1.004 1.001
3720 0.357 1.004 1.001
3721 0.358 1.004 1.001
3722 0.358 1.004 1.001
3723 0.358 1.004 1.001
3724 0.359 1.004 1.001
3725 0.359 1.004 1.001
3726 0.359 1.004 1.001
3727 0.359 1.004 1.001
3728 0.360 1.004 1.001
3729 0.360 1.004 1.001
3730 0.360 1.004 1.001
3731 0.360 1.004 1.001
3732 0.360 1.004 1.001
3733 0.360 1.004 1.001
3734 0.361 1.004 1.001
3735 0.361 1.004 1.001
3736 0.361 1.004 1.001
3737 0.361 1.004 1.001
3738 0.361 1.004 1.001
3739 0.362 1.004 1.001
3740 0.362 1.004 1.001
3741 0.362 1.004 1.001
3742 0.362 1.004 1.001
3743 0.362 1.004 1.001
3744 0.363 1.004 1.001
3745 0.363 1.004 1.001
3746 0.363 1.004 1.001
3747 0.363 1.004 1.001
3748 0.363 1.004 1.001
3749 0.363 1.004 1.001
3750 0.363 1.004 1.001
3751 0.364 1.004 1.001
3752 0.364 1.004 1.001
3753 0.364 1.004 1.001
3754 0.365 1.004 1.001
3755 0.365 1.004 1.001
3756 0.366 1.004 1.001
3757 0.366 1.004 1.001
3758 0.366 1.004 1.001
3759 0.366 1.004 1.002
3760 0.366 1.004 1.002
3761 0.366 1.004 1.002
3762 0.366 1.004 1.002
3763 0.366 1.004 1.002
3764 0.367 1.004 1.002
3765 0.367 1.004 1.002
3766 0.368 1.004 1.002
3767 0.368 1.004 1.002
3768 0.368 1.004 1.002
3769 0.368 1.004 1.002
3770 0.369 1.004 1.002
3771 0.369 1.004 1.002
3772 0.369 1.004 1.002
3773 0.370 1.004 1.002
3774 0.370 1.004 1.002
3775 0.370 1.004 1.002
3776 0.370 1.004 1.002
3777 0.370 1.004 1.002
3778 0.370 1.004 1.002
3779 0.371 1.004 1.002
3780 0.371 1.004 1.002
3781 0.371 1.004 1.002
3782 0.371 1.004 1.002
3783 0.371 1.004 1.002
3784 0.372 1.004 1.002
3785 0.372 1.004 1.002
3786 0.372 1.004 1.002
3787 0.372 1.004 1.002
3788 0.372 1.004 1.002
3789 0.372 1.004 1.002
3790 0.372 1.004 1.002
3791 0.372 1.004 1.002
3792 0.372 1.004 1.002
3793 0.373 1.004 1.002
3794 0.373 1.004 1.002
3795 0.374 1.004 1.002
3796 0.374 1.004 1.002
3797 0.374 1.004 1.002
3798 0.374 1.004 1.002
3799 0.374 1.004 1.002
3800 0.375 1.004 1.002
3801 0.375 1.004 1.002
3802 0.375 1.004 1.002
3803 0.375 1.004 1.002
3804 0.375 1.004 1.002
3805 0.375 1.004 1.002
3806 0.375 1.004 1.002
3807 0.375 1.004 1.002
3808 0.375 1.004 1.002
3809 0.375 1.004 1.002
3810 0.375 1.004 1.002
3811 0.376 1.004 1.002
3812 0.376 1.004 1.002
3813 0.376 1.004 1.002
3814 0.377 1.004 1.002
3815 0.377 1.004 1.002
3816 0.377 1.004 1.002
3817 0.377 1.005 1.002
3818 0.378 1.005 1.002
3819 0.378 1.005 1.002
3820 0.379 1.005 1.002
3821 0.379 1.005 1.002
3822 0.379 1.005 1.002
3823 0.379 1.005 1.002
3824 0.379 1.005 1.002
3825 0.379 1.005 1.002
3826 0.380 1.005 1.002
3827 0.380 1.005 1.002
3828 0.380 1.005 1.002
3829 0.380 1.005 1.002
3830 0.380 1.005 1.002
3831 0.381 1.005 1.002
3832 0.381 1.005 1.002
3833 0.381 1.005 1.002
3834 0.381 1.005 1.002
3835 0.381 1.005 1.002
3836 0.382 1.005 1.002
3837 0.382 1.005 1.002
3838 0.382 1.005 1.003
3839 0.383 1.005 1.003
3840 0.383 1.005 1.003
3841 0.383 1.005 1.003
3842 0.384 1.005 1.003
3843 0.384 1.005 1.003
3844 0.384 1.005 1.003
3845 0.385 1.005 1.003
3846 0.385 1.005 1.003
3847 0.385 1.005 1.003
3848 0.386 1.005 1.003
3849 0.386 1.005 1.003
3850 0.386 1.005 1.003
3851 0.388 1.005 1.003
3852 0.388 1.005 1.003
3853 0.388 1.005 1.003
3854 0.389 1.005 1.003
3855 0.389 1.005 1.003
3856 0.389 1.005 1.003
3857 0.389 1.005 1.003
3858 0.390 1.005 1.003
3859 0.390 1.005 1.003
3860 0.390 1.005 1.003
3861 0.391 1.005 1.003
3862 0.391 1.005 1.003
3863 0.393 1.005 1.003
3864 0.393 1.005 1.003
3865 0.393 1.005 1.003
3866 0.393 1.005 1.003
3867 0.394 1.005 1.003
3868 0.395 1.005 1.003
3869 0.395 1.005 1.003
3870 0.395 1.005 1.003
3871 0.395 1.005 1.003
3872 0.396 1.005 1.003
3873 0.396 1.005 1.003
3874 0.397 1.005 1.003
3875 0.397 1.005 1.003
3876 0.398 1.005 1.003
3877 0.398 1.005 1.003
3878 0.398 1.005 1.003
3879 0.399 1.005 1.003
3880 0.401 1.005 1.003
3881 0.402 1.005 1.003
3882 0.402 1.005 1.003
3883 0.402 1.005 1.003
3884 0.403 1.005 1.003
3885 0.404 1.005 1.003
3886 0.404 1.005 1.003
3887 0.405 1.005 1.003
3888 0.405 1.005 1.003
3889 0.407 1.005 1.003
3890 0.408 1.005 1.003
3891 0.409 1.005 1.003
3892 0.409 1.005 1.003
3893 0.409 1.005 1.003
3894 0.410 1.005 1.003
3895 0.412 1.005 1.003
3896 0.413 1.005 1.003
3897 0.413 1.005 1.003
3898 0.414 1.005 1.004
3899 0.414 1.005 1.004
3900 0.415 1.005 1.004
3901 0.415 1.005 1.004
3902 0.415 1.006 1.004
3903 0.417 1.006 1.004
3904 0.418 1.006 1.004
3905 0.418 1.006 1.004
3906 0.418 1.006 1.004
3907 0.419 1.006 1.004
3908 0.419 1.006 1.004
3909 0.419 1.006 1.004
3910 0.422 1.006 1.004
3911 0.422 1.006 1.004
3912 0.424 1.006 1.004
3913 0.424 1.006 1.004
3914 0.424 1.006 1.004
3915 0.426 1.006 1.004
3916 0.428 1.006 1.004
3917 0.428 1.006 1.004
3918 0.428 1.006 1.004
3919 0.431 1.006 1.004
3920 0.431 1.006 1.004
3921 0.433 1.006 1.004
3922 0.433 1.006 1.004
3923 0.433 1.006 1.004
3924 0.434 1.006 1.004
3925 0.434 1.006 1.004
3926 0.435 1.006 1.004
3927 0.435 1.006 1.004
3928 0.437 1.006 1.004
3929 0.440 1.006 1.004
3930 0.440 1.006 1.004
3931 0.441 1.006 1.004
3932 0.443 1.006 1.004
3933 0.444 1.006 1.004
3934 0.444 1.006 1.004
3935 0.445 1.006 1.004
3936 0.445 1.006 1.004
3937 0.446 1.006 1.004
3938 0.447 1.006 1.004
3939 0.447 1.006 1.004
3940 0.447 1.006 1.004
3941 0.447 1.006 1.005
3942 0.447 1.006 1.005
3943 0.449 1.006 1.005
3944 0.451 1.006 1.005
3945 0.451 1.006 1.005
3946 0.452 1.006 1.005
3947 0.452 1.006 1.005
3948 0.454 1.006 1.005
3949 0.455 1.006 1.005
3950 0.456 1.006 1.005
3951 0.457 1.006 1.005
3952 0.457 1.006 1.005
3953 0.459 1.006 1.005
3954 0.459 1.006 1.005
3955 0.463 1.006 1.005
3956 0.463 1.006 1.005
3957 0.463 1.006 1.005
3958 0.464 1.006 1.005
3959 0.464 1.006 1.005
3960 0.470 1.006 1.005
3961 0.470 1.006 1.005
3962 0.473 1.006 1.005
3963 0.474 1.006 1.005
3964 0.478 1.006 1.005
3965 0.480 1.006 1.005
3966 0.481 1.006 1.005
3967 0.481 1.006 1.005
3968 0.482 1.006 1.005
3969 0.483 1.006 1.005
3970 0.484 1.006 1.005
3971 0.486 1.006 1.005
3972 0.491 1.006 1.005
3973 0.493 1.006 1.005
3974 0.495 1.007 1.005
3975 0.497 1.007 1.005
3976 0.501 1.007 1.005
3977 0.509 1.007 1.005
3978 0.510 1.007 1.005
3979 0.514 1.007 1.005
3980 0.515 1.007 1.005
3981 0.517 1.007 1.005
3982 0.518 1.007 1.005
3983 0.520 1.007 1.005
3984 0.523 1.007 1.005
3985 0.525 1.007 1.005
3986 0.527 1.007 1.005
3987 0.533 1.007 1.005
3988 0.536 1.007 1.006
3989 0.542 1.007 1.006
3990 0.543 1.007 1.006
3991 0.545 1.007 1.006
3992 0.545 1.007 1.006
3993 0.551 1.007 1.006
3994 0.554 1.007 1.006
3995 0.559 1.007 1.006
3996 0.562 1.007 1.006
3997 0.567 1.007 1.006
3998 0.570 1.007 1.006
3999 0.576 1.007 1.006
4000 0.576 1.007 1.006
4001 0.578 1.008 1.006
4002 0.581 1.008 1.006
4003 0.581 1.008 1.006
4004 0.582 1.008 1.006
4005 0.588 1.009 1.006
4006 0.595 1.009 1.006
4007 0.615 1.009 1.006
4008 0.623 1.009 1.006
4009 0.627 1.010 1.006
4010 0.633 1.010 1.006
4011 0.654 1.010 1.006
4012 0.667 1.011 1.006
4013 0.671 1.012 1.006
4014 0.682 1.012 1.007
4015 0.694 1.012 1.007
4016 0.744 1.014 1.007
4017 0.782 1.015 1.007
4018 0.794 1.015 1.007
4019 0.808 1.016 1.007
4020 0.855 1.017 1.007
4021 0.903 1.017 1.007
4022 0.907 1.019 1.008
4023 0.908 1.019 1.008
4024 0.918 1.019 1.008
4025 0.919 1.020 1.008
4026 0.919 1.021 1.008
4027 0.919 1.021 1.008
4028 0.919 1.023 1.009
4029 0.919 1.024 1.010
4030 0.920 1.031 1.010
4031 0.920 1.036 1.012
4032 0.920 1.045 1.015
4033 0.920 1.104 1.066
