 accp4 accp4c accp4p
1 0.062 0.633 0.698
2 0.069 0.874 0.701
3 0.078 0.893 0.707
4 0.080 0.916 0.754
5 0.084 0.917 0.769
6 0.086 0.917 0.777
7 0.086 0.936 0.784
8 0.087 0.937 0.786
9 0.088 0.939 0.798
10 0.096 0.947 0.798
11 0.112 0.952 0.826
12 0.115 0.961 0.836
13 0.116 0.963 0.841
14 0.121 0.963 0.842
15 0.121 0.965 0.847
16 0.124 0.965 0.847
17 0.128 0.965 0.848
18 0.128 0.968 0.849
19 0.130 0.968 0.865
20 0.131 0.970 0.871
21 0.132 0.971 0.877
22 0.137 0.973 0.880
23 0.138 0.973 0.885
24 0.138 0.974 0.886
25 0.138 0.974 0.893
26 0.142 0.974 0.898
27 0.143 0.976 0.903
28 0.148 0.976 0.905
29 0.151 0.977 0.909
30 0.156 0.978 0.911
31 0.159 0.978 0.911
32 0.161 0.978 0.913
33 0.161 0.979 0.914
34 0.162 0.979 0.916
35 0.162 0.979 0.917
36 0.164 0.980 0.917
37 0.164 0.980 0.917
38 0.164 0.980 0.918
39 0.165 0.981 0.919
40 0.166 0.981 0.920
41 0.167 0.982 0.921
42 0.170 0.982 0.921
43 0.172 0.982 0.923
44 0.173 0.982 0.926
45 0.173 0.984 0.927
46 0.177 0.984 0.927
47 0.177 0.984 0.928
48 0.177 0.985 0.931
49 0.178 0.985 0.934
50 0.178 0.985 0.935
51 0.178 0.987 0.936
52 0.182 0.987 0.938
53 0.182 0.988 0.942
54 0.183 0.988 0.943
55 0.189 0.988 0.944
56 0.195 0.988 0.944
57 0.196 0.989 0.944
58 0.201 0.989 0.945
59 0.202 0.990 0.945
60 0.203 0.990 0.947
61 0.203 0.990 0.948
62 0.203 0.990 0.949
63 0.206 0.990 0.950
64 0.210 0.990 0.950
65 0.212 0.991 0.950
66 0.212 0.991 0.955
67 0.213 0.991 0.955
68 0.216 0.992 0.955
69 0.217 0.992 0.955
70 0.217 0.992 0.956
71 0.218 0.992 0.957
72 0.220 0.992 0.958
73 0.220 0.992 0.958
74 0.222 0.992 0.958
75 0.224 0.993 0.958
76 0.224 0.993 0.959
77 0.227 0.993 0.960
78 0.233 0.993 0.960
79 0.236 0.993 0.962
80 0.240 0.993 0.964
81 0.240 0.994 0.964
82 0.241 0.994 0.964
83 0.241 0.994 0.965
84 0.242 0.994 0.966
85 0.244 0.994 0.967
86 0.245 0.994 0.968
87 0.246 0.994 0.968
88 0.247 0.995 0.968
89 0.248 0.995 0.969
90 0.249 0.995 0.970
91 0.250 0.995 0.970
92 0.250 0.995 0.970
93 0.253 0.995 0.970
94 0.255 0.995 0.971
95 0.255 0.995 0.971
96 0.256 0.995 0.972
97 0.257 0.995 0.972
98 0.257 0.995 0.973
99 0.257 0.996 0.974
100 0.257 0.996 0.975
101 0.261 0.996 0.975
102 0.261 0.996 0.975
103 0.262 0.996 0.976
104 0.262 0.996 0.977
105 0.262 0.996 0.977
106 0.263 0.996 0.977
107 0.264 0.996 0.977
108 0.264 0.996 0.978
109 0.265 0.996 0.978
110 0.265 0.996 0.979
111 0.267 0.996 0.979
112 0.268 0.996 0.979
113 0.268 0.996 0.979
114 0.271 0.996 0.980
115 0.271 0.996 0.980
116 0.272 0.996 0.981
117 0.272 0.996 0.981
118 0.272 0.997 0.981
119 0.274 0.997 0.983
120 0.274 0.997 0.983
121 0.277 0.997 0.984
122 0.278 0.997 0.984
123 0.278 0.997 0.984
124 0.278 0.997 0.984
125 0.279 0.997 0.984
126 0.279 0.997 0.985
127 0.281 0.997 0.985
128 0.282 0.997 0.985
129 0.283 0.997 0.985
130 0.284 0.997 0.985
131 0.284 0.997 0.985
132 0.285 0.997 0.985
133 0.286 0.997 0.986
134 0.287 0.997 0.986
135 0.287 0.997 0.986
136 0.288 0.997 0.986
137 0.288 0.997 0.986
138 0.288 0.997 0.986
139 0.289 0.997 0.986
140 0.290 0.997 0.986
141 0.290 0.997 0.986
142 0.291 0.997 0.987
143 0.292 0.997 0.987
144 0.292 0.997 0.987
145 0.292 0.997 0.987
146 0.293 0.997 0.987
147 0.293 0.998 0.987
148 0.295 0.998 0.987
149 0.295 0.998 0.987
150 0.296 0.998 0.988
151 0.296 0.998 0.988
152 0.296 0.998 0.988
153 0.297 0.998 0.988
154 0.298 0.998 0.988
155 0.298 0.998 0.988
156 0.298 0.998 0.988
157 0.300 0.998 0.988
158 0.302 0.998 0.988
159 0.304 0.998 0.988
160 0.304 0.998 0.989
161 0.304 0.998 0.989
162 0.305 0.998 0.989
163 0.305 0.998 0.989
164 0.305 0.998 0.989
165 0.306 0.998 0.989
166 0.306 0.998 0.989
167 0.306 0.998 0.989
168 0.307 0.998 0.989
169 0.308 0.998 0.989
170 0.308 0.998 0.989
171 0.309 0.998 0.989
172 0.309 0.998 0.989
173 0.309 0.998 0.989
174 0.310 0.998 0.989
175 0.310 0.998 0.990
176 0.312 0.999 0.990
177 0.312 0.999 0.990
178 0.313 0.999 0.990
179 0.313 0.999 0.990
180 0.313 0.999 0.990
181 0.315 0.999 0.990
182 0.315 0.999 0.990
183 0.315 0.999 0.990
184 0.316 0.999 0.990
185 0.316 0.999 0.990
186 0.316 0.999 0.991
187 0.316 0.999 0.991
188 0.316 0.999 0.991
189 0.317 0.999 0.991
190 0.317 0.999 0.991
191 0.318 0.999 0.991
192 0.319 0.999 0.991
193 0.319 0.999 0.991
194 0.319 0.999 0.991
195 0.320 0.999 0.991
196 0.320 0.999 0.991
197 0.320 0.999 0.991
198 0.320 0.999 0.991
199 0.320 0.999 0.992
200 0.321 0.999 0.992
201 0.321 0.999 0.992
202 0.321 0.999 0.992
203 0.321 0.999 0.992
204 0.321 0.999 0.992
205 0.321 0.999 0.993
206 0.321 0.999 0.993
207 0.321 0.999 0.993
208 0.322 0.999 0.993
209 0.323 0.999 0.993
210 0.324 0.999 0.993
211 0.324 0.999 0.993
212 0.324 0.999 0.993
213 0.325 1.000 0.993
214 0.325 1.000 0.993
215 0.325 1.000 0.993
216 0.325 1.000 0.993
217 0.326 1.000 0.994
218 0.326 1.000 0.994
219 0.326 1.000 0.994
220 0.327 1.000 0.994
221 0.327 1.000 0.994
222 0.327 1.000 0.994
223 0.328 1.000 0.994
224 0.328 1.000 0.994
225 0.328 1.000 0.994
226 0.330 1.000 0.994
227 0.330 1.000 0.994
228 0.330 1.000 0.994
229 0.330 1.000 0.994
230 0.331 1.000 0.994
231 0.331 1.000 0.995
232 0.331 1.000 0.995
233 0.331 1.000 0.995
234 0.332 1.000 0.995
235 0.332 1.000 0.995
236 0.332 1.000 0.995
237 0.333 1.000 0.995
238 0.333 1.000 0.995
239 0.333 1.000 0.995
240 0.333 1.000 0.995
241 0.334 1.000 0.995
242 0.334 1.000 0.995
243 0.334 1.000 0.995
244 0.334 1.000 0.995
245 0.334 1.000 0.995
246 0.335 1.000 0.995
247 0.335 1.000 0.995
248 0.335 1.000 0.995
249 0.335 1.000 0.995
250 0.335 1.000 0.995
251 0.335 1.000 0.995
252 0.335 1.000 0.995
253 0.335 1.000 0.995
254 0.335 1.000 0.995
255 0.336 1.000 0.995
256 0.336 1.000 0.996
257 0.336 1.000 0.996
258 0.336 1.000 0.996
259 0.337 1.000 0.996
260 0.337 1.000 0.996
261 0.337 1.000 0.996
262 0.337 1.000 0.996
263 0.337 1.000 0.996
264 0.337 1.000 0.996
265 0.337 1.000 0.996
266 0.338 1.000 0.996
267 0.338 1.000 0.996
268 0.338 1.000 0.996
269 0.338 1.000 0.996
270 0.338 1.000 0.996
271 0.339 1.000 0.996
272 0.339 1.000 0.996
273 0.340 1.000 0.996
274 0.340 1.000 0.996
275 0.340 1.000 0.996
276 0.340 1.000 0.996
277 0.340 1.000 0.996
278 0.340 1.000 0.996
279 0.341 1.000 0.996
280 0.341 1.000 0.996
281 0.341 1.000 0.996
282 0.341 1.000 0.996
283 0.342 1.000 0.996
284 0.342 1.000 0.996
285 0.342 1.000 0.996
286 0.342 1.000 0.996
287 0.342 1.000 0.996
288 0.342 1.000 0.996
289 0.343 1.000 0.996
290 0.343 1.000 0.996
291 0.343 1.000 0.997
292 0.343 1.000 0.997
293 0.343 1.000 0.997
294 0.343 1.000 0.997
295 0.343 1.000 0.997
296 0.343 1.000 0.997
297 0.343 1.000 0.997
298 0.343 1.000 0.997
299 0.343 1.000 0.997
300 0.344 1.000 0.997
301 0.344 1.000 0.997
302 0.344 1.000 0.997
303 0.344 1.000 0.997
304 0.344 1.000 0.997
305 0.344 1.000 0.997
306 0.344 1.000 0.997
307 0.344 1.000 0.997
308 0.345 1.000 0.997
309 0.345 1.000 0.997
310 0.345 1.000 0.997
311 0.346 1.000 0.997
312 0.346 1.000 0.997
313 0.346 1.000 0.997
314 0.346 1.000 0.997
315 0.346 1.000 0.997
316 0.347 1.000 0.997
317 0.347 1.000 0.997
318 0.347 1.000 0.997
319 0.347 1.000 0.997
320 0.347 1.000 0.997
321 0.347 1.000 0.997
322 0.348 1.000 0.997
323 0.348 1.000 0.997
324 0.348 1.000 0.997
325 0.348 1.000 0.997
326 0.348 1.000 0.998
327 0.348 1.000 0.998
328 0.348 1.000 0.998
329 0.348 1.000 0.998
330 0.349 1.000 0.998
331 0.349 1.000 0.998
332 0.349 1.000 0.998
333 0.349 1.000 0.998
334 0.349 1.000 0.998
335 0.349 1.000 0.998
336 0.350 1.000 0.998
337 0.350 1.000 0.998
338 0.350 1.000 0.998
339 0.350 1.000 0.998
340 0.350 1.000 0.998
341 0.350 1.000 0.998
342 0.350 1.000 0.998
343 0.350 1.000 0.998
344 0.350 1.000 0.998
345 0.350 1.000 0.998
346 0.351 1.000 0.998
347 0.351 1.000 0.998
348 0.351 1.000 0.998
349 0.351 1.000 0.998
350 0.351 1.000 0.998
351 0.351 1.000 0.998
352 0.352 1.000 0.998
353 0.352 1.000 0.998
354 0.352 1.000 0.998
355 0.352 1.000 0.998
356 0.352 1.000 0.998
357 0.353 1.000 0.998
358 0.353 1.000 0.998
359 0.353 1.000 0.998
360 0.353 1.000 0.998
361 0.353 1.000 0.998
362 0.353 1.000 0.998
363 0.354 1.000 0.998
364 0.354 1.000 0.998
365 0.354 1.000 0.998
366 0.354 1.000 0.998
367 0.354 1.000 0.999
368 0.355 1.000 0.999
369 0.355 1.000 0.999
370 0.355 1.000 0.999
371 0.355 1.000 0.999
372 0.355 1.000 0.999
373 0.355 1.000 0.999
374 0.355 1.000 0.999
375 0.355 1.000 0.999
376 0.356 1.000 0.999
377 0.356 1.000 0.999
378 0.356 1.000 0.999
379 0.356 1.000 0.999
380 0.357 1.000 0.999
381 0.357 1.000 0.999
382 0.357 1.000 0.999
383 0.357 1.000 0.999
384 0.357 1.000 0.999
385 0.357 1.000 0.999
386 0.357 1.000 0.999
387 0.357 1.000 0.999
388 0.357 1.000 0.999
389 0.357 1.000 0.999
390 0.357 1.000 0.999
391 0.357 1.000 0.999
392 0.357 1.000 0.999
393 0.357 1.000 0.999
394 0.358 1.000 0.999
395 0.358 1.000 0.999
396 0.358 1.000 0.999
397 0.358 1.000 0.999
398 0.358 1.000 0.999
399 0.358 1.000 0.999
400 0.359 1.000 0.999
401 0.359 1.000 0.999
402 0.359 1.000 0.999
403 0.360 1.000 0.999
404 0.360 1.000 0.999
405 0.361 1.000 0.999
406 0.361 1.000 0.999
407 0.361 1.000 0.999
408 0.361 1.000 0.999
409 0.361 1.000 0.999
410 0.361 1.000 0.999
411 0.361 1.000 0.999
412 0.361 1.000 0.999
413 0.361 1.000 0.999
414 0.362 1.000 0.999
415 0.362 1.000 0.999
416 0.362 1.000 0.999
417 0.362 1.000 0.999
418 0.362 1.000 0.999
419 0.363 1.000 0.999
420 0.363 1.000 0.999
421 0.363 1.000 0.999
422 0.363 1.000 1.000
423 0.363 1.000 1.000
424 0.363 1.000 1.000
425 0.363 1.000 1.000
426 0.363 1.000 1.000
427 0.364 1.000 1.000
428 0.364 1.000 1.000
429 0.364 1.000 1.000
430 0.364 1.000 1.000
431 0.364 1.000 1.000
432 0.364 1.000 1.000
433 0.365 1.000 1.000
434 0.365 1.000 1.000
435 0.365 1.000 1.000
436 0.365 1.000 1.000
437 0.365 1.000 1.000
438 0.365 1.000 1.000
439 0.365 1.000 1.000
440 0.365 1.000 1.000
441 0.366 1.000 1.000
442 0.366 1.000 1.000
443 0.366 1.000 1.000
444 0.366 1.000 1.000
445 0.366 1.000 1.000
446 0.366 1.000 1.000
447 0.366 1.000 1.000
448 0.366 1.000 1.000
449 0.367 1.000 1.000
450 0.367 1.000 1.000
451 0.367 1.000 1.000
452 0.367 1.000 1.000
453 0.367 1.000 1.000
454 0.368 1.000 1.000
455 0.368 1.000 1.000
456 0.368 1.000 1.000
457 0.368 1.000 1.000
458 0.368 1.000 1.000
459 0.368 1.000 1.000
460 0.368 1.000 1.000
461 0.368 1.000 1.000
462 0.369 1.000 1.000
463 0.369 1.000 1.000
464 0.369 1.000 1.000
465 0.369 1.000 1.000
466 0.369 1.000 1.000
467 0.369 1.000 1.000
468 0.369 1.000 1.000
469 0.369 1.000 1.000
470 0.369 1.000 1.000
471 0.369 1.000 1.000
472 0.370 1.000 1.000
473 0.371 1.000 1.000
474 0.371 1.000 1.000
475 0.371 1.000 1.000
476 0.371 1.000 1.000
477 0.371 1.000 1.000
478 0.371 1.000 1.000
479 0.371 1.000 1.000
480 0.371 1.000 1.000
481 0.371 1.000 1.000
482 0.371 1.000 1.000
483 0.371 1.000 1.000
484 0.371 1.000 1.000
485 0.371 1.000 1.000
486 0.371 1.000 1.000
487 0.371 1.000 1.000
488 0.371 1.000 1.000
489 0.372 1.000 1.000
490 0.372 1.000 1.000
491 0.372 1.000 1.000
492 0.372 1.000 1.000
493 0.372 1.000 1.000
494 0.372 1.000 1.000
495 0.373 1.000 1.000
496 0.373 1.000 1.000
497 0.373 1.000 1.000
498 0.373 1.000 1.000
499 0.373 1.000 1.000
500 0.373 1.000 1.000
501 0.373 1.000 1.000
502 0.373 1.000 1.000
503 0.373 1.000 1.000
504 0.373 1.000 1.000
505 0.373 1.000 1.000
506 0.373 1.000 1.000
507 0.374 1.000 1.000
508 0.374 1.000 1.000
509 0.374 1.000 1.000
510 0.374 1.000 1.000
511 0.374 1.000 1.000
512 0.375 1.000 1.000
513 0.375 1.000 1.000
514 0.375 1.000 1.000
515 0.375 1.000 1.000
516 0.375 1.000 1.000
517 0.375 1.000 1.000
518 0.376 1.000 1.000
519 0.376 1.000 1.000
520 0.376 1.000 1.000
521 0.376 1.000 1.000
522 0.376 1.000 1.000
523 0.376 1.000 1.000
524 0.376 1.000 1.000
525 0.376 1.000 1.000
526 0.376 1.000 1.000
527 0.376 1.000 1.000
528 0.377 1.000 1.000
529 0.377 1.000 1.000
530 0.377 1.000 1.000
531 0.377 1.000 1.000
532 0.377 1.000 1.000
533 0.377 1.000 1.000
534 0.377 1.000 1.000
535 0.377 1.000 1.000
536 0.377 1.000 1.000
537 0.377 1.000 1.000
538 0.377 1.000 1.000
539 0.378 1.000 1.000
540 0.378 1.000 1.000
541 0.378 1.000 1.000
542 0.379 1.000 1.000
543 0.379 1.000 1.000
544 0.379 1.000 1.000
545 0.379 1.000 1.000
546 0.379 1.000 1.000
547 0.380 1.000 1.000
548 0.380 1.000 1.000
549 0.380 1.000 1.000
550 0.380 1.000 1.000
551 0.380 1.000 1.000
552 0.381 1.000 1.000
553 0.381 1.000 1.000
554 0.381 1.000 1.000
555 0.381 1.000 1.000
556 0.381 1.000 1.000
557 0.382 1.000 1.000
558 0.382 1.000 1.000
559 0.382 1.000 1.000
560 0.382 1.000 1.000
561 0.382 1.000 1.000
562 0.382 1.000 1.000
563 0.382 1.000 1.000
564 0.382 1.000 1.000
565 0.382 1.000 1.000
566 0.382 1.000 1.000
567 0.383 1.000 1.000
568 0.383 1.000 1.000
569 0.383 1.000 1.000
570 0.383 1.000 1.000
571 0.383 1.000 1.000
572 0.384 1.000 1.000
573 0.384 1.000 1.000
574 0.384 1.000 1.000
575 0.384 1.000 1.000
576 0.384 1.000 1.000
577 0.384 1.000 1.000
578 0.384 1.000 1.000
579 0.385 1.000 1.000
580 0.385 1.000 1.000
581 0.385 1.000 1.000
582 0.385 1.000 1.000
583 0.386 1.000 1.000
584 0.386 1.000 1.000
585 0.386 1.000 1.000
586 0.386 1.000 1.000
587 0.387 1.000 1.000
588 0.387 1.000 1.000
589 0.387 1.000 1.000
590 0.387 1.000 1.000
591 0.387 1.000 1.000
592 0.387 1.000 1.000
593 0.387 1.000 1.000
594 0.387 1.000 1.000
595 0.387 1.000 1.000
596 0.388 1.000 1.000
597 0.388 1.000 1.000
598 0.388 1.000 1.000
599 0.388 1.000 1.000
600 0.388 1.000 1.000
601 0.388 1.000 1.000
602 0.389 1.000 1.000
603 0.389 1.000 1.000
604 0.389 1.000 1.000
605 0.389 1.000 1.000
606 0.390 1.000 1.000
607 0.390 1.000 1.000
608 0.390 1.000 1.000
609 0.390 1.000 1.000
610 0.390 1.000 1.000
611 0.390 1.000 1.000
612 0.390 1.000 1.000
613 0.391 1.000 1.000
614 0.391 1.000 1.000
615 0.391 1.000 1.000
616 0.391 1.000 1.000
617 0.391 1.000 1.000
618 0.391 1.000 1.000
619 0.391 1.000 1.000
620 0.391 1.000 1.000
621 0.391 1.000 1.000
622 0.391 1.000 1.000
623 0.392 1.000 1.000
624 0.392 1.000 1.000
625 0.392 1.000 1.000
626 0.392 1.000 1.000
627 0.392 1.000 1.000
628 0.392 1.000 1.000
629 0.392 1.000 1.000
630 0.393 1.000 1.000
631 0.393 1.000 1.000
632 0.393 1.000 1.000
633 0.393 1.000 1.000
634 0.393 1.000 1.000
635 0.394 1.000 1.000
636 0.394 1.000 1.000
637 0.394 1.000 1.000
638 0.394 1.000 1.000
639 0.394 1.000 1.000
640 0.394 1.000 1.000
641 0.394 1.000 1.000
642 0.395 1.000 1.000
643 0.395 1.000 1.000
644 0.395 1.000 1.000
645 0.395 1.000 1.000
646 0.396 1.000 1.000
647 0.396 1.000 1.000
648 0.396 1.000 1.000
649 0.396 1.000 1.000
650 0.396 1.000 1.000
651 0.397 1.000 1.000
652 0.397 1.000 1.000
653 0.398 1.000 1.000
654 0.398 1.000 1.000
655 0.398 1.000 1.000
656 0.398 1.000 1.000
657 0.399 1.000 1.000
658 0.399 1.000 1.000
659 0.399 1.000 1.000
660 0.399 1.000 1.000
661 0.399 1.000 1.000
662 0.400 1.000 1.000
663 0.401 1.000 1.000
664 0.401 1.000 1.000
665 0.401 1.000 1.000
666 0.401 1.000 1.000
667 0.402 1.000 1.000
668 0.402 1.000 1.000
669 0.403 1.000 1.000
670 0.403 1.000 1.000
671 0.403 1.000 1.000
672 0.404 1.000 1.000
673 0.404 1.000 1.000
674 0.404 1.000 1.000
675 0.404 1.000 1.000
676 0.405 1.000 1.000
677 0.405 1.000 1.000
678 0.405 1.000 1.000
679 0.405 1.000 1.000
680 0.405 1.000 1.000
681 0.405 1.000 1.000
682 0.406 1.000 1.000
683 0.406 1.000 1.000
684 0.407 1.000 1.000
685 0.407 1.000 1.000
686 0.407 1.000 1.000
687 0.407 1.000 1.000
688 0.407 1.000 1.000
689 0.407 1.000 1.000
690 0.408 1.000 1.000
691 0.408 1.000 1.000
692 0.408 1.000 1.000
693 0.409 1.000 1.000
694 0.409 1.000 1.000
695 0.409 1.000 1.000
696 0.409 1.000 1.000
697 0.410 1.000 1.000
698 0.411 1.000 1.000
699 0.411 1.000 1.000
700 0.411 1.000 1.000
701 0.411 1.000 1.000
702 0.411 1.000 1.000
703 0.412 1.000 1.000
704 0.412 1.000 1.000
705 0.412 1.000 1.000
706 0.412 1.000 1.000
707 0.412 1.000 1.000
708 0.412 1.000 1.000
709 0.413 1.000 1.000
710 0.413 1.000 1.000
711 0.413 1.000 1.000
712 0.413 1.000 1.000
713 0.413 1.000 1.000
714 0.413 1.000 1.000
715 0.413 1.000 1.000
716 0.414 1.000 1.000
717 0.414 1.000 1.000
718 0.414 1.000 1.000
719 0.414 1.000 1.000
720 0.414 1.000 1.000
721 0.415 1.000 1.000
722 0.415 1.000 1.000
723 0.415 1.000 1.000
724 0.416 1.000 1.000
725 0.416 1.000 1.000
726 0.416 1.000 1.000
727 0.416 1.000 1.000
728 0.417 1.000 1.000
729 0.417 1.000 1.000
730 0.417 1.000 1.000
731 0.417 1.000 1.000
732 0.417 1.000 1.000
733 0.417 1.000 1.000
734 0.418 1.000 1.000
735 0.418 1.000 1.000
736 0.418 1.000 1.000
737 0.418 1.000 1.000
738 0.419 1.000 1.000
739 0.419 1.000 1.000
740 0.420 1.000 1.000
741 0.420 1.000 1.000
742 0.420 1.000 1.000
743 0.420 1.000 1.000
744 0.421 1.000 1.000
745 0.421 1.000 1.000
746 0.421 1.000 1.000
747 0.421 1.000 1.000
748 0.422 1.000 1.000
749 0.422 1.000 1.000
750 0.422 1.000 1.000
751 0.423 1.000 1.000
752 0.423 1.000 1.000
753 0.423 1.000 1.000
754 0.423 1.000 1.000
755 0.424 1.000 1.000
756 0.424 1.000 1.000
757 0.424 1.000 1.000
758 0.425 1.000 1.000
759 0.425 1.000 1.000
760 0.426 1.000 1.000
761 0.427 1.000 1.000
762 0.427 1.000 1.000
763 0.427 1.000 1.000
764 0.427 1.000 1.000
765 0.427 1.000 1.000
766 0.427 1.000 1.000
767 0.428 1.000 1.000
768 0.429 1.000 1.000
769 0.429 1.000 1.000
770 0.429 1.000 1.000
771 0.429 1.000 1.000
772 0.430 1.000 1.000
773 0.430 1.000 1.000
774 0.430 1.000 1.000
775 0.430 1.000 1.000
776 0.430 1.000 1.000
777 0.431 1.000 1.000
778 0.431 1.000 1.000
779 0.431 1.000 1.000
780 0.432 1.000 1.000
781 0.432 1.000 1.000
782 0.432 1.000 1.000
783 0.433 1.000 1.000
784 0.433 1.000 1.000
785 0.434 1.000 1.000
786 0.434 1.000 1.000
787 0.434 1.000 1.000
788 0.434 1.000 1.000
789 0.436 1.000 1.000
790 0.436 1.000 1.000
791 0.436 1.000 1.000
792 0.436 1.000 1.000
793 0.436 1.000 1.000
794 0.437 1.000 1.000
795 0.437 1.000 1.000
796 0.438 1.000 1.000
797 0.438 1.000 1.000
798 0.438 1.000 1.000
799 0.438 1.000 1.000
800 0.439 1.000 1.000
801 0.439 1.000 1.000
802 0.439 1.000 1.000
803 0.439 1.000 1.000
804 0.439 1.000 1.000
805 0.439 1.000 1.000
806 0.440 1.000 1.000
807 0.441 1.000 1.000
808 0.441 1.000 1.000
809 0.442 1.000 1.000
810 0.442 1.000 1.000
811 0.442 1.000 1.000
812 0.442 1.000 1.000
813 0.442 1.000 1.000
814 0.443 1.000 1.000
815 0.443 1.000 1.000
816 0.443 1.000 1.000
817 0.443 1.000 1.000
818 0.444 1.000 1.000
819 0.444 1.000 1.000
820 0.445 1.000 1.000
821 0.445 1.000 1.000
822 0.445 1.000 1.000
823 0.445 1.000 1.000
824 0.445 1.000 1.000
825 0.446 1.000 1.000
826 0.446 1.000 1.000
827 0.446 1.000 1.000
828 0.446 1.000 1.000
829 0.447 1.000 1.000
830 0.448 1.000 1.000
831 0.448 1.000 1.000
832 0.449 1.000 1.000
833 0.449 1.000 1.000
834 0.449 1.000 1.000
835 0.449 1.000 1.000
836 0.450 1.000 1.000
837 0.450 1.000 1.000
838 0.450 1.000 1.000
839 0.450 1.000 1.000
840 0.451 1.000 1.000
841 0.452 1.000 1.000
842 0.452 1.000 1.000
843 0.453 1.000 1.000
844 0.453 1.000 1.000
845 0.454 1.000 1.000
846 0.454 1.000 1.000
847 0.455 1.000 1.000
848 0.455 1.000 1.000
849 0.456 1.000 1.000
850 0.457 1.000 1.000
851 0.457 1.000 1.000
852 0.457 1.000 1.000
853 0.458 1.000 1.000
854 0.458 1.000 1.000
855 0.458 1.000 1.000
856 0.458 1.000 1.000
857 0.459 1.000 1.000
858 0.459 1.000 1.000
859 0.459 1.000 1.000
860 0.460 1.000 1.000
861 0.460 1.000 1.000
862 0.460 1.000 1.000
863 0.460 1.000 1.000
864 0.461 1.000 1.000
865 0.461 1.000 1.000
866 0.461 1.000 1.000
867 0.462 1.000 1.000
868 0.462 1.000 1.000
869 0.462 1.000 1.000
870 0.463 1.000 1.000
871 0.464 1.000 1.000
872 0.465 1.000 1.000
873 0.465 1.000 1.000
874 0.465 1.000 1.000
875 0.465 1.000 1.000
876 0.465 1.000 1.000
877 0.467 1.000 1.000
878 0.468 1.000 1.000
879 0.469 1.000 1.000
880 0.470 1.000 1.000
881 0.470 1.000 1.000
882 0.470 1.000 1.000
883 0.471 1.000 1.000
884 0.472 1.000 1.000
885 0.474 1.000 1.000
886 0.475 1.000 1.000
887 0.475 1.000 1.000
888 0.476 1.000 1.000
889 0.477 1.000 1.000
890 0.478 1.000 1.000
891 0.478 1.000 1.000
892 0.478 1.000 1.000
893 0.479 1.000 1.000
894 0.480 1.000 1.000
895 0.480 1.000 1.000
896 0.480 1.000 1.000
897 0.481 1.000 1.000
898 0.482 1.000 1.000
899 0.482 1.000 1.000
900 0.482 1.000 1.000
901 0.483 1.000 1.000
902 0.483 1.000 1.000
903 0.483 1.000 1.000
904 0.484 1.000 1.000
905 0.484 1.000 1.000
906 0.484 1.000 1.000
907 0.485 1.000 1.000
908 0.486 1.000 1.000
909 0.486 1.000 1.000
910 0.488 1.000 1.000
911 0.488 1.000 1.000
912 0.488 1.000 1.000
913 0.488 1.000 1.000
914 0.488 1.000 1.000
915 0.489 1.000 1.000
916 0.489 1.000 1.000
917 0.490 1.000 1.000
918 0.491 1.000 1.000
919 0.491 1.000 1.000
920 0.491 1.000 1.000
921 0.492 1.000 1.000
922 0.492 1.000 1.000
923 0.492 1.000 1.000
924 0.492 1.000 1.000
925 0.493 1.000 1.000
926 0.493 1.000 1.000
927 0.493 1.000 1.000
928 0.494 1.000 1.000
929 0.494 1.000 1.000
930 0.495 1.000 1.000
931 0.495 1.000 1.000
932 0.495 1.000 1.000
933 0.496 1.000 1.000
934 0.496 1.000 1.000
935 0.496 1.000 1.000
936 0.496 1.000 1.000
937 0.496 1.000 1.000
938 0.496 1.000 1.000
939 0.496 1.000 1.000
940 0.496 1.000 1.000
941 0.497 1.000 1.000
942 0.497 1.000 1.000
943 0.498 1.000 1.000
944 0.498 1.000 1.000
945 0.498 1.000 1.000
946 0.498 1.000 1.000
947 0.498 1.000 1.000
948 0.498 1.000 1.000
949 0.498 1.000 1.000
950 0.499 1.000 1.000
951 0.499 1.000 1.000
952 0.500 1.000 1.000
953 0.500 1.000 1.000
954 0.500 1.000 1.000
955 0.500 1.000 1.000
956 0.500 1.000 1.000
957 0.501 1.000 1.000
958 0.501 1.000 1.000
959 0.501 1.000 1.000
960 0.501 1.000 1.000
961 0.502 1.000 1.000
962 0.502 1.000 1.000
963 0.503 1.000 1.000
964 0.503 1.000 1.000
965 0.504 1.000 1.000
966 0.504 1.000 1.000
967 0.505 1.000 1.000
968 0.505 1.000 1.000
969 0.506 1.000 1.000
970 0.506 1.000 1.000
971 0.508 1.000 1.000
972 0.508 1.000 1.000
973 0.509 1.000 1.000
974 0.509 1.000 1.000
975 0.510 1.000 1.000
976 0.511 1.000 1.000
977 0.511 1.000 1.000
978 0.511 1.000 1.000
979 0.511 1.000 1.000
980 0.512 1.000 1.000
981 0.513 1.000 1.000
982 0.516 1.000 1.000
983 0.516 1.000 1.000
984 0.516 1.000 1.000
985 0.516 1.000 1.000
986 0.516 1.000 1.000
987 0.518 1.000 1.000
988 0.518 1.000 1.000
989 0.518 1.000 1.000
990 0.519 1.000 1.000
991 0.519 1.000 1.000
992 0.520 1.000 1.000
993 0.520 1.000 1.000
994 0.520 1.000 1.000
995 0.520 1.000 1.000
996 0.521 1.000 1.000
997 0.521 1.000 1.000
998 0.521 1.000 1.000
999 0.521 1.000 1.000
1000 0.522 1.000 1.000
1001 0.522 1.000 1.000
1002 0.522 1.000 1.000
1003 0.523 1.000 1.000
1004 0.524 1.000 1.000
1005 0.524 1.000 1.000
1006 0.524 1.000 1.000
1007 0.526 1.000 1.000
1008 0.526 1.000 1.000
1009 0.530 1.000 1.000
1010 0.530 1.000 1.000
1011 0.530 1.000 1.000
1012 0.531 1.000 1.000
1013 0.531 1.000 1.000
1014 0.532 1.000 1.000
1015 0.532 1.000 1.000
1016 0.532 1.000 1.000
1017 0.532 1.000 1.000
1018 0.534 1.000 1.000
1019 0.534 1.000 1.000
1020 0.536 1.000 1.000
1021 0.536 1.000 1.000
1022 0.536 1.000 1.000
1023 0.536 1.000 1.000
1024 0.537 1.000 1.000
1025 0.537 1.000 1.000
1026 0.538 1.000 1.000
1027 0.540 1.000 1.000
1028 0.540 1.000 1.000
1029 0.540 1.000 1.000
1030 0.541 1.000 1.000
1031 0.541 1.000 1.000
1032 0.542 1.000 1.000
1033 0.543 1.000 1.000
1034 0.543 1.000 1.000
1035 0.544 1.000 1.000
1036 0.545 1.000 1.000
1037 0.547 1.000 1.000
1038 0.547 1.000 1.000
1039 0.547 1.000 1.000
1040 0.548 1.000 1.000
1041 0.548 1.000 1.000
1042 0.548 1.000 1.000
1043 0.549 1.000 1.000
1044 0.549 1.000 1.000
1045 0.549 1.000 1.000
1046 0.550 1.000 1.000
1047 0.550 1.000 1.000
1048 0.550 1.000 1.000
1049 0.550 1.000 1.000
1050 0.550 1.000 1.000
1051 0.551 1.000 1.000
1052 0.551 1.000 1.000
1053 0.552 1.000 1.000
1054 0.552 1.000 1.000
1055 0.552 1.000 1.000
1056 0.553 1.000 1.000
1057 0.553 1.000 1.000
1058 0.555 1.000 1.000
1059 0.559 1.000 1.000
1060 0.559 1.000 1.000
1061 0.559 1.000 1.000
1062 0.560 1.000 1.000
1063 0.560 1.000 1.000
1064 0.561 1.000 1.000
1065 0.562 1.000 1.000
1066 0.562 1.000 1.000
1067 0.563 1.000 1.000
1068 0.563 1.000 1.000
1069 0.564 1.000 1.000
1070 0.564 1.000 1.000
1071 0.564 1.000 1.000
1072 0.565 1.000 1.000
1073 0.569 1.000 1.000
1074 0.570 1.000 1.000
1075 0.570 1.000 1.000
1076 0.572 1.000 1.000
1077 0.573 1.000 1.000
1078 0.573 1.000 1.000
1079 0.573 1.000 1.000
1080 0.575 1.000 1.000
1081 0.575 1.000 1.000
1082 0.575 1.000 1.000
1083 0.576 1.000 1.000
1084 0.576 1.000 1.000
1085 0.578 1.000 1.000
1086 0.579 1.000 1.000
1087 0.579 1.000 1.000
1088 0.579 1.000 1.000
1089 0.579 1.000 1.000
1090 0.579 1.000 1.000
1091 0.580 1.000 1.000
1092 0.580 1.000 1.000
1093 0.580 1.000 1.000
1094 0.581 1.000 1.000
1095 0.581 1.000 1.000
1096 0.581 1.000 1.000
1097 0.582 1.000 1.000
1098 0.582 1.000 1.000
1099 0.582 1.000 1.000
1100 0.582 1.000 1.000
1101 0.583 1.000 1.000
1102 0.584 1.000 1.000
1103 0.584 1.000 1.000
1104 0.585 1.000 1.000
1105 0.585 1.000 1.000
1106 0.586 1.000 1.000
1107 0.586 1.000 1.000
1108 0.587 1.000 1.000
1109 0.587 1.000 1.000
1110 0.588 1.000 1.000
1111 0.589 1.000 1.000
1112 0.589 1.000 1.000
1113 0.589 1.000 1.000
1114 0.590 1.000 1.000
1115 0.591 1.000 1.000
1116 0.592 1.000 1.000
1117 0.592 1.000 1.000
1118 0.592 1.000 1.000
1119 0.592 1.000 1.000
1120 0.593 1.000 1.000
1121 0.593 1.000 1.000
1122 0.594 1.000 1.000
1123 0.594 1.000 1.000
1124 0.594 1.000 1.000
1125 0.594 1.000 1.000
1126 0.594 1.000 1.000
1127 0.595 1.000 1.000
1128 0.596 1.000 1.000
1129 0.597 1.000 1.000
1130 0.597 1.000 1.000
1131 0.598 1.000 1.000
1132 0.599 1.000 1.000
1133 0.601 1.000 1.000
1134 0.602 1.000 1.000
1135 0.603 1.000 1.000
1136 0.603 1.000 1.000
1137 0.603 1.000 1.000
1138 0.603 1.000 1.000
1139 0.604 1.000 1.000
1140 0.604 1.000 1.000
1141 0.605 1.000 1.000
1142 0.605 1.000 1.000
1143 0.606 1.000 1.000
1144 0.607 1.000 1.000
1145 0.608 1.000 1.000
1146 0.608 1.000 1.000
1147 0.609 1.000 1.000
1148 0.610 1.000 1.000
1149 0.611 1.000 1.000
1150 0.612 1.000 1.000
1151 0.613 1.000 1.000
1152 0.614 1.000 1.000
1153 0.614 1.000 1.000
1154 0.614 1.000 1.000
1155 0.614 1.000 1.000
1156 0.616 1.000 1.000
1157 0.617 1.000 1.000
1158 0.618 1.000 1.000
1159 0.619 1.000 1.000
1160 0.619 1.000 1.000
1161 0.620 1.000 1.000
1162 0.620 1.000 1.000
1163 0.621 1.000 1.000
1164 0.621 1.000 1.000
1165 0.622 1.000 1.000
1166 0.622 1.000 1.000
1167 0.622 1.000 1.000
1168 0.622 1.000 1.000
1169 0.622 1.000 1.000
1170 0.623 1.000 1.000
1171 0.623 1.000 1.000
1172 0.624 1.000 1.000
1173 0.625 1.000 1.000
1174 0.625 1.000 1.000
1175 0.625 1.000 1.000
1176 0.625 1.000 1.000
1177 0.626 1.000 1.000
1178 0.627 1.000 1.000
1179 0.627 1.000 1.000
1180 0.628 1.000 1.000
1181 0.628 1.000 1.000
1182 0.628 1.000 1.000
1183 0.628 1.000 1.000
1184 0.629 1.000 1.000
1185 0.632 1.000 1.000
1186 0.633 1.000 1.000
1187 0.633 1.000 1.000
1188 0.634 1.000 1.000
1189 0.635 1.000 1.000
1190 0.635 1.000 1.000
1191 0.635 1.000 1.000
1192 0.636 1.000 1.000
1193 0.636 1.000 1.000
1194 0.636 1.000 1.000
1195 0.637 1.000 1.000
1196 0.637 1.000 1.000
1197 0.637 1.000 1.000
1198 0.637 1.000 1.000
1199 0.637 1.000 1.000
1200 0.637 1.000 1.000
1201 0.639 1.000 1.000
1202 0.639 1.000 1.000
1203 0.639 1.000 1.000
1204 0.639 1.000 1.000
1205 0.640 1.000 1.000
1206 0.640 1.000 1.000
1207 0.640 1.000 1.000
1208 0.640 1.000 1.000
1209 0.640 1.000 1.000
1210 0.640 1.000 1.000
1211 0.641 1.000 1.000
1212 0.641 1.000 1.000
1213 0.642 1.000 1.000
1214 0.642 1.000 1.000
1215 0.642 1.000 1.000
1216 0.642 1.000 1.000
1217 0.642 1.000 1.000
1218 0.643 1.000 1.000
1219 0.643 1.000 1.000
1220 0.643 1.000 1.000
1221 0.644 1.000 1.000
1222 0.644 1.000 1.000
1223 0.644 1.000 1.000
1224 0.645 1.000 1.000
1225 0.645 1.000 1.000
1226 0.645 1.000 1.000
1227 0.645 1.000 1.000
1228 0.646 1.000 1.000
1229 0.646 1.000 1.000
1230 0.647 1.000 1.000
1231 0.647 1.000 1.000
1232 0.648 1.000 1.000
1233 0.648 1.000 1.000
1234 0.648 1.000 1.000
1235 0.650 1.000 1.000
1236 0.650 1.000 1.000
1237 0.650 1.000 1.000
1238 0.651 1.000 1.000
1239 0.651 1.000 1.000
1240 0.651 1.000 1.000
1241 0.652 1.000 1.000
1242 0.653 1.000 1.000
1243 0.653 1.000 1.000
1244 0.654 1.000 1.000
1245 0.654 1.000 1.000
1246 0.654 1.000 1.000
1247 0.654 1.000 1.000
1248 0.654 1.000 1.000
1249 0.654 1.000 1.000
1250 0.655 1.000 1.000
1251 0.655 1.000 1.000
1252 0.655 1.000 1.000
1253 0.655 1.000 1.000
1254 0.656 1.000 1.000
1255 0.656 1.000 1.000
1256 0.656 1.000 1.000
1257 0.656 1.000 1.000
1258 0.656 1.000 1.000
1259 0.657 1.000 1.000
1260 0.657 1.000 1.000
1261 0.657 1.000 1.000
1262 0.658 1.000 1.000
1263 0.659 1.000 1.000
1264 0.660 1.000 1.000
1265 0.661 1.000 1.000
1266 0.662 1.000 1.000
1267 0.662 1.000 1.000
1268 0.662 1.000 1.000
1269 0.662 1.000 1.000
1270 0.663 1.000 1.000
1271 0.664 1.000 1.000
1272 0.664 1.000 1.000
1273 0.664 1.000 1.000
1274 0.664 1.000 1.000
1275 0.665 1.000 1.000
1276 0.666 1.000 1.000
1277 0.666 1.000 1.000
1278 0.667 1.000 1.000
1279 0.667 1.000 1.000
1280 0.667 1.000 1.000
1281 0.668 1.000 1.000
1282 0.669 1.000 1.000
1283 0.669 1.000 1.000
1284 0.670 1.000 1.000
1285 0.670 1.000 1.000
1286 0.670 1.000 1.000
1287 0.670 1.000 1.000
1288 0.672 1.000 1.000
1289 0.672 1.000 1.000
1290 0.673 1.000 1.000
1291 0.675 1.000 1.000
1292 0.675 1.000 1.000
1293 0.675 1.000 1.000
1294 0.676 1.000 1.000
1295 0.678 1.000 1.000
1296 0.679 1.000 1.000
1297 0.680 1.000 1.000
1298 0.682 1.000 1.000
1299 0.682 1.000 1.000
1300 0.682 1.000 1.000
1301 0.682 1.000 1.000
1302 0.683 1.000 1.000
1303 0.684 1.000 1.000
1304 0.684 1.000 1.000
1305 0.684 1.000 1.000
1306 0.684 1.000 1.000
1307 0.685 1.000 1.000
1308 0.685 1.000 1.000
1309 0.685 1.000 1.000
1310 0.686 1.000 1.000
1311 0.687 1.000 1.000
1312 0.687 1.000 1.000
1313 0.688 1.000 1.000
1314 0.689 1.000 1.000
1315 0.689 1.000 1.000
1316 0.689 1.000 1.000
1317 0.690 1.000 1.000
1318 0.690 1.000 1.000
1319 0.690 1.000 1.000
1320 0.691 1.000 1.000
1321 0.692 1.000 1.000
1322 0.693 1.000 1.000
1323 0.693 1.000 1.000
1324 0.693 1.000 1.000
1325 0.694 1.000 1.000
1326 0.694 1.000 1.000
1327 0.694 1.000 1.000
1328 0.695 1.000 1.000
1329 0.695 1.000 1.000
1330 0.697 1.000 1.000
1331 0.698 1.000 1.000
1332 0.699 1.000 1.000
1333 0.700 1.000 1.000
1334 0.701 1.000 1.000
1335 0.701 1.000 1.000
1336 0.703 1.000 1.000
1337 0.707 1.000 1.000
1338 0.707 1.000 1.000
1339 0.707 1.000 1.000
1340 0.709 1.000 1.000
1341 0.710 1.000 1.000
1342 0.710 1.000 1.000
1343 0.712 1.000 1.000
1344 0.712 1.000 1.000
1345 0.713 1.000 1.000
1346 0.715 1.000 1.000
1347 0.715 1.000 1.000
1348 0.720 1.000 1.000
1349 0.722 1.000 1.000
1350 0.722 1.000 1.000
1351 0.723 1.000 1.000
1352 0.723 1.000 1.000
1353 0.723 1.000 1.000
1354 0.725 1.000 1.000
1355 0.725 1.000 1.000
1356 0.725 1.000 1.000
1357 0.726 1.000 1.000
1358 0.727 1.000 1.000
1359 0.727 1.000 1.000
1360 0.727 1.000 1.000
1361 0.727 1.000 1.000
1362 0.728 1.000 1.000
1363 0.728 1.000 1.000
1364 0.730 1.000 1.000
1365 0.731 1.000 1.000
1366 0.731 1.000 1.000
1367 0.734 1.000 1.000
1368 0.734 1.000 1.000
1369 0.734 1.000 1.000
1370 0.735 1.000 1.000
1371 0.735 1.000 1.000
1372 0.736 1.000 1.000
1373 0.737 1.000 1.000
1374 0.739 1.000 1.000
1375 0.742 1.000 1.000
1376 0.743 1.000 1.000
1377 0.747 1.000 1.000
1378 0.747 1.000 1.000
1379 0.747 1.000 1.000
1380 0.751 1.000 1.000
1381 0.752 1.000 1.000
1382 0.756 1.000 1.000
1383 0.767 1.000 1.000
1384 0.769 1.000 1.000
1385 0.771 1.000 1.000
1386 0.775 1.000 1.000
1387 0.776 1.000 1.000
1388 0.777 1.000 1.000
1389 0.778 1.000 1.000
1390 0.778 1.000 1.000
1391 0.778 1.000 1.000
1392 0.779 1.000 1.000
1393 0.781 1.000 1.000
1394 0.786 1.000 1.000
1395 0.787 1.000 1.000
1396 0.793 1.000 1.000
1397 0.793 1.000 1.000
1398 0.794 1.000 1.000
1399 0.794 1.000 1.000
1400 0.795 1.000 1.000
1401 0.795 1.000 1.000
1402 0.795 1.000 1.000
1403 0.795 1.000 1.000
1404 0.796 1.000 1.000
1405 0.802 1.000 1.000
1406 0.806 1.000 1.000
1407 0.807 1.000 1.000
1408 0.807 1.000 1.000
1409 0.808 1.000 1.000
1410 0.809 1.000 1.000
1411 0.810 1.000 1.000
1412 0.812 1.000 1.000
1413 0.813 1.000 1.000
1414 0.813 1.000 1.000
1415 0.817 1.000 1.000
1416 0.819 1.000 1.000
1417 0.822 1.000 1.000
1418 0.822 1.000 1.000
1419 0.824 1.000 1.000
1420 0.824 1.000 1.000
1421 0.824 1.000 1.000
1422 0.827 1.000 1.000
1423 0.828 1.000 1.000
1424 0.829 1.000 1.000
1425 0.832 1.000 1.000
1426 0.832 1.000 1.000
1427 0.837 1.000 1.000
1428 0.841 1.000 1.000
1429 0.841 1.000 1.000
1430 0.850 1.000 1.000
1431 0.850 1.000 1.000
1432 0.858 1.000 1.000
1433 0.861 1.000 1.000
1434 0.870 1.000 1.000
1435 0.880 1.000 1.000
1436 0.888 1.000 1.000
1437 0.888 1.000 1.000
1438 0.889 1.000 1.000
1439 0.892 1.000 1.000
1440 0.894 1.000 1.000
1441 0.895 1.000 1.000
1442 0.903 1.000 1.000
1443 0.908 1.000 1.000
1444 0.915 1.000 1.000
1445 0.916 1.000 1.000
1446 0.920 1.000 1.000
1447 0.929 1.000 1.000
1448 0.929 1.000 1.000
1449 0.938 1.000 1.000
1450 0.941 1.000 1.000
1451 0.948 1.000 1.000
1452 0.950 1.000 1.000
1453 0.957 1.000 1.000
1454 0.972 1.000 1.000
1455 0.975 1.000 1.000
1456 0.977 1.000 1.000
1457 0.986 1.000 1.000
1458 0.986 1.000 1.000
1459 0.987 1.000 1.000
1460 0.999 1.000 1.000
1461 0.999 1.000 1.000
1462 0.999 1.000 1.000
1463 0.999 1.000 1.000
1464 0.999 1.000 1.000
1465 0.999 1.000 1.000
1466 0.999 1.000 1.000
1467 0.999 1.000 1.000
1468 0.999 1.000 1.000
1469 0.999 1.000 1.000
1470 1.000 1.000 1.000
1471 1.000 1.000 1.000
1472 1.000 1.000 1.000
1473 1.000 1.000 1.000
1474 1.000 1.000 1.000
1475 1.000 1.000 1.000
1476 1.000 1.000 1.000
1477 1.000 1.000 1.000
1478 1.000 1.000 1.000
1479 1.000 1.000 1.000
1480 1.000 1.000 1.000
1481 1.000 1.000 1.000
1482 1.000 1.000 1.000
1483 1.000 1.000 1.000
1484 1.000 1.000 1.000
1485 1.000 1.000 1.000
1486 1.000 1.000 1.000
1487 1.000 1.000 1.000
1488 1.000 1.000 1.000
1489 1.000 1.000 1.000
1490 1.000 1.000 1.000
1491 1.000 1.000 1.000
1492 1.000 1.000 1.000
1493 1.000 1.000 1.000
1494 1.000 1.000 1.000
1495 1.000 1.000 1.000
1496 1.000 1.000 1.000
1497 1.000 1.000 1.000
1498 1.000 1.000 1.000
1499 1.000 1.000 1.000
1500 1.000 1.000 1.000
1501 1.000 1.000 1.000
1502 1.000 1.000 1.000
1503 1.000 1.000 1.000
1504 1.000 1.000 1.000
1505 1.000 1.000 1.000
1506 1.000 1.000 1.000
1507 1.000 1.000 1.000
1508 1.000 1.000 1.000
1509 1.000 1.000 1.000
1510 1.000 1.000 1.000
1511 1.000 1.000 1.000
1512 1.000 1.000 1.000
1513 1.000 1.000 1.000
1514 1.000 1.000 1.000
1515 1.000 1.000 1.000
1516 1.000 1.000 1.000
1517 1.000 1.000 1.000
1518 1.000 1.000 1.000
1519 1.000 1.000 1.000
1520 1.000 1.000 1.000
1521 1.000 1.000 1.000
1522 1.000 1.000 1.000
1523 1.000 1.000 1.000
1524 1.000 1.000 1.000
1525 1.000 1.000 1.000
1526 1.000 1.000 1.000
1527 1.000 1.000 1.000
1528 1.000 1.000 1.000
1529 1.000 1.000 1.000
1530 1.000 1.000 1.000
1531 1.000 1.000 1.000
1532 1.000 1.000 1.000
1533 1.000 1.000 1.000
1534 1.000 1.000 1.000
1535 1.000 1.000 1.000
1536 1.000 1.000 1.000
1537 1.000 1.000 1.000
1538 1.000 1.000 1.000
1539 1.000 1.000 1.000
1540 1.000 1.000 1.000
1541 1.000 1.000 1.000
1542 1.000 1.000 1.000
1543 1.000 1.000 1.000
1544 1.000 1.000 1.000
1545 1.000 1.000 1.000
1546 1.000 1.000 1.000
1547 1.000 1.000 1.000
1548 1.000 1.000 1.000
1549 1.000 1.000 1.000
1550 1.000 1.000 1.000
1551 1.000 1.000 1.000
1552 1.000 1.000 1.000
1553 1.000 1.000 1.000
1554 1.000 1.000 1.000
1555 1.000 1.000 1.000
1556 1.000 1.000 1.000
1557 1.000 1.000 1.000
1558 1.000 1.000 1.000
1559 1.000 1.000 1.000
1560 1.000 1.000 1.000
1561 1.000 1.000 1.000
1562 1.000 1.000 1.000
1563 1.000 1.000 1.000
1564 1.000 1.000 1.000
1565 1.000 1.000 1.000
1566 1.000 1.000 1.000
1567 1.000 1.000 1.000
1568 1.000 1.000 1.000
1569 1.000 1.000 1.000
1570 1.000 1.000 1.000
1571 1.000 1.000 1.000
1572 1.000 1.000 1.000
1573 1.000 1.000 1.000
1574 1.000 1.000 1.000
1575 1.000 1.000 1.000
1576 1.000 1.000 1.000
1577 1.000 1.000 1.000
1578 1.000 1.000 1.000
1579 1.000 1.000 1.000
1580 1.000 1.000 1.000
1581 1.000 1.000 1.000
1582 1.000 1.000 1.000
1583 1.000 1.000 1.000
1584 1.000 1.000 1.000
1585 1.000 1.000 1.000
1586 1.000 1.000 1.000
1587 1.000 1.000 1.000
1588 1.000 1.000 1.000
1589 1.000 1.000 1.000
1590 1.000 1.000 1.000
1591 1.000 1.000 1.000
1592 1.000 1.000 1.000
1593 1.000 1.000 1.000
1594 1.000 1.000 1.000
1595 1.000 1.000 1.000
1596 1.000 1.000 1.000
1597 1.000 1.000 1.000
1598 1.000 1.000 1.000
1599 1.000 1.000 1.000
1600 1.000 1.000 1.000
1601 1.000 1.000 1.000
1602 1.000 1.000 1.000
1603 1.000 1.000 1.000
1604 1.000 1.000 1.000
1605 1.000 1.000 1.000
1606 1.000 1.000 1.000
1607 1.000 1.000 1.000
1608 1.000 1.000 1.000
1609 1.000 1.000 1.000
1610 1.000 1.000 1.000
1611 1.000 1.000 1.000
1612 1.000 1.000 1.000
1613 1.000 1.000 1.000
1614 1.000 1.000 1.000
1615 1.000 1.000 1.000
1616 1.000 1.000 1.000
1617 1.000 1.000 1.000
1618 1.000 1.000 1.000
1619 1.000 1.000 1.000
1620 1.000 1.000 1.000
1621 1.000 1.000 1.000
1622 1.000 1.000 1.000
1623 1.000 1.000 1.000
1624 1.000 1.000 1.000
1625 1.000 1.000 1.000
1626 1.000 1.000 1.000
1627 1.000 1.000 1.000
1628 1.000 1.000 1.000
1629 1.000 1.000 1.000
1630 1.000 1.000 1.000
1631 1.000 1.000 1.000
1632 1.000 1.000 1.000
1633 1.000 1.000 1.000
1634 1.000 1.000 1.000
1635 1.000 1.000 1.000
1636 1.000 1.000 1.000
1637 1.000 1.000 1.000
1638 1.000 1.000 1.000
1639 1.000 1.000 1.000
1640 1.000 1.000 1.000
1641 1.000 1.000 1.000
1642 1.000 1.000 1.000
1643 1.000 1.000 1.000
1644 1.000 1.000 1.000
1645 1.000 1.000 1.000
1646 1.000 1.000 1.000
1647 1.000 1.000 1.000
1648 1.000 1.000 1.000
1649 1.000 1.000 1.000
1650 1.000 1.000 1.000
1651 1.000 1.000 1.000
1652 1.000 1.000 1.000
1653 1.000 1.000 1.000
1654 1.000 1.000 1.000
1655 1.000 1.000 1.000
1656 1.000 1.000 1.000
1657 1.000 1.000 1.000
1658 1.000 1.000 1.000
1659 1.000 1.000 1.000
1660 1.000 1.000 1.000
1661 1.000 1.000 1.000
1662 1.000 1.000 1.000
1663 1.000 1.000 1.000
1664 1.000 1.000 1.000
1665 1.000 1.000 1.000
1666 1.000 1.000 1.000
1667 1.000 1.000 1.000
1668 1.000 1.000 1.000
1669 1.000 1.000 1.000
1670 1.000 1.000 1.000
1671 1.000 1.000 1.000
1672 1.000 1.000 1.000
1673 1.000 1.000 1.000
1674 1.000 1.000 1.000
1675 1.000 1.000 1.000
1676 1.000 1.000 1.000
1677 1.000 1.000 1.000
1678 1.000 1.000 1.000
1679 1.000 1.000 1.000
1680 1.000 1.000 1.000
1681 1.000 1.000 1.000
1682 1.000 1.000 1.000
1683 1.000 1.000 1.000
1684 1.000 1.000 1.000
1685 1.000 1.000 1.000
1686 1.000 1.000 1.000
1687 1.000 1.000 1.000
1688 1.000 1.000 1.000
1689 1.000 1.000 1.000
1690 1.000 1.000 1.000
1691 1.000 1.000 1.000
1692 1.000 1.000 1.000
1693 1.000 1.000 1.000
1694 1.000 1.000 1.000
1695 1.000 1.000 1.000
1696 1.000 1.000 1.000
1697 1.000 1.000 1.000
1698 1.000 1.000 1.000
1699 1.000 1.000 1.000
1700 1.000 1.000 1.000
1701 1.000 1.000 1.000
1702 1.000 1.000 1.000
1703 1.000 1.000 1.000
1704 1.000 1.000 1.000
1705 1.000 1.000 1.000
1706 1.000 1.000 1.000
1707 1.000 1.000 1.000
1708 1.000 1.000 1.000
1709 1.000 1.000 1.000
1710 1.000 1.000 1.000
1711 1.000 1.000 1.000
1712 1.000 1.000 1.000
1713 1.000 1.000 1.000
1714 1.000 1.000 1.000
1715 1.000 1.000 1.000
1716 1.000 1.000 1.000
1717 1.000 1.000 1.000
1718 1.000 1.000 1.000
1719 1.000 1.000 1.000
1720 1.000 1.000 1.000
1721 1.000 1.000 1.000
1722 1.000 1.000 1.000
1723 1.000 1.000 1.000
1724 1.000 1.000 1.000
1725 1.000 1.000 1.000
1726 1.000 1.000 1.000
1727 1.000 1.000 1.000
1728 1.000 1.000 1.000
1729 1.000 1.000 1.000
1730 1.000 1.000 1.000
1731 1.000 1.000 1.000
1732 1.000 1.000 1.000
1733 1.000 1.000 1.000
1734 1.000 1.000 1.000
1735 1.000 1.000 1.000
1736 1.000 1.000 1.000
1737 1.000 1.000 1.000
1738 1.000 1.000 1.000
1739 1.000 1.000 1.000
1740 1.000 1.000 1.000
1741 1.000 1.000 1.000
1742 1.000 1.000 1.000
1743 1.000 1.000 1.000
1744 1.000 1.000 1.000
1745 1.000 1.000 1.000
1746 1.000 1.000 1.000
1747 1.000 1.000 1.000
1748 1.000 1.000 1.000
1749 1.000 1.000 1.000
1750 1.000 1.000 1.000
1751 1.000 1.000 1.000
1752 1.000 1.000 1.000
1753 1.000 1.000 1.000
1754 1.000 1.000 1.000
1755 1.000 1.000 1.000
1756 1.000 1.000 1.000
1757 1.000 1.000 1.000
1758 1.000 1.000 1.000
1759 1.000 1.000 1.000
1760 1.000 1.000 1.000
1761 1.000 1.000 1.000
1762 1.000 1.000 1.000
1763 1.000 1.000 1.000
1764 1.000 1.000 1.000
1765 1.000 1.000 1.000
1766 1.000 1.000 1.000
1767 1.000 1.000 1.000
1768 1.000 1.000 1.000
1769 1.000 1.000 1.000
1770 1.000 1.000 1.000
1771 1.000 1.000 1.000
1772 1.000 1.000 1.000
1773 1.000 1.000 1.000
1774 1.000 1.000 1.000
1775 1.000 1.000 1.000
1776 1.000 1.000 1.000
1777 1.000 1.000 1.000
1778 1.000 1.000 1.000
1779 1.000 1.000 1.000
1780 1.000 1.000 1.000
1781 1.000 1.000 1.000
1782 1.000 1.000 1.000
1783 1.000 1.000 1.000
1784 1.000 1.000 1.000
1785 1.000 1.000 1.000
1786 1.000 1.000 1.000
1787 1.000 1.000 1.000
1788 1.000 1.000 1.000
1789 1.000 1.000 1.000
1790 1.000 1.000 1.000
1791 1.000 1.000 1.000
1792 1.000 1.000 1.000
1793 1.000 1.000 1.000
1794 1.000 1.000 1.000
1795 1.000 1.000 1.000
1796 1.000 1.000 1.000
1797 1.000 1.000 1.000
1798 1.000 1.000 1.000
1799 1.000 1.000 1.000
1800 1.000 1.000 1.000
1801 1.000 1.000 1.000
1802 1.000 1.000 1.000
1803 1.000 1.000 1.000
1804 1.000 1.000 1.000
1805 1.000 1.000 1.000
1806 1.000 1.000 1.000
1807 1.000 1.000 1.000
1808 1.000 1.000 1.000
1809 1.000 1.000 1.000
1810 1.000 1.000 1.000
1811 1.000 1.000 1.000
1812 1.000 1.000 1.000
1813 1.000 1.000 1.000
1814 1.000 1.000 1.000
1815 1.000 1.000 1.000
1816 1.000 1.000 1.000
1817 1.000 1.000 1.000
1818 1.000 1.000 1.000
1819 1.000 1.000 1.000
1820 1.000 1.000 1.000
1821 1.000 1.000 1.000
1822 1.000 1.000 1.000
1823 1.000 1.000 1.000
1824 1.000 1.000 1.000
1825 1.000 1.000 1.000
1826 1.000 1.000 1.000
1827 1.000 1.000 1.000
1828 1.000 1.000 1.000
1829 1.000 1.000 1.000
1830 1.000 1.000 1.000
1831 1.000 1.000 1.000
1832 1.000 1.000 1.000
1833 1.000 1.000 1.000
1834 1.000 1.000 1.000
1835 1.000 1.000 1.000
1836 1.000 1.000 1.000
1837 1.000 1.000 1.000
1838 1.000 1.000 1.000
1839 1.000 1.000 1.000
1840 1.000 1.000 1.000
1841 1.000 1.000 1.000
1842 1.000 1.000 1.000
1843 1.000 1.000 1.000
1844 1.000 1.000 1.000
1845 1.000 1.000 1.000
1846 1.000 1.000 1.000
1847 1.000 1.000 1.000
1848 1.000 1.000 1.000
1849 1.000 1.000 1.000
1850 1.000 1.000 1.000
1851 1.000 1.000 1.000
1852 1.000 1.000 1.000
1853 1.000 1.000 1.000
1854 1.000 1.000 1.000
1855 1.000 1.000 1.000
1856 1.000 1.000 1.000
1857 1.000 1.000 1.000
1858 1.000 1.000 1.000
1859 1.000 1.000 1.000
1860 1.000 1.000 1.000
1861 1.000 1.000 1.000
1862 1.000 1.000 1.000
1863 1.000 1.000 1.000
1864 1.000 1.000 1.000
1865 1.000 1.000 1.000
1866 1.000 1.000 1.000
1867 1.000 1.000 1.000
1868 1.000 1.000 1.000
1869 1.000 1.000 1.000
1870 1.000 1.000 1.000
1871 1.000 1.000 1.000
1872 1.000 1.000 1.000
1873 1.000 1.000 1.000
1874 1.000 1.000 1.000
1875 1.000 1.000 1.000
1876 1.000 1.000 1.000
1877 1.000 1.000 1.000
1878 1.000 1.000 1.000
1879 1.000 1.000 1.000
1880 1.000 1.000 1.000
1881 1.000 1.000 1.000
1882 1.000 1.000 1.000
1883 1.000 1.000 1.000
1884 1.000 1.000 1.000
1885 1.000 1.000 1.000
1886 1.000 1.000 1.000
1887 1.000 1.000 1.000
1888 1.000 1.000 1.000
1889 1.000 1.000 1.000
1890 1.000 1.000 1.000
1891 1.000 1.000 1.000
1892 1.000 1.000 1.000
1893 1.000 1.000 1.000
1894 1.000 1.000 1.000
1895 1.000 1.000 1.000
1896 1.000 1.000 1.000
1897 1.000 1.000 1.000
1898 1.000 1.000 1.000
1899 1.000 1.000 1.000
1900 1.000 1.000 1.000
1901 1.000 1.000 1.000
1902 1.000 1.000 1.000
1903 1.000 1.000 1.000
1904 1.000 1.000 1.000
1905 1.000 1.000 1.000
1906 1.000 1.000 1.000
1907 1.000 1.000 1.000
1908 1.000 1.000 1.000
1909 1.000 1.000 1.000
1910 1.000 1.000 1.000
1911 1.000 1.000 1.000
1912 1.000 1.000 1.000
1913 1.000 1.000 1.000
1914 1.000 1.000 1.000
1915 1.000 1.000 1.000
1916 1.000 1.000 1.000
1917 1.000 1.000 1.000
1918 1.000 1.000 1.000
1919 1.000 1.000 1.000
1920 1.000 1.000 1.000
1921 1.000 1.000 1.000
1922 1.000 1.000 1.000
1923 1.000 1.000 1.000
1924 1.000 1.000 1.000
1925 1.000 1.000 1.000
1926 1.000 1.000 1.000
1927 1.000 1.000 1.000
1928 1.000 1.000 1.000
1929 1.000 1.000 1.000
1930 1.000 1.000 1.000
1931 1.000 1.000 1.000
1932 1.000 1.000 1.000
1933 1.000 1.000 1.000
1934 1.000 1.000 1.000
1935 1.000 1.000 1.000
1936 1.000 1.000 1.000
1937 1.000 1.000 1.000
1938 1.000 1.000 1.000
1939 1.000 1.000 1.000
1940 1.000 1.000 1.000
1941 1.000 1.000 1.000
1942 1.000 1.000 1.000
1943 1.000 1.000 1.000
1944 1.000 1.000 1.000
1945 1.000 1.000 1.000
1946 1.000 1.000 1.000
1947 1.000 1.000 1.000
1948 1.000 1.000 1.000
1949 1.000 1.000 1.000
1950 1.000 1.000 1.000
1951 1.000 1.000 1.000
1952 1.000 1.000 1.000
1953 1.000 1.000 1.000
1954 1.000 1.000 1.000
1955 1.000 1.000 1.000
1956 1.000 1.000 1.000
1957 1.000 1.000 1.000
1958 1.000 1.000 1.000
1959 1.000 1.000 1.000
1960 1.000 1.000 1.000
1961 1.000 1.000 1.000
1962 1.000 1.000 1.000
1963 1.000 1.000 1.000
1964 1.000 1.000 1.000
1965 1.000 1.000 1.000
1966 1.000 1.000 1.000
1967 1.000 1.000 1.000
1968 1.000 1.000 1.000
1969 1.000 1.000 1.000
1970 1.000 1.000 1.000
1971 1.000 1.000 1.000
1972 1.000 1.000 1.000
1973 1.000 1.000 1.000
1974 1.000 1.000 1.000
1975 1.000 1.000 1.000
1976 1.000 1.000 1.000
1977 1.000 1.000 1.000
1978 1.000 1.000 1.000
1979 1.000 1.000 1.000
1980 1.000 1.000 1.000
1981 1.000 1.000 1.000
1982 1.000 1.000 1.000
1983 1.000 1.000 1.000
1984 1.000 1.000 1.000
1985 1.000 1.000 1.000
1986 1.000 1.000 1.000
1987 1.000 1.000 1.000
1988 1.000 1.000 1.000
1989 1.000 1.000 1.000
1990 1.000 1.000 1.000
1991 1.000 1.000 1.000
1992 1.000 1.000 1.000
1993 1.000 1.000 1.000
1994 1.000 1.000 1.000
1995 1.000 1.000 1.000
1996 1.000 1.000 1.000
1997 1.000 1.000 1.000
1998 1.000 1.000 1.000
1999 1.000 1.000 1.000
2000 1.000 1.000 1.000
2001 1.000 1.000 1.000
2002 1.000 1.000 1.000
2003 1.000 1.000 1.000
2004 1.000 1.000 1.000
2005 1.000 1.000 1.000
2006 1.000 1.000 1.000
2007 1.000 1.000 1.000
2008 1.000 1.000 1.000
2009 1.000 1.000 1.000
2010 1.000 1.000 1.000
2011 1.000 1.000 1.000
2012 1.000 1.000 1.000
2013 1.000 1.000 1.000
2014 1.000 1.000 1.000
2015 1.000 1.000 1.000
2016 1.000 1.000 1.000
2017 1.000 1.000 1.000
2018 1.000 1.000 1.000
2019 1.000 1.000 1.000
2020 1.000 1.000 1.000
2021 1.000 1.000 1.000
2022 1.000 1.000 1.000
2023 1.000 1.000 1.000
2024 1.000 1.000 1.000
2025 1.000 1.000 1.000
2026 1.000 1.000 1.000
2027 1.000 1.000 1.000
2028 1.000 1.000 1.000
2029 1.000 1.000 1.000
2030 1.000 1.000 1.000
2031 1.000 1.000 1.000
2032 1.000 1.000 1.000
2033 1.000 1.000 1.000
2034 1.000 1.000 1.000
2035 1.000 1.000 1.000
2036 1.000 1.000 1.000
2037 1.000 1.000 1.000
2038 1.000 1.000 1.000
2039 1.000 1.000 1.000
2040 1.000 1.000 1.000
2041 1.000 1.000 1.000
2042 1.000 1.000 1.000
2043 1.000 1.000 1.000
2044 1.000 1.000 1.000
2045 1.000 1.000 1.000
2046 1.000 1.000 1.000
2047 1.000 1.000 1.000
2048 1.000 1.000 1.000
2049 1.000 1.000 1.000
2050 1.000 1.000 1.000
2051 1.000 1.000 1.000
2052 1.000 1.000 1.000
2053 1.000 1.000 1.000
2054 1.000 1.000 1.000
2055 1.000 1.000 1.000
2056 1.000 1.000 1.000
2057 1.000 1.000 1.000
2058 1.000 1.000 1.000
2059 1.000 1.000 1.000
2060 1.000 1.000 1.000
2061 1.000 1.000 1.000
2062 1.000 1.000 1.000
2063 1.000 1.000 1.000
2064 1.000 1.000 1.000
2065 1.000 1.000 1.000
2066 1.000 1.000 1.000
2067 1.000 1.000 1.000
2068 1.000 1.000 1.000
2069 1.000 1.000 1.000
2070 1.000 1.000 1.000
2071 1.000 1.000 1.000
2072 1.000 1.000 1.000
2073 1.000 1.000 1.000
2074 1.000 1.000 1.000
2075 1.000 1.000 1.000
2076 1.000 1.000 1.000
2077 1.000 1.000 1.000
2078 1.000 1.000 1.000
2079 1.000 1.000 1.000
2080 1.000 1.000 1.000
2081 1.000 1.000 1.000
2082 1.000 1.000 1.000
2083 1.000 1.000 1.000
2084 1.000 1.000 1.000
2085 1.000 1.000 1.000
2086 1.000 1.000 1.000
2087 1.000 1.000 1.000
2088 1.000 1.000 1.000
2089 1.000 1.000 1.000
2090 1.000 1.000 1.000
2091 1.000 1.000 1.000
2092 1.000 1.000 1.000
2093 1.000 1.000 1.000
2094 1.000 1.000 1.000
2095 1.000 1.000 1.000
2096 1.000 1.000 1.000
2097 1.000 1.000 1.000
2098 1.000 1.000 1.000
2099 1.000 1.000 1.000
2100 1.000 1.000 1.000
2101 1.000 1.000 1.000
2102 1.000 1.000 1.000
2103 1.000 1.000 1.000
2104 1.000 1.000 1.000
2105 1.000 1.000 1.000
2106 1.000 1.000 1.000
2107 1.000 1.000 1.000
2108 1.000 1.000 1.000
2109 1.000 1.000 1.000
2110 1.000 1.000 1.000
2111 1.000 1.000 1.000
2112 1.000 1.000 1.000
2113 1.000 1.000 1.000
2114 1.000 1.000 1.000
2115 1.000 1.000 1.000
2116 1.000 1.000 1.000
2117 1.000 1.000 1.000
2118 1.000 1.000 1.000
2119 1.000 1.000 1.000
2120 1.000 1.000 1.000
2121 1.000 1.000 1.000
2122 1.000 1.000 1.000
2123 1.000 1.000 1.000
2124 1.000 1.000 1.000
2125 1.000 1.000 1.000
2126 1.000 1.000 1.000
2127 1.000 1.000 1.000
2128 1.000 1.000 1.000
2129 1.000 1.000 1.000
2130 1.000 1.000 1.000
2131 1.000 1.000 1.000
2132 1.000 1.000 1.000
2133 1.000 1.000 1.000
2134 1.000 1.000 1.000
2135 1.000 1.000 1.000
2136 1.000 1.000 1.000
2137 1.000 1.000 1.000
2138 1.000 1.000 1.000
2139 1.000 1.000 1.000
2140 1.000 1.000 1.000
2141 1.000 1.000 1.000
2142 1.000 1.000 1.000
2143 1.000 1.000 1.000
2144 1.000 1.000 1.000
2145 1.000 1.000 1.000
2146 1.000 1.000 1.000
2147 1.000 1.000 1.000
2148 1.000 1.000 1.000
2149 1.000 1.000 1.000
2150 1.000 1.000 1.000
2151 1.000 1.000 1.000
2152 1.000 1.000 1.000
2153 1.000 1.000 1.000
2154 1.000 1.000 1.000
2155 1.000 1.000 1.000
2156 1.000 1.000 1.000
2157 1.000 1.000 1.000
2158 1.000 1.000 1.000
2159 1.000 1.000 1.000
2160 1.000 1.000 1.000
2161 1.000 1.000 1.000
2162 1.000 1.000 1.000
2163 1.000 1.000 1.000
2164 1.000 1.000 1.000
2165 1.000 1.000 1.000
2166 1.000 1.000 1.000
2167 1.000 1.000 1.000
2168 1.000 1.000 1.000
2169 1.000 1.000 1.000
2170 1.000 1.000 1.000
2171 1.000 1.000 1.000
2172 1.000 1.000 1.000
2173 1.000 1.000 1.000
2174 1.000 1.000 1.000
2175 1.000 1.000 1.000
2176 1.000 1.000 1.000
2177 1.000 1.000 1.000
2178 1.000 1.000 1.000
2179 1.000 1.000 1.000
2180 1.000 1.000 1.000
2181 1.000 1.000 1.000
2182 1.000 1.000 1.000
2183 1.000 1.000 1.000
2184 1.000 1.000 1.000
2185 1.000 1.000 1.000
2186 1.000 1.000 1.000
2187 1.000 1.000 1.000
2188 1.000 1.000 1.000
2189 1.000 1.000 1.000
2190 1.000 1.000 1.000
2191 1.000 1.000 1.000
2192 1.000 1.000 1.000
2193 1.000 1.000 1.000
2194 1.000 1.000 1.000
2195 1.000 1.000 1.000
2196 1.000 1.000 1.000
2197 1.000 1.000 1.000
2198 1.000 1.000 1.000
2199 1.000 1.000 1.000
2200 1.000 1.000 1.000
2201 1.000 1.000 1.000
2202 1.000 1.000 1.000
2203 1.000 1.000 1.000
2204 1.000 1.000 1.000
2205 1.000 1.000 1.000
2206 1.000 1.000 1.000
2207 1.000 1.000 1.000
2208 1.000 1.000 1.000
2209 1.000 1.000 1.000
2210 1.000 1.000 1.000
2211 1.000 1.000 1.000
2212 1.000 1.000 1.000
2213 1.000 1.000 1.000
2214 1.000 1.000 1.000
2215 1.000 1.000 1.000
2216 1.000 1.000 1.000
2217 1.000 1.000 1.000
2218 1.000 1.000 1.000
2219 1.000 1.000 1.000
2220 1.000 1.000 1.000
2221 1.000 1.000 1.000
2222 1.000 1.000 1.000
2223 1.000 1.000 1.000
2224 1.000 1.000 1.000
2225 1.000 1.000 1.000
2226 1.000 1.000 1.000
2227 1.000 1.000 1.000
2228 1.000 1.000 1.000
2229 1.000 1.000 1.000
2230 1.000 1.000 1.000
2231 1.000 1.000 1.000
2232 1.000 1.000 1.000
2233 1.000 1.000 1.000
2234 1.000 1.000 1.000
2235 1.000 1.000 1.000
2236 1.000 1.000 1.000
2237 1.000 1.000 1.000
2238 1.000 1.000 1.000
2239 1.000 1.000 1.000
2240 1.000 1.000 1.000
2241 1.000 1.000 1.000
2242 1.000 1.000 1.000
2243 1.000 1.000 1.000
2244 1.000 1.000 1.000
2245 1.000 1.000 1.000
2246 1.000 1.000 1.000
2247 1.000 1.000 1.000
2248 1.000 1.000 1.000
2249 1.000 1.000 1.000
2250 1.000 1.000 1.000
2251 1.000 1.000 1.000
2252 1.000 1.000 1.000
2253 1.000 1.000 1.000
2254 1.000 1.000 1.000
2255 1.000 1.000 1.000
2256 1.000 1.000 1.000
2257 1.000 1.000 1.000
2258 1.000 1.000 1.000
2259 1.000 1.000 1.000
2260 1.000 1.000 1.000
2261 1.000 1.000 1.000
2262 1.000 1.000 1.000
2263 1.000 1.000 1.000
2264 1.000 1.000 1.000
2265 1.000 1.000 1.000
2266 1.000 1.000 1.000
2267 1.000 1.000 1.000
2268 1.000 1.000 1.000
2269 1.000 1.000 1.000
2270 1.000 1.000 1.000
2271 1.000 1.000 1.000
2272 1.000 1.000 1.000
2273 1.000 1.000 1.000
2274 1.000 1.000 1.000
2275 1.000 1.000 1.000
2276 1.000 1.000 1.000
2277 1.000 1.000 1.000
2278 1.000 1.000 1.000
2279 1.000 1.000 1.000
2280 1.000 1.000 1.000
2281 1.000 1.000 1.000
2282 1.000 1.000 1.000
2283 1.000 1.000 1.000
2284 1.000 1.000 1.000
2285 1.000 1.000 1.000
2286 1.000 1.000 1.000
2287 1.000 1.000 1.000
2288 1.000 1.000 1.000
2289 1.000 1.000 1.000
2290 1.000 1.000 1.000
2291 1.000 1.000 1.000
2292 1.000 1.000 1.000
2293 1.000 1.000 1.000
2294 1.000 1.000 1.000
2295 1.000 1.000 1.000
2296 1.000 1.000 1.000
2297 1.000 1.000 1.000
2298 1.000 1.000 1.000
2299 1.000 1.000 1.000
2300 1.000 1.000 1.000
2301 1.000 1.000 1.000
2302 1.000 1.000 1.000
2303 1.000 1.000 1.000
2304 1.000 1.000 1.000
2305 1.000 1.000 1.000
2306 1.000 1.000 1.000
2307 1.000 1.000 1.000
2308 1.000 1.000 1.000
2309 1.000 1.000 1.000
2310 1.000 1.000 1.000
2311 1.000 1.000 1.000
2312 1.000 1.000 1.000
2313 1.000 1.000 1.000
2314 1.000 1.000 1.000
2315 1.000 1.000 1.000
2316 1.000 1.000 1.000
2317 1.000 1.000 1.000
2318 1.000 1.000 1.000
2319 1.000 1.000 1.000
2320 1.000 1.000 1.000
2321 1.000 1.000 1.000
2322 1.000 1.000 1.000
2323 1.000 1.000 1.000
2324 1.000 1.000 1.000
2325 1.000 1.000 1.000
2326 1.000 1.000 1.000
2327 1.000 1.000 1.000
2328 1.000 1.000 1.000
2329 1.000 1.000 1.000
2330 1.000 1.000 1.000
2331 1.000 1.000 1.000
2332 1.000 1.000 1.000
2333 1.000 1.000 1.000
2334 1.000 1.000 1.000
2335 1.000 1.000 1.000
2336 1.000 1.000 1.000
2337 1.000 1.000 1.000
2338 1.000 1.000 1.000
2339 1.000 1.000 1.000
2340 1.000 1.000 1.000
2341 1.000 1.000 1.000
2342 1.000 1.000 1.000
2343 1.000 1.000 1.000
2344 1.000 1.000 1.000
2345 1.000 1.000 1.000
2346 1.000 1.000 1.000
2347 1.000 1.000 1.000
2348 1.000 1.000 1.000
2349 1.000 1.000 1.000
2350 1.000 1.000 1.000
2351 1.000 1.000 1.000
2352 1.000 1.000 1.000
2353 1.000 1.000 1.000
2354 1.000 1.000 1.000
2355 1.000 1.000 1.000
2356 1.000 1.000 1.000
2357 1.000 1.000 1.000
2358 1.000 1.000 1.000
2359 1.000 1.000 1.000
2360 1.000 1.000 1.000
2361 1.000 1.000 1.000
2362 1.000 1.000 1.000
2363 1.000 1.000 1.000
2364 1.000 1.000 1.000
2365 1.000 1.000 1.000
2366 1.000 1.000 1.000
2367 1.000 1.000 1.000
2368 1.000 1.000 1.000
2369 1.000 1.000 1.000
2370 1.000 1.000 1.000
2371 1.000 1.000 1.000
2372 1.000 1.000 1.000
2373 1.000 1.000 1.000
2374 1.000 1.000 1.000
2375 1.000 1.000 1.000
2376 1.000 1.000 1.000
2377 1.000 1.000 1.000
2378 1.000 1.000 1.000
2379 1.000 1.000 1.000
2380 1.000 1.000 1.000
2381 1.000 1.000 1.000
2382 1.000 1.000 1.000
2383 1.000 1.000 1.000
2384 1.000 1.000 1.000
2385 1.000 1.000 1.000
2386 1.000 1.000 1.000
2387 1.000 1.000 1.000
2388 1.000 1.000 1.000
2389 1.000 1.000 1.000
2390 1.000 1.000 1.000
2391 1.000 1.000 1.000
2392 1.000 1.000 1.000
2393 1.000 1.000 1.000
2394 1.000 1.000 1.000
2395 1.000 1.000 1.000
2396 1.000 1.000 1.000
2397 1.000 1.000 1.000
2398 1.000 1.000 1.000
2399 1.000 1.000 1.000
2400 1.000 1.000 1.000
2401 1.000 1.000 1.000
2402 1.000 1.000 1.000
2403 1.000 1.000 1.000
2404 1.000 1.000 1.000
2405 1.000 1.000 1.000
2406 1.000 1.000 1.000
2407 1.000 1.000 1.000
2408 1.000 1.000 1.000
2409 1.000 1.000 1.000
2410 1.000 1.000 1.000
2411 1.000 1.000 1.000
2412 1.000 1.000 1.000
2413 1.000 1.000 1.000
2414 1.000 1.000 1.000
2415 1.000 1.000 1.000
2416 1.000 1.000 1.000
2417 1.000 1.000 1.000
2418 1.000 1.000 1.000
2419 1.000 1.000 1.000
2420 1.000 1.000 1.000
2421 1.000 1.000 1.000
2422 1.000 1.000 1.000
2423 1.000 1.000 1.000
2424 1.000 1.000 1.000
2425 1.000 1.000 1.000
2426 1.000 1.000 1.000
2427 1.000 1.000 1.000
2428 1.000 1.000 1.000
2429 1.000 1.000 1.000
2430 1.000 1.000 1.000
2431 1.000 1.000 1.000
2432 1.000 1.000 1.000
2433 1.000 1.000 1.000
2434 1.000 1.000 1.000
2435 1.000 1.000 1.000
2436 1.000 1.000 1.000
2437 1.000 1.000 1.000
2438 1.000 1.000 1.000
2439 1.000 1.000 1.000
2440 1.000 1.000 1.000
2441 1.000 1.000 1.000
2442 1.000 1.000 1.000
2443 1.000 1.000 1.000
2444 1.000 1.000 1.000
2445 1.000 1.000 1.000
2446 1.000 1.000 1.000
2447 1.000 1.000 1.000
2448 1.000 1.000 1.000
2449 1.000 1.000 1.000
2450 1.000 1.000 1.000
2451 1.000 1.000 1.000
2452 1.000 1.000 1.000
2453 1.000 1.000 1.000
2454 1.000 1.000 1.000
2455 1.000 1.000 1.000
2456 1.000 1.000 1.000
2457 1.000 1.000 1.000
2458 1.000 1.000 1.000
2459 1.000 1.000 1.000
2460 1.000 1.000 1.000
2461 1.000 1.000 1.000
2462 1.000 1.000 1.000
2463 1.000 1.000 1.000
2464 1.000 1.000 1.000
2465 1.000 1.000 1.000
2466 1.000 1.000 1.000
2467 1.000 1.000 1.000
2468 1.000 1.000 1.000
2469 1.000 1.000 1.000
2470 1.000 1.000 1.000
2471 1.000 1.000 1.000
2472 1.000 1.000 1.000
2473 1.000 1.000 1.000
2474 1.000 1.000 1.000
2475 1.000 1.000 1.000
2476 1.000 1.000 1.000
2477 1.000 1.000 1.000
2478 1.000 1.000 1.000
2479 1.000 1.000 1.000
2480 1.000 1.000 1.000
2481 1.000 1.000 1.000
2482 1.000 1.000 1.000
2483 1.000 1.000 1.000
2484 1.000 1.000 1.000
2485 1.000 1.000 1.000
2486 1.000 1.000 1.000
2487 1.000 1.000 1.000
2488 1.000 1.000 1.000
2489 1.000 1.000 1.000
2490 1.000 1.000 1.000
2491 1.000 1.000 1.000
2492 1.000 1.000 1.000
2493 1.000 1.000 1.000
2494 1.000 1.000 1.000
2495 1.000 1.000 1.000
2496 1.000 1.000 1.000
2497 1.000 1.000 1.000
2498 1.000 1.000 1.000
2499 1.000 1.000 1.000
2500 1.000 1.000 1.000
2501 1.000 1.000 1.000
2502 1.000 1.000 1.000
2503 1.000 1.000 1.000
2504 1.000 1.000 1.000
2505 1.000 1.000 1.000
2506 1.000 1.000 1.000
2507 1.000 1.000 1.000
2508 1.000 1.000 1.000
2509 1.000 1.000 1.000
2510 1.000 1.000 1.000
2511 1.000 1.000 1.000
2512 1.000 1.000 1.000
2513 1.000 1.000 1.000
2514 1.000 1.000 1.000
2515 1.000 1.000 1.000
2516 1.000 1.000 1.000
2517 1.000 1.000 1.000
2518 1.000 1.000 1.000
2519 1.000 1.000 1.000
2520 1.000 1.000 1.000
2521 1.000 1.000 1.000
2522 1.000 1.000 1.000
2523 1.000 1.000 1.000
2524 1.000 1.000 1.000
2525 1.000 1.000 1.000
2526 1.000 1.000 1.000
2527 1.000 1.000 1.000
2528 1.000 1.000 1.000
2529 1.000 1.000 1.000
2530 1.000 1.000 1.000
2531 1.000 1.000 1.000
2532 1.000 1.000 1.000
2533 1.000 1.000 1.000
2534 1.000 1.000 1.000
2535 1.000 1.000 1.000
2536 1.000 1.000 1.000
2537 1.000 1.000 1.000
2538 1.000 1.000 1.000
2539 1.000 1.000 1.000
2540 1.000 1.000 1.000
2541 1.000 1.000 1.000
2542 1.000 1.000 1.000
2543 1.000 1.000 1.000
2544 1.000 1.000 1.000
2545 1.000 1.000 1.000
2546 1.000 1.000 1.000
2547 1.000 1.000 1.000
2548 1.000 1.000 1.000
2549 1.000 1.000 1.000
2550 1.000 1.000 1.000
2551 1.000 1.000 1.000
2552 1.000 1.000 1.000
2553 1.000 1.000 1.000
2554 1.000 1.000 1.000
2555 1.000 1.000 1.000
2556 1.000 1.000 1.000
2557 1.000 1.000 1.000
2558 1.000 1.000 1.000
2559 1.000 1.000 1.000
2560 1.000 1.000 1.000
2561 1.000 1.000 1.000
2562 1.000 1.000 1.000
2563 1.000 1.000 1.000
2564 1.000 1.000 1.000
2565 1.000 1.000 1.000
2566 1.000 1.000 1.000
2567 1.000 1.000 1.000
2568 1.000 1.000 1.000
2569 1.000 1.000 1.000
2570 1.000 1.000 1.000
2571 1.000 1.000 1.000
2572 1.000 1.000 1.000
2573 1.000 1.000 1.000
2574 1.000 1.000 1.000
2575 1.000 1.000 1.000
2576 1.000 1.000 1.000
2577 1.000 1.000 1.000
2578 1.000 1.000 1.000
2579 1.000 1.000 1.000
2580 1.000 1.000 1.000
2581 1.000 1.000 1.000
2582 1.000 1.000 1.000
2583 1.000 1.000 1.000
2584 1.000 1.000 1.000
2585 1.000 1.000 1.000
2586 1.000 1.000 1.000
2587 1.000 1.000 1.000
2588 1.000 1.000 1.000
2589 1.000 1.000 1.000
2590 1.000 1.000 1.000
2591 1.000 1.000 1.000
2592 1.000 1.000 1.000
2593 1.000 1.000 1.000
2594 1.000 1.000 1.000
2595 1.000 1.000 1.000
2596 1.000 1.000 1.000
2597 1.000 1.000 1.000
2598 1.000 1.000 1.000
2599 1.000 1.000 1.000
2600 1.000 1.000 1.000
2601 1.000 1.000 1.000
2602 1.000 1.000 1.000
2603 1.000 1.000 1.000
2604 1.000 1.000 1.000
2605 1.000 1.000 1.000
2606 1.000 1.000 1.000
2607 1.000 1.000 1.000
2608 1.000 1.000 1.000
2609 1.000 1.000 1.000
2610 1.000 1.000 1.000
2611 1.000 1.000 1.000
2612 1.000 1.000 1.000
2613 1.000 1.000 1.000
2614 1.000 1.000 1.000
2615 1.000 1.000 1.000
2616 1.000 1.000 1.000
2617 1.000 1.000 1.000
2618 1.000 1.000 1.000
2619 1.000 1.000 1.000
2620 1.000 1.000 1.000
2621 1.000 1.000 1.000
2622 1.000 1.000 1.000
2623 1.000 1.000 1.000
2624 1.000 1.000 1.000
2625 1.000 1.000 1.000
2626 1.000 1.000 1.000
2627 1.000 1.000 1.000
2628 1.000 1.000 1.000
2629 1.000 1.000 1.000
2630 1.000 1.000 1.000
2631 1.000 1.000 1.000
2632 1.000 1.000 1.000
2633 1.000 1.000 1.000
2634 1.000 1.000 1.000
2635 1.000 1.000 1.000
2636 1.000 1.000 1.000
2637 1.000 1.000 1.000
2638 1.000 1.000 1.000
2639 1.000 1.000 1.000
2640 1.000 1.000 1.000
2641 1.000 1.000 1.000
2642 1.000 1.000 1.000
2643 1.000 1.000 1.000
2644 1.000 1.000 1.000
2645 1.000 1.000 1.000
2646 1.000 1.000 1.000
2647 1.000 1.000 1.000
2648 1.000 1.000 1.000
2649 1.000 1.000 1.000
2650 1.000 1.000 1.000
2651 1.000 1.000 1.000
2652 1.000 1.000 1.000
2653 1.000 1.000 1.000
2654 1.000 1.000 1.000
2655 1.000 1.000 1.000
2656 1.000 1.000 1.000
2657 1.000 1.000 1.000
2658 1.000 1.000 1.000
2659 1.000 1.000 1.000
2660 1.000 1.000 1.000
2661 1.000 1.000 1.000
2662 1.000 1.000 1.000
2663 1.000 1.000 1.000
2664 1.000 1.000 1.000
2665 1.000 1.000 1.000
2666 1.000 1.000 1.000
2667 1.000 1.000 1.000
2668 1.000 1.000 1.000
2669 1.000 1.000 1.000
2670 1.000 1.000 1.000
2671 1.000 1.000 1.000
2672 1.000 1.000 1.000
2673 1.000 1.000 1.000
2674 1.000 1.000 1.000
2675 1.000 1.000 1.000
2676 1.000 1.000 1.000
2677 1.000 1.000 1.000
2678 1.000 1.000 1.000
2679 1.000 1.000 1.000
2680 1.000 1.000 1.000
2681 1.000 1.000 1.000
2682 1.000 1.000 1.000
2683 1.000 1.000 1.000
2684 1.000 1.000 1.000
2685 1.000 1.000 1.000
2686 1.000 1.000 1.000
2687 1.000 1.000 1.000
2688 1.000 1.000 1.000
2689 1.000 1.000 1.000
2690 1.000 1.000 1.000
2691 1.000 1.000 1.000
2692 1.000 1.000 1.000
2693 1.000 1.000 1.000
2694 1.000 1.000 1.000
2695 1.000 1.000 1.000
2696 1.000 1.000 1.000
2697 1.000 1.000 1.000
2698 1.000 1.000 1.000
2699 1.000 1.000 1.000
2700 1.000 1.000 1.000
2701 1.000 1.000 1.000
2702 1.000 1.000 1.000
2703 1.000 1.000 1.000
2704 1.000 1.000 1.000
2705 1.000 1.000 1.000
2706 1.000 1.000 1.000
2707 1.000 1.000 1.000
2708 1.000 1.000 1.000
2709 1.000 1.000 1.000
2710 1.000 1.000 1.000
2711 1.000 1.000 1.000
2712 1.000 1.000 1.000
2713 1.000 1.000 1.000
2714 1.000 1.000 1.000
2715 1.000 1.000 1.000
2716 1.000 1.000 1.000
2717 1.000 1.000 1.000
2718 1.000 1.000 1.000
2719 1.000 1.000 1.000
2720 1.000 1.000 1.000
2721 1.000 1.000 1.000
2722 1.000 1.000 1.000
2723 1.000 1.000 1.000
2724 1.000 1.000 1.000
2725 1.000 1.000 1.000
2726 1.000 1.000 1.000
2727 1.000 1.000 1.000
2728 1.000 1.000 1.000
2729 1.000 1.000 1.000
2730 1.000 1.000 1.000
2731 1.000 1.000 1.000
2732 1.000 1.000 1.000
2733 1.000 1.000 1.000
2734 1.000 1.000 1.000
2735 1.000 1.000 1.000
2736 1.000 1.000 1.000
2737 1.000 1.000 1.000
2738 1.000 1.000 1.000
2739 1.000 1.000 1.000
2740 1.000 1.000 1.000
2741 1.000 1.000 1.000
2742 1.000 1.000 1.000
2743 1.000 1.000 1.000
2744 1.000 1.000 1.000
2745 1.000 1.000 1.000
2746 1.000 1.000 1.000
2747 1.000 1.000 1.000
2748 1.000 1.000 1.000
2749 1.000 1.000 1.000
2750 1.000 1.000 1.000
2751 1.000 1.000 1.000
2752 1.000 1.000 1.000
2753 1.000 1.000 1.000
2754 1.000 1.000 1.000
2755 1.000 1.000 1.000
2756 1.000 1.000 1.000
2757 1.000 1.000 1.000
2758 1.000 1.000 1.000
2759 1.000 1.000 1.000
2760 1.000 1.000 1.000
2761 1.000 1.000 1.000
2762 1.000 1.000 1.000
2763 1.000 1.000 1.000
2764 1.000 1.000 1.000
2765 1.000 1.000 1.000
2766 1.000 1.000 1.000
2767 1.000 1.000 1.000
2768 1.000 1.000 1.000
2769 1.000 1.000 1.000
2770 1.000 1.000 1.000
2771 1.000 1.000 1.000
2772 1.000 1.000 1.000
2773 1.000 1.000 1.000
2774 1.000 1.000 1.000
2775 1.000 1.000 1.000
2776 1.000 1.000 1.000
2777 1.000 1.000 1.000
2778 1.000 1.000 1.000
2779 1.000 1.000 1.000
2780 1.000 1.000 1.000
2781 1.000 1.000 1.000
2782 1.000 1.000 1.000
2783 1.000 1.000 1.000
2784 1.000 1.000 1.000
2785 1.000 1.000 1.000
2786 1.000 1.000 1.000
2787 1.000 1.000 1.000
2788 1.000 1.000 1.000
2789 1.000 1.000 1.000
2790 1.000 1.000 1.000
2791 1.000 1.000 1.000
2792 1.000 1.000 1.000
2793 1.000 1.000 1.000
2794 1.000 1.000 1.000
2795 1.000 1.000 1.000
2796 1.000 1.000 1.000
2797 1.000 1.000 1.000
2798 1.000 1.000 1.000
2799 1.000 1.000 1.000
2800 1.000 1.000 1.000
2801 1.000 1.000 1.000
2802 1.000 1.000 1.000
2803 1.000 1.000 1.000
2804 1.000 1.000 1.000
2805 1.000 1.000 1.000
2806 1.000 1.000 1.000
2807 1.000 1.000 1.000
2808 1.000 1.000 1.000
2809 1.000 1.000 1.000
2810 1.000 1.000 1.000
2811 1.000 1.000 1.000
2812 1.000 1.000 1.000
2813 1.000 1.000 1.000
2814 1.000 1.000 1.000
2815 1.000 1.000 1.000
2816 1.000 1.000 1.000
2817 1.000 1.000 1.000
2818 1.000 1.000 1.000
2819 1.000 1.000 1.000
2820 1.000 1.000 1.000
2821 1.000 1.000 1.000
2822 1.000 1.000 1.000
2823 1.000 1.000 1.000
2824 1.000 1.000 1.000
2825 1.000 1.000 1.000
2826 1.000 1.000 1.000
2827 1.000 1.000 1.000
2828 1.000 1.000 1.000
2829 1.000 1.000 1.000
2830 1.000 1.000 1.000
2831 1.000 1.000 1.000
2832 1.000 1.000 1.000
2833 1.000 1.000 1.000
2834 1.000 1.000 1.000
2835 1.000 1.000 1.000
2836 1.000 1.000 1.000
2837 1.000 1.000 1.000
2838 1.000 1.000 1.000
2839 1.000 1.000 1.000
2840 1.000 1.000 1.000
2841 1.000 1.000 1.000
2842 1.000 1.000 1.000
2843 1.000 1.000 1.000
2844 1.000 1.000 1.000
2845 1.000 1.000 1.000
2846 1.000 1.000 1.000
2847 1.000 1.000 1.000
2848 1.000 1.000 1.000
2849 1.000 1.000 1.000
2850 1.000 1.000 1.000
2851 1.000 1.000 1.000
2852 1.000 1.000 1.000
2853 1.000 1.000 1.000
2854 1.000 1.000 1.000
2855 1.000 1.000 1.000
2856 1.000 1.000 1.000
2857 1.000 1.000 1.000
2858 1.000 1.000 1.000
2859 1.000 1.000 1.000
2860 1.000 1.000 1.000
2861 1.000 1.000 1.000
2862 1.000 1.000 1.000
2863 1.000 1.000 1.000
2864 1.000 1.000 1.000
2865 1.000 1.000 1.000
2866 1.000 1.000 1.000
2867 1.000 1.000 1.000
2868 1.000 1.000 1.000
2869 1.000 1.000 1.000
2870 1.000 1.000 1.000
2871 1.000 1.000 1.000
2872 1.000 1.000 1.000
2873 1.000 1.000 1.000
2874 1.000 1.000 1.000
2875 1.000 1.000 1.000
2876 1.000 1.000 1.000
2877 1.000 1.000 1.000
2878 1.000 1.000 1.000
2879 1.000 1.000 1.000
2880 1.000 1.000 1.000
2881 1.000 1.000 1.000
2882 1.000 1.000 1.000
2883 1.000 1.000 1.000
2884 1.000 1.000 1.000
2885 1.000 1.001 1.000
2886 1.000 1.001 1.000
2887 1.000 1.001 1.000
2888 1.000 1.001 1.000
2889 1.000 1.001 1.000
2890 1.000 1.001 1.000
2891 1.000 1.001 1.000
2892 1.000 1.001 1.000
2893 1.000 1.001 1.000
2894 1.000 1.001 1.000
2895 1.000 1.001 1.000
2896 1.000 1.001 1.000
2897 1.000 1.001 1.000
2898 1.000 1.001 1.000
2899 1.000 1.001 1.000
2900 1.000 1.001 1.000
2901 1.000 1.001 1.000
2902 1.000 1.001 1.000
2903 1.000 1.001 1.000
2904 1.000 1.001 1.000
2905 1.000 1.001 1.000
2906 1.000 1.001 1.000
2907 1.000 1.001 1.000
2908 1.000 1.001 1.000
2909 1.000 1.001 1.000
2910 1.000 1.001 1.000
2911 1.000 1.001 1.000
2912 1.000 1.001 1.000
2913 1.000 1.001 1.000
2914 1.000 1.001 1.000
2915 1.000 1.001 1.000
2916 1.000 1.001 1.000
2917 1.000 1.001 1.000
2918 1.000 1.001 1.000
2919 1.000 1.001 1.000
2920 1.000 1.001 1.000
2921 1.000 1.001 1.000
2922 1.000 1.001 1.000
2923 1.000 1.001 1.000
2924 1.000 1.001 1.000
2925 1.000 1.001 1.000
2926 1.000 1.001 1.000
2927 1.000 1.001 1.000
2928 1.000 1.001 1.000
2929 1.000 1.001 1.000
2930 1.000 1.001 1.000
2931 1.000 1.001 1.000
2932 1.000 1.001 1.000
2933 1.000 1.001 1.000
2934 1.000 1.001 1.000
2935 1.000 1.001 1.000
2936 1.000 1.001 1.000
2937 1.000 1.001 1.000
2938 1.000 1.001 1.000
2939 1.000 1.001 1.000
2940 1.000 1.001 1.000
2941 1.000 1.001 1.000
2942 1.000 1.001 1.000
2943 1.000 1.001 1.000
2944 1.000 1.001 1.000
2945 1.000 1.001 1.000
2946 1.000 1.001 1.000
2947 1.000 1.001 1.000
2948 1.000 1.001 1.000
2949 1.000 1.001 1.000
2950 1.000 1.001 1.000
2951 1.000 1.001 1.000
2952 1.000 1.001 1.000
2953 1.000 1.001 1.000
2954 1.000 1.001 1.000
2955 1.000 1.001 1.000
2956 1.000 1.001 1.000
2957 1.000 1.001 1.000
2958 1.000 1.001 1.000
2959 1.000 1.001 1.000
2960 1.000 1.001 1.000
2961 1.000 1.001 1.000
2962 1.000 1.001 1.000
2963 1.000 1.001 1.000
2964 1.000 1.001 1.000
2965 1.000 1.001 1.000
2966 1.000 1.001 1.000
2967 1.000 1.001 1.000
2968 1.000 1.001 1.000
2969 1.000 1.001 1.000
2970 1.000 1.001 1.000
2971 1.000 1.001 1.000
2972 1.000 1.001 1.000
2973 1.000 1.001 1.000
2974 1.000 1.001 1.000
2975 1.000 1.001 1.000
2976 1.000 1.001 1.000
2977 1.000 1.001 1.000
2978 1.000 1.001 1.000
2979 1.000 1.001 1.000
2980 1.000 1.001 1.000
2981 1.000 1.001 1.000
2982 1.000 1.001 1.000
2983 1.000 1.001 1.000
2984 1.000 1.001 1.000
2985 1.000 1.001 1.000
2986 1.000 1.001 1.000
2987 1.000 1.001 1.000
2988 1.000 1.001 1.000
2989 1.000 1.001 1.000
2990 1.000 1.001 1.000
2991 1.000 1.001 1.000
2992 1.000 1.001 1.000
2993 1.000 1.001 1.000
2994 1.000 1.001 1.000
2995 1.000 1.001 1.000
2996 1.000 1.001 1.000
2997 1.000 1.001 1.000
2998 1.000 1.001 1.000
2999 1.000 1.001 1.000
3000 1.000 1.001 1.000
3001 1.000 1.001 1.000
3002 1.000 1.001 1.000
3003 1.000 1.001 1.000
3004 1.000 1.001 1.000
3005 1.000 1.001 1.000
3006 1.000 1.001 1.000
3007 1.000 1.001 1.000
3008 1.000 1.001 1.000
3009 1.000 1.001 1.000
3010 1.000 1.001 1.000
3011 1.000 1.001 1.000
3012 1.000 1.001 1.000
3013 1.000 1.001 1.000
3014 1.000 1.001 1.000
3015 1.000 1.001 1.000
3016 1.000 1.001 1.000
3017 1.000 1.001 1.000
3018 1.000 1.001 1.000
3019 1.000 1.001 1.000
3020 1.000 1.001 1.000
3021 1.000 1.001 1.000
3022 1.000 1.001 1.000
3023 1.000 1.001 1.000
3024 1.000 1.001 1.000
3025 1.000 1.001 1.000
3026 1.000 1.001 1.000
3027 1.000 1.001 1.000
3028 1.000 1.001 1.000
3029 1.000 1.001 1.000
3030 1.000 1.002 1.000
3031 1.000 1.002 1.000
3032 1.000 1.002 1.000
3033 1.000 1.002 1.000
3034 1.000 1.002 1.000
3035 1.000 1.002 1.000
3036 1.000 1.002 1.000
3037 1.000 1.002 1.000
3038 1.000 1.002 1.000
3039 1.000 1.002 1.000
3040 1.000 1.002 1.000
3041 1.000 1.002 1.000
3042 1.000 1.002 1.000
3043 1.000 1.002 1.000
3044 1.000 1.002 1.000
3045 1.000 1.002 1.000
3046 1.000 1.002 1.000
3047 1.000 1.002 1.000
3048 1.000 1.002 1.000
3049 1.000 1.002 1.000
3050 1.000 1.002 1.000
3051 1.000 1.002 1.000
3052 1.000 1.002 1.000
3053 1.000 1.002 1.000
3054 1.000 1.002 1.000
3055 1.000 1.002 1.000
3056 1.000 1.002 1.000
3057 1.000 1.002 1.000
3058 1.000 1.002 1.000
3059 1.000 1.002 1.000
3060 1.000 1.002 1.000
3061 1.000 1.002 1.000
3062 1.000 1.002 1.000
3063 1.000 1.002 1.000
3064 1.000 1.002 1.000
3065 1.000 1.002 1.000
3066 1.000 1.002 1.000
3067 1.000 1.002 1.000
3068 1.000 1.002 1.000
3069 1.000 1.002 1.000
3070 1.000 1.002 1.000
3071 1.000 1.002 1.000
3072 1.000 1.002 1.000
3073 1.000 1.002 1.000
3074 1.000 1.002 1.000
3075 1.000 1.002 1.000
3076 1.000 1.002 1.000
3077 1.000 1.002 1.000
3078 1.000 1.002 1.000
3079 1.000 1.002 1.000
3080 1.000 1.002 1.000
3081 1.000 1.002 1.000
3082 1.000 1.002 1.000
3083 1.000 1.002 1.000
3084 1.000 1.002 1.000
3085 1.000 1.002 1.000
3086 1.000 1.002 1.000
3087 1.000 1.002 1.000
3088 1.000 1.002 1.000
3089 1.000 1.002 1.000
3090 1.000 1.002 1.000
3091 1.000 1.002 1.000
3092 1.000 1.002 1.000
3093 1.000 1.002 1.000
3094 1.000 1.002 1.000
3095 1.000 1.002 1.000
3096 1.000 1.002 1.000
3097 1.000 1.002 1.000
3098 1.000 1.002 1.000
3099 1.000 1.002 1.000
3100 1.000 1.002 1.000
3101 1.000 1.002 1.000
3102 1.000 1.002 1.000
3103 1.000 1.002 1.000
3104 1.000 1.002 1.000
3105 1.000 1.002 1.000
3106 1.000 1.002 1.000
3107 1.000 1.002 1.000
3108 1.000 1.002 1.000
3109 1.000 1.002 1.000
3110 1.000 1.002 1.000
3111 1.000 1.002 1.000
3112 1.000 1.002 1.000
3113 1.000 1.002 1.000
3114 1.000 1.002 1.000
3115 1.000 1.002 1.000
3116 1.000 1.002 1.000
3117 1.000 1.002 1.000
3118 1.000 1.002 1.000
3119 1.000 1.002 1.000
3120 1.000 1.002 1.000
3121 1.000 1.002 1.000
3122 1.000 1.002 1.000
3123 1.000 1.002 1.000
3124 1.000 1.002 1.000
3125 1.000 1.002 1.000
3126 1.000 1.002 1.000
3127 1.000 1.002 1.000
3128 1.000 1.002 1.000
3129 1.000 1.002 1.000
3130 1.000 1.002 1.000
3131 1.000 1.002 1.001
3132 1.000 1.002 1.001
3133 1.000 1.002 1.001
3134 1.000 1.002 1.001
3135 1.000 1.002 1.001
3136 1.000 1.002 1.001
3137 1.000 1.002 1.001
3138 1.000 1.002 1.001
3139 1.000 1.002 1.001
3140 1.000 1.002 1.001
3141 1.000 1.002 1.001
3142 1.000 1.002 1.001
3143 1.000 1.002 1.001
3144 1.000 1.002 1.001
3145 1.000 1.002 1.001
3146 1.000 1.002 1.001
3147 1.000 1.002 1.001
3148 1.000 1.002 1.001
3149 1.000 1.002 1.001
3150 1.000 1.002 1.001
3151 1.000 1.002 1.001
3152 1.000 1.002 1.001
3153 1.000 1.002 1.001
3154 1.000 1.002 1.001
3155 1.000 1.002 1.001
3156 1.000 1.002 1.001
3157 1.000 1.002 1.001
3158 1.000 1.002 1.001
3159 1.000 1.002 1.001
3160 1.000 1.002 1.001
3161 1.000 1.003 1.001
3162 1.000 1.003 1.001
3163 1.000 1.003 1.001
3164 1.000 1.003 1.001
3165 1.000 1.003 1.001
3166 1.000 1.003 1.001
3167 1.000 1.003 1.001
3168 1.000 1.003 1.001
3169 1.000 1.003 1.001
3170 1.000 1.003 1.001
3171 1.000 1.003 1.001
3172 1.000 1.003 1.001
3173 1.000 1.003 1.001
3174 1.000 1.003 1.001
3175 1.000 1.003 1.001
3176 1.000 1.003 1.001
3177 1.000 1.003 1.001
3178 1.000 1.003 1.001
3179 1.000 1.003 1.001
3180 1.000 1.003 1.001
3181 1.000 1.003 1.001
3182 1.000 1.003 1.001
3183 1.000 1.003 1.001
3184 1.000 1.003 1.001
3185 1.000 1.003 1.001
3186 1.000 1.003 1.001
3187 1.000 1.003 1.001
3188 1.000 1.003 1.001
3189 1.000 1.003 1.001
3190 1.000 1.003 1.001
3191 1.000 1.003 1.001
3192 1.000 1.003 1.001
3193 1.000 1.003 1.001
3194 1.000 1.003 1.001
3195 1.000 1.003 1.001
3196 1.000 1.003 1.001
3197 1.000 1.003 1.001
3198 1.000 1.003 1.001
3199 1.000 1.003 1.001
3200 1.000 1.003 1.001
3201 1.000 1.003 1.001
3202 1.000 1.003 1.001
3203 1.000 1.003 1.001
3204 1.000 1.003 1.001
3205 1.000 1.003 1.001
3206 1.000 1.003 1.001
3207 1.000 1.003 1.001
3208 1.000 1.003 1.001
3209 1.000 1.003 1.001
3210 1.000 1.003 1.001
3211 1.000 1.003 1.001
3212 1.000 1.003 1.001
3213 1.000 1.003 1.001
3214 1.000 1.003 1.001
3215 1.000 1.003 1.001
3216 1.000 1.003 1.001
3217 1.000 1.003 1.001
3218 1.000 1.003 1.001
3219 1.000 1.003 1.001
3220 1.000 1.003 1.001
3221 1.000 1.003 1.001
3222 1.000 1.003 1.001
3223 1.000 1.003 1.001
3224 1.000 1.003 1.001
3225 1.000 1.003 1.001
3226 1.000 1.003 1.001
3227 1.000 1.003 1.001
3228 1.000 1.003 1.001
3229 1.000 1.003 1.001
3230 1.000 1.003 1.001
3231 1.000 1.003 1.001
3232 1.000 1.003 1.001
3233 1.000 1.003 1.001
3234 1.000 1.003 1.001
3235 1.000 1.003 1.001
3236 1.000 1.003 1.001
3237 1.000 1.003 1.001
3238 1.000 1.003 1.001
3239 1.000 1.003 1.001
3240 1.000 1.003 1.001
3241 1.000 1.003 1.001
3242 1.000 1.003 1.001
3243 1.000 1.003 1.001
3244 1.000 1.003 1.001
3245 1.000 1.003 1.001
3246 1.000 1.003 1.001
3247 1.000 1.003 1.001
3248 1.000 1.003 1.001
3249 1.000 1.003 1.001
3250 1.000 1.003 1.001
3251 1.000 1.003 1.001
3252 1.000 1.003 1.001
3253 1.000 1.003 1.001
3254 1.000 1.003 1.001
3255 1.000 1.003 1.001
3256 1.000 1.003 1.002
3257 1.000 1.003 1.002
3258 1.000 1.003 1.002
3259 1.000 1.003 1.002
3260 1.000 1.003 1.002
3261 1.000 1.003 1.002
3262 1.000 1.003 1.002
3263 1.000 1.003 1.002
3264 1.000 1.003 1.002
3265 1.000 1.003 1.002
3266 1.000 1.003 1.002
3267 1.000 1.003 1.002
3268 1.000 1.003 1.002
3269 1.000 1.003 1.002
3270 1.000 1.003 1.002
3271 1.000 1.003 1.002
3272 1.000 1.003 1.002
3273 1.000 1.003 1.002
3274 1.000 1.003 1.002
3275 1.000 1.004 1.002
3276 1.000 1.004 1.002
3277 1.000 1.004 1.002
3278 1.000 1.004 1.002
3279 1.000 1.004 1.002
3280 1.000 1.004 1.002
3281 1.000 1.004 1.002
3282 1.000 1.004 1.002
3283 1.000 1.004 1.002
3284 1.000 1.004 1.002
3285 1.000 1.004 1.002
3286 1.000 1.004 1.002
3287 1.000 1.004 1.002
3288 1.000 1.004 1.002
3289 1.000 1.004 1.002
3290 1.000 1.004 1.002
3291 1.000 1.004 1.002
3292 1.000 1.004 1.002
3293 1.000 1.004 1.002
3294 1.000 1.004 1.002
3295 1.000 1.004 1.002
3296 1.000 1.004 1.002
3297 1.000 1.004 1.002
3298 1.000 1.004 1.002
3299 1.000 1.004 1.002
3300 1.000 1.004 1.002
3301 1.000 1.004 1.002
3302 1.000 1.004 1.002
3303 1.000 1.004 1.002
3304 1.000 1.004 1.002
3305 1.000 1.004 1.002
3306 1.000 1.004 1.002
3307 1.000 1.004 1.002
3308 1.000 1.004 1.002
3309 1.000 1.004 1.002
3310 1.000 1.004 1.002
3311 1.000 1.004 1.002
3312 1.000 1.004 1.002
3313 1.000 1.004 1.002
3314 1.000 1.004 1.002
3315 1.000 1.004 1.002
3316 1.000 1.004 1.002
3317 1.000 1.004 1.002
3318 1.000 1.004 1.002
3319 1.000 1.004 1.002
3320 1.000 1.004 1.002
3321 1.000 1.004 1.002
3322 1.000 1.004 1.002
3323 1.000 1.004 1.002
3324 1.000 1.004 1.002
3325 1.000 1.004 1.002
3326 1.000 1.004 1.002
3327 1.000 1.004 1.002
3328 1.000 1.004 1.002
3329 1.000 1.004 1.002
3330 1.000 1.004 1.002
3331 1.000 1.004 1.002
3332 1.000 1.004 1.002
3333 1.000 1.004 1.002
3334 1.000 1.004 1.002
3335 1.000 1.004 1.002
3336 1.000 1.004 1.002
3337 1.000 1.004 1.002
3338 1.000 1.004 1.002
3339 1.000 1.004 1.002
3340 1.000 1.004 1.002
3341 1.000 1.004 1.002
3342 1.000 1.004 1.002
3343 1.000 1.004 1.002
3344 1.000 1.004 1.002
3345 1.000 1.004 1.002
3346 1.000 1.004 1.002
3347 1.000 1.004 1.002
3348 1.000 1.004 1.002
3349 1.000 1.005 1.002
3350 1.000 1.005 1.002
3351 1.000 1.005 1.002
3352 1.000 1.005 1.002
3353 1.000 1.005 1.002
3354 1.000 1.005 1.002
3355 1.000 1.005 1.002
3356 1.000 1.005 1.002
3357 1.000 1.005 1.002
3358 1.000 1.005 1.002
3359 1.000 1.005 1.002
3360 1.000 1.005 1.002
3361 1.000 1.005 1.002
3362 1.000 1.005 1.002
3363 1.000 1.005 1.002
3364 1.000 1.005 1.002
3365 1.000 1.005 1.002
3366 1.000 1.005 1.002
3367 1.000 1.005 1.002
3368 1.000 1.005 1.002
3369 1.000 1.005 1.002
3370 1.000 1.005 1.002
3371 1.000 1.005 1.002
3372 1.000 1.005 1.002
3373 1.000 1.005 1.002
3374 1.000 1.005 1.002
3375 1.000 1.005 1.002
3376 1.000 1.005 1.002
3377 1.000 1.005 1.002
3378 1.000 1.005 1.002
3379 1.000 1.005 1.002
3380 1.000 1.005 1.002
3381 1.000 1.005 1.002
3382 1.000 1.005 1.003
3383 1.000 1.005 1.003
3384 1.000 1.005 1.003
3385 1.000 1.005 1.003
3386 1.000 1.005 1.003
3387 1.000 1.005 1.003
3388 1.000 1.005 1.003
3389 1.000 1.005 1.003
3390 1.000 1.005 1.003
3391 1.000 1.005 1.003
3392 1.000 1.005 1.003
3393 1.000 1.005 1.003
3394 1.000 1.005 1.003
3395 1.000 1.005 1.003
3396 1.000 1.005 1.003
3397 1.000 1.005 1.003
3398 1.000 1.005 1.003
3399 1.000 1.005 1.003
3400 1.000 1.005 1.003
3401 1.000 1.005 1.003
3402 1.000 1.005 1.003
3403 1.000 1.005 1.003
3404 1.000 1.005 1.003
3405 1.000 1.005 1.003
3406 1.000 1.005 1.003
3407 1.000 1.005 1.003
3408 1.000 1.005 1.003
3409 1.000 1.005 1.003
3410 1.000 1.005 1.003
3411 1.000 1.005 1.003
3412 1.000 1.005 1.003
3413 1.000 1.005 1.003
3414 1.000 1.005 1.003
3415 1.000 1.005 1.003
3416 1.000 1.005 1.003
3417 1.000 1.005 1.003
3418 1.000 1.005 1.003
3419 1.000 1.005 1.003
3420 1.000 1.005 1.003
3421 1.000 1.005 1.003
3422 1.000 1.005 1.003
3423 1.000 1.005 1.003
3424 1.000 1.005 1.003
3425 1.000 1.005 1.003
3426 1.000 1.005 1.003
3427 1.000 1.005 1.003
3428 1.000 1.005 1.003
3429 1.000 1.005 1.003
3430 1.000 1.005 1.003
3431 1.000 1.005 1.003
3432 1.000 1.005 1.003
3433 1.000 1.005 1.003
3434 1.000 1.005 1.003
3435 1.000 1.005 1.003
3436 1.000 1.005 1.003
3437 1.000 1.005 1.003
3438 1.000 1.005 1.003
3439 1.000 1.005 1.003
3440 1.000 1.005 1.003
3441 1.000 1.005 1.003
3442 1.000 1.005 1.003
3443 1.000 1.005 1.003
3444 1.000 1.005 1.003
3445 1.000 1.005 1.003
3446 1.000 1.005 1.003
3447 1.000 1.005 1.003
3448 1.000 1.005 1.003
3449 1.000 1.005 1.003
3450 1.000 1.005 1.003
3451 1.000 1.005 1.003
3452 1.000 1.005 1.003
3453 1.000 1.005 1.003
3454 1.000 1.005 1.003
3455 1.000 1.005 1.003
3456 1.000 1.005 1.003
3457 1.000 1.005 1.003
3458 1.000 1.005 1.003
3459 1.000 1.005 1.003
3460 1.000 1.005 1.003
3461 1.000 1.005 1.003
3462 1.000 1.005 1.003
3463 1.000 1.005 1.003
3464 1.000 1.005 1.003
3465 1.000 1.005 1.003
3466 1.000 1.005 1.003
3467 1.000 1.005 1.003
3468 1.000 1.005 1.003
3469 1.000 1.005 1.003
3470 1.000 1.006 1.003
3471 1.000 1.006 1.003
3472 1.000 1.006 1.003
3473 1.000 1.006 1.003
3474 1.000 1.006 1.003
3475 1.000 1.006 1.003
3476 1.000 1.006 1.003
3477 1.000 1.006 1.003
3478 1.000 1.006 1.003
3479 1.000 1.006 1.003
3480 1.000 1.006 1.003
3481 1.000 1.006 1.003
3482 1.000 1.006 1.003
3483 1.000 1.006 1.003
3484 1.000 1.006 1.003
3485 1.000 1.006 1.003
3486 1.000 1.006 1.004
3487 1.000 1.006 1.004
3488 1.000 1.006 1.004
3489 1.000 1.006 1.004
3490 1.000 1.006 1.004
3491 1.000 1.006 1.004
3492 1.000 1.006 1.004
3493 1.000 1.006 1.004
3494 1.000 1.006 1.004
3495 1.000 1.006 1.004
3496 1.000 1.006 1.004
3497 1.000 1.006 1.004
3498 1.000 1.006 1.004
3499 1.000 1.006 1.004
3500 1.000 1.006 1.004
3501 1.000 1.006 1.004
3502 1.000 1.006 1.004
3503 1.000 1.006 1.004
3504 1.000 1.006 1.004
3505 1.000 1.006 1.004
3506 1.000 1.006 1.004
3507 1.000 1.006 1.004
3508 1.000 1.006 1.004
3509 1.000 1.006 1.004
3510 1.000 1.006 1.004
3511 1.000 1.006 1.004
3512 1.000 1.006 1.004
3513 1.000 1.006 1.004
3514 1.000 1.006 1.004
3515 1.000 1.006 1.004
3516 1.000 1.006 1.004
3517 1.000 1.006 1.004
3518 1.000 1.006 1.004
3519 1.000 1.006 1.004
3520 1.000 1.006 1.004
3521 1.000 1.006 1.004
3522 1.000 1.006 1.004
3523 1.000 1.006 1.004
3524 1.000 1.006 1.004
3525 1.000 1.006 1.004
3526 1.000 1.006 1.004
3527 1.000 1.006 1.004
3528 1.000 1.006 1.004
3529 1.000 1.006 1.004
3530 1.000 1.006 1.004
3531 1.000 1.006 1.004
3532 1.000 1.006 1.004
3533 1.000 1.006 1.004
3534 1.000 1.006 1.004
3535 1.000 1.006 1.004
3536 1.000 1.006 1.004
3537 1.000 1.006 1.004
3538 1.000 1.006 1.004
3539 1.000 1.006 1.004
3540 1.000 1.007 1.004
3541 1.000 1.007 1.004
3542 1.000 1.007 1.004
3543 1.000 1.007 1.004
3544 1.000 1.007 1.004
3545 1.000 1.007 1.004
3546 1.000 1.007 1.004
3547 1.000 1.007 1.004
3548 1.000 1.007 1.004
3549 1.000 1.007 1.004
3550 1.000 1.007 1.004
3551 1.000 1.007 1.004
3552 1.000 1.007 1.004
3553 1.000 1.007 1.004
3554 1.000 1.007 1.004
3555 1.000 1.007 1.004
3556 1.000 1.007 1.004
3557 1.000 1.007 1.004
3558 1.000 1.007 1.004
3559 1.000 1.007 1.004
3560 1.000 1.007 1.004
3561 1.000 1.007 1.004
3562 1.000 1.007 1.004
3563 1.000 1.007 1.005
3564 1.000 1.007 1.005
3565 1.000 1.007 1.005
3566 1.000 1.007 1.005
3567 1.000 1.007 1.005
3568 1.000 1.007 1.005
3569 1.000 1.007 1.005
3570 1.000 1.007 1.005
3571 1.000 1.007 1.005
3572 1.000 1.007 1.005
3573 1.000 1.007 1.005
3574 1.000 1.007 1.005
3575 1.000 1.007 1.005
3576 1.000 1.007 1.005
3577 1.000 1.007 1.005
3578 1.000 1.007 1.005
3579 1.000 1.007 1.005
3580 1.000 1.007 1.005
3581 1.000 1.007 1.005
3582 1.000 1.007 1.005
3583 1.000 1.007 1.005
3584 1.000 1.007 1.005
3585 1.000 1.007 1.005
3586 1.000 1.007 1.005
3587 1.000 1.007 1.005
3588 1.000 1.007 1.005
3589 1.000 1.007 1.005
3590 1.000 1.007 1.005
3591 1.000 1.007 1.005
3592 1.000 1.007 1.005
3593 1.000 1.007 1.005
3594 1.000 1.007 1.005
3595 1.000 1.007 1.005
3596 1.000 1.007 1.005
3597 1.000 1.008 1.005
3598 1.000 1.008 1.005
3599 1.000 1.008 1.005
3600 1.000 1.008 1.005
3601 1.000 1.008 1.005
3602 1.000 1.008 1.005
3603 1.000 1.008 1.005
3604 1.000 1.008 1.005
3605 1.000 1.008 1.005
3606 1.000 1.008 1.005
3607 1.000 1.008 1.005
3608 1.000 1.008 1.005
3609 1.000 1.008 1.005
3610 1.000 1.008 1.005
3611 1.000 1.008 1.005
3612 1.000 1.008 1.005
3613 1.000 1.008 1.005
3614 1.000 1.008 1.005
3615 1.000 1.008 1.005
3616 1.000 1.008 1.005
3617 1.000 1.008 1.005
3618 1.000 1.008 1.005
3619 1.000 1.008 1.005
3620 1.000 1.008 1.005
3621 1.000 1.008 1.005
3622 1.000 1.008 1.005
3623 1.000 1.008 1.005
3624 1.000 1.008 1.005
3625 1.000 1.008 1.005
3626 1.000 1.008 1.005
3627 1.000 1.008 1.005
3628 1.000 1.008 1.005
3629 1.000 1.008 1.005
3630 1.000 1.008 1.005
3631 1.000 1.008 1.005
3632 1.000 1.008 1.005
3633 1.000 1.008 1.005
3634 1.000 1.008 1.005
3635 1.000 1.008 1.005
3636 1.000 1.008 1.005
3637 1.000 1.008 1.005
3638 1.000 1.008 1.005
3639 1.000 1.008 1.005
3640 1.000 1.008 1.005
3641 1.000 1.008 1.005
3642 1.000 1.008 1.005
3643 1.000 1.008 1.005
3644 1.000 1.008 1.005
3645 1.000 1.008 1.005
3646 1.000 1.008 1.005
3647 1.000 1.008 1.005
3648 1.000 1.008 1.005
3649 1.000 1.008 1.005
3650 1.000 1.008 1.005
3651 1.000 1.008 1.005
3652 1.000 1.008 1.005
3653 1.000 1.009 1.005
3654 1.000 1.009 1.005
3655 1.000 1.009 1.005
3656 1.000 1.009 1.006
3657 1.000 1.009 1.006
3658 1.000 1.009 1.006
3659 1.000 1.009 1.006
3660 1.000 1.009 1.006
3661 1.000 1.009 1.006
3662 1.000 1.009 1.006
3663 1.000 1.009 1.006
3664 1.000 1.009 1.006
3665 1.000 1.009 1.006
3666 1.000 1.009 1.006
3667 1.000 1.009 1.006
3668 1.000 1.009 1.006
3669 1.000 1.009 1.006
3670 1.000 1.009 1.006
3671 1.000 1.009 1.006
3672 1.000 1.009 1.006
3673 1.000 1.009 1.006
3674 1.000 1.009 1.006
3675 1.000 1.009 1.006
3676 1.000 1.009 1.006
3677 1.000 1.009 1.006
3678 1.000 1.009 1.006
3679 1.000 1.009 1.006
3680 1.000 1.009 1.006
3681 1.000 1.009 1.006
3682 1.000 1.009 1.006
3683 1.000 1.009 1.006
3684 1.000 1.009 1.006
3685 1.000 1.009 1.006
3686 1.000 1.009 1.006
3687 1.000 1.009 1.006
3688 1.000 1.009 1.006
3689 1.000 1.009 1.006
3690 1.000 1.009 1.006
3691 1.000 1.009 1.006
3692 1.000 1.009 1.006
3693 1.000 1.009 1.006
3694 1.000 1.009 1.006
3695 1.000 1.009 1.006
3696 1.000 1.009 1.006
3697 1.000 1.009 1.006
3698 1.000 1.009 1.006
3699 1.000 1.009 1.006
3700 1.000 1.010 1.006
3701 1.000 1.010 1.006
3702 1.000 1.010 1.006
3703 1.000 1.010 1.006
3704 1.000 1.010 1.006
3705 1.000 1.010 1.006
3706 1.000 1.010 1.006
3707 1.000 1.010 1.006
3708 1.000 1.010 1.006
3709 1.000 1.010 1.006
3710 1.000 1.010 1.006
3711 1.000 1.010 1.006
3712 1.000 1.010 1.006
3713 1.000 1.010 1.006
3714 1.000 1.010 1.006
3715 1.000 1.010 1.006
3716 1.000 1.010 1.006
3717 1.000 1.010 1.006
3718 1.000 1.010 1.006
3719 1.000 1.010 1.006
3720 1.000 1.010 1.006
3721 1.000 1.010 1.006
3722 1.000 1.010 1.006
3723 1.000 1.010 1.006
3724 1.000 1.010 1.007
3725 1.000 1.010 1.007
3726 1.000 1.010 1.007
3727 1.000 1.010 1.007
3728 1.000 1.010 1.007
3729 1.000 1.010 1.007
3730 1.000 1.010 1.007
3731 1.000 1.010 1.007
3732 1.000 1.010 1.007
3733 1.000 1.010 1.007
3734 1.000 1.010 1.007
3735 1.000 1.010 1.007
3736 1.000 1.010 1.007
3737 1.000 1.010 1.007
3738 1.000 1.010 1.007
3739 1.000 1.010 1.007
3740 1.000 1.010 1.007
3741 1.000 1.010 1.007
3742 1.000 1.011 1.007
3743 1.000 1.011 1.007
3744 1.000 1.011 1.007
3745 1.000 1.011 1.007
3746 1.000 1.011 1.007
3747 1.000 1.011 1.007
3748 1.000 1.011 1.007
3749 1.000 1.011 1.007
3750 1.000 1.011 1.007
3751 1.000 1.011 1.007
3752 1.000 1.011 1.007
3753 1.000 1.011 1.007
3754 1.000 1.011 1.007
3755 1.000 1.011 1.007
3756 1.000 1.011 1.007
3757 1.000 1.011 1.007
3758 1.000 1.011 1.007
3759 1.000 1.011 1.007
3760 1.000 1.011 1.007
3761 1.000 1.011 1.007
3762 1.000 1.011 1.007
3763 1.000 1.011 1.007
3764 1.000 1.011 1.007
3765 1.000 1.011 1.007
3766 1.000 1.011 1.007
3767 1.000 1.011 1.007
3768 1.000 1.011 1.007
3769 1.000 1.011 1.007
3770 1.000 1.011 1.007
3771 1.000 1.011 1.007
3772 1.000 1.011 1.007
3773 1.000 1.011 1.007
3774 1.000 1.011 1.007
3775 1.000 1.011 1.007
3776 1.000 1.011 1.007
3777 1.000 1.011 1.007
3778 1.000 1.012 1.007
3779 1.000 1.012 1.007
3780 1.000 1.012 1.007
3781 1.000 1.012 1.007
3782 1.000 1.012 1.007
3783 1.000 1.012 1.007
3784 1.000 1.012 1.007
3785 1.000 1.012 1.007
3786 1.000 1.012 1.007
3787 1.000 1.012 1.007
3788 1.000 1.012 1.007
3789 1.000 1.012 1.007
3790 1.000 1.012 1.007
3791 1.000 1.012 1.007
3792 1.000 1.012 1.007
3793 1.000 1.012 1.007
3794 1.000 1.012 1.007
3795 1.000 1.012 1.008
3796 1.000 1.012 1.008
3797 1.000 1.012 1.008
3798 1.000 1.012 1.008
3799 1.000 1.012 1.008
3800 1.000 1.012 1.008
3801 1.000 1.012 1.008
3802 1.000 1.012 1.008
3803 1.000 1.013 1.008
3804 1.000 1.013 1.008
3805 1.000 1.013 1.008
3806 1.000 1.013 1.008
3807 1.000 1.013 1.008
3808 1.000 1.013 1.008
3809 1.000 1.013 1.008
3810 1.000 1.013 1.008
3811 1.000 1.013 1.008
3812 1.000 1.013 1.008
3813 1.000 1.013 1.008
3814 1.000 1.013 1.008
3815 1.000 1.013 1.008
3816 1.000 1.013 1.008
3817 1.000 1.013 1.008
3818 1.000 1.013 1.008
3819 1.000 1.013 1.008
3820 1.000 1.013 1.008
3821 1.000 1.013 1.008
3822 1.000 1.013 1.008
3823 1.000 1.013 1.008
3824 1.000 1.013 1.008
3825 1.000 1.013 1.008
3826 1.000 1.014 1.008
3827 1.000 1.014 1.008
3828 1.000 1.014 1.008
3829 1.000 1.014 1.008
3830 1.000 1.014 1.008
3831 1.000 1.014 1.008
3832 1.000 1.014 1.009
3833 1.000 1.014 1.009
3834 1.000 1.014 1.009
3835 1.000 1.014 1.009
3836 1.000 1.014 1.009
3837 1.000 1.014 1.009
3838 1.000 1.014 1.009
3839 1.000 1.014 1.009
3840 1.000 1.014 1.009
3841 1.000 1.014 1.009
3842 1.000 1.014 1.009
3843 1.000 1.015 1.009
3844 1.000 1.015 1.009
3845 1.000 1.015 1.009
3846 1.000 1.015 1.009
3847 1.000 1.015 1.009
3848 1.000 1.015 1.009
3849 1.000 1.015 1.009
3850 1.000 1.015 1.009
3851 1.000 1.015 1.009
3852 1.000 1.015 1.009
3853 1.000 1.015 1.009
3854 1.000 1.015 1.009
3855 1.000 1.015 1.009
3856 1.000 1.015 1.009
3857 1.000 1.015 1.009
3858 1.000 1.015 1.009
3859 1.000 1.016 1.009
3860 1.000 1.016 1.009
3861 1.000 1.016 1.009
3862 1.000 1.016 1.009
3863 1.000 1.016 1.009
3864 1.000 1.016 1.009
3865 1.000 1.016 1.009
3866 1.000 1.016 1.009
3867 1.000 1.016 1.009
3868 1.000 1.016 1.009
3869 1.000 1.016 1.010
3870 1.000 1.016 1.010
3871 1.000 1.016 1.010
3872 1.000 1.016 1.010
3873 1.000 1.016 1.010
3874 1.000 1.017 1.010
3875 1.000 1.017 1.010
3876 1.000 1.017 1.010
3877 1.000 1.017 1.010
3878 1.000 1.017 1.010
3879 1.000 1.017 1.010
3880 1.000 1.017 1.010
3881 1.000 1.017 1.010
3882 1.000 1.017 1.010
3883 1.000 1.017 1.010
3884 1.000 1.017 1.010
3885 1.000 1.017 1.010
3886 1.000 1.017 1.010
3887 1.000 1.017 1.010
3888 1.000 1.017 1.010
3889 1.000 1.018 1.010
3890 1.000 1.018 1.010
3891 1.000 1.018 1.010
3892 1.000 1.018 1.010
3893 1.000 1.018 1.010
3894 1.000 1.018 1.010
3895 1.000 1.018 1.010
3896 1.000 1.018 1.010
3897 1.000 1.018 1.010
3898 1.000 1.018 1.010
3899 1.000 1.018 1.010
3900 1.000 1.018 1.010
3901 1.000 1.018 1.010
3902 1.000 1.018 1.010
3903 1.000 1.019 1.010
3904 1.000 1.019 1.010
3905 1.000 1.019 1.011
3906 1.000 1.019 1.011
3907 1.000 1.019 1.011
3908 1.000 1.019 1.011
3909 1.000 1.019 1.011
3910 1.000 1.019 1.011
3911 1.000 1.019 1.011
3912 1.000 1.019 1.011
3913 1.000 1.019 1.011
3914 1.000 1.020 1.011
3915 1.000 1.020 1.011
3916 1.000 1.020 1.011
3917 1.000 1.020 1.011
3918 1.000 1.020 1.011
3919 1.000 1.020 1.011
3920 1.000 1.020 1.011
3921 1.000 1.020 1.011
3922 1.000 1.020 1.011
3923 1.000 1.020 1.011
3924 1.000 1.020 1.011
3925 1.000 1.020 1.011
3926 1.000 1.020 1.011
3927 1.000 1.020 1.011
3928 1.000 1.020 1.011
3929 1.000 1.020 1.011
3930 1.000 1.021 1.011
3931 1.000 1.021 1.011
3932 1.000 1.021 1.011
3933 1.000 1.021 1.012
3934 1.000 1.021 1.012
3935 1.000 1.021 1.012
3936 1.000 1.021 1.012
3937 1.000 1.021 1.012
3938 1.000 1.021 1.012
3939 1.000 1.021 1.012
3940 1.000 1.021 1.012
3941 1.000 1.021 1.012
3942 1.000 1.021 1.012
3943 1.000 1.021 1.012
3944 1.000 1.021 1.012
3945 1.000 1.021 1.012
3946 1.000 1.021 1.012
3947 1.000 1.021 1.012
3948 1.000 1.021 1.012
3949 1.000 1.021 1.012
3950 1.000 1.021 1.012
3951 1.000 1.021 1.012
3952 1.000 1.021 1.012
3953 1.000 1.022 1.012
3954 1.000 1.022 1.012
3955 1.000 1.022 1.013
3956 1.000 1.022 1.013
3957 1.000 1.022 1.013
3958 1.000 1.022 1.013
3959 1.000 1.022 1.013
3960 1.000 1.022 1.013
3961 1.000 1.022 1.013
3962 1.000 1.022 1.013
3963 1.000 1.022 1.013
3964 1.000 1.022 1.013
3965 1.000 1.022 1.013
3966 1.000 1.022 1.013
3967 1.000 1.022 1.013
3968 1.000 1.022 1.013
3969 1.000 1.022 1.013
3970 1.000 1.022 1.013
3971 1.000 1.023 1.013
3972 1.000 1.023 1.014
3973 1.000 1.023 1.014
3974 1.000 1.023 1.014
3975 1.000 1.023 1.014
3976 1.000 1.023 1.014
3977 1.000 1.023 1.014
3978 1.000 1.023 1.014
3979 1.000 1.023 1.014
3980 1.000 1.024 1.014
3981 1.000 1.024 1.014
3982 1.000 1.024 1.014
3983 1.000 1.024 1.014
3984 1.000 1.024 1.015
3985 1.000 1.024 1.015
3986 1.000 1.024 1.015
3987 1.000 1.024 1.015
3988 1.000 1.024 1.015
3989 1.000 1.024 1.015
3990 1.000 1.024 1.015
3991 1.000 1.024 1.015
3992 1.000 1.024 1.015
3993 1.000 1.024 1.015
3994 1.000 1.024 1.015
3995 1.000 1.024 1.015
3996 1.000 1.024 1.015
3997 1.000 1.024 1.016
3998 1.000 1.025 1.016
3999 1.000 1.025 1.016
4000 1.000 1.025 1.016
4001 1.000 1.025 1.016
4002 1.000 1.025 1.016
4003 1.000 1.025 1.017
4004 1.000 1.025 1.017
4005 1.000 1.025 1.017
4006 1.000 1.025 1.017
4007 1.000 1.026 1.017
4008 1.000 1.026 1.017
4009 1.000 1.026 1.017
4010 1.000 1.026 1.017
4011 1.000 1.026 1.017
4012 1.000 1.027 1.018
4013 1.000 1.027 1.018
4014 1.000 1.027 1.018
4015 1.000 1.027 1.018
4016 1.000 1.027 1.018
4017 1.000 1.027 1.019
4018 1.000 1.028 1.019
4019 1.000 1.028 1.019
4020 1.000 1.028 1.020
4021 1.000 1.029 1.020
4022 1.000 1.029 1.021
4023 1.000 1.029 1.021
4024 1.000 1.029 1.022
4025 1.000 1.030 1.023
4026 1.000 1.031 1.023
4027 1.000 1.033 1.023
4028 1.000 1.036 1.026
4029 1.000 1.041 1.026
4030 1.000 1.046 1.028
4031 1.000 1.047 1.045
4032 1.000 1.047 1.051
4033 1.000 1.091 1.057
