 accp4 accp4c accp4p
1 0.000 0.943 0.620
2 0.001 0.952 0.655
3 0.002 0.952 0.676
4 0.002 0.953 0.765
5 0.002 0.953 0.783
6 0.002 0.953 0.794
7 0.002 0.953 0.815
8 0.002 0.953 0.819
9 0.002 0.953 0.820
10 0.002 0.953 0.827
11 0.003 0.953 0.827
12 0.004 0.971 0.831
13 0.004 0.973 0.840
14 0.004 0.973 0.841
15 0.004 0.974 0.843
16 0.004 0.974 0.853
17 0.005 0.975 0.860
18 0.006 0.977 0.864
19 0.006 0.977 0.876
20 0.006 0.978 0.878
21 0.006 0.978 0.879
22 0.006 0.978 0.879
23 0.007 0.978 0.884
24 0.007 0.979 0.884
25 0.008 0.980 0.886
26 0.008 0.980 0.889
27 0.008 0.981 0.889
28 0.008 0.981 0.890
29 0.008 0.981 0.890
30 0.008 0.981 0.891
31 0.009 0.981 0.892
32 0.009 0.982 0.893
33 0.009 0.982 0.893
34 0.009 0.982 0.895
35 0.009 0.982 0.896
36 0.010 0.982 0.896
37 0.010 0.982 0.900
38 0.010 0.982 0.904
39 0.011 0.982 0.905
40 0.011 0.982 0.905
41 0.011 0.983 0.906
42 0.011 0.983 0.906
43 0.011 0.983 0.907
44 0.012 0.983 0.908
45 0.012 0.983 0.910
46 0.012 0.984 0.911
47 0.012 0.984 0.913
48 0.013 0.984 0.914
49 0.013 0.984 0.915
50 0.013 0.984 0.915
51 0.014 0.984 0.915
52 0.014 0.984 0.916
53 0.014 0.984 0.916
54 0.014 0.984 0.917
55 0.015 0.985 0.917
56 0.015 0.985 0.918
57 0.015 0.985 0.918
58 0.015 0.985 0.918
59 0.015 0.985 0.920
60 0.015 0.985 0.920
61 0.015 0.985 0.920
62 0.015 0.985 0.920
63 0.015 0.985 0.921
64 0.015 0.985 0.921
65 0.015 0.985 0.921
66 0.016 0.985 0.922
67 0.016 0.985 0.922
68 0.016 0.985 0.922
69 0.016 0.985 0.922
70 0.017 0.985 0.923
71 0.017 0.986 0.923
72 0.017 0.986 0.923
73 0.017 0.986 0.923
74 0.017 0.986 0.923
75 0.018 0.986 0.923
76 0.018 0.986 0.923
77 0.019 0.986 0.924
78 0.019 0.986 0.924
79 0.020 0.986 0.924
80 0.020 0.986 0.924
81 0.020 0.986 0.925
82 0.020 0.986 0.925
83 0.020 0.986 0.926
84 0.020 0.986 0.926
85 0.020 0.986 0.926
86 0.020 0.986 0.926
87 0.021 0.986 0.926
88 0.021 0.987 0.926
89 0.021 0.987 0.927
90 0.021 0.987 0.927
91 0.022 0.987 0.927
92 0.022 0.987 0.928
93 0.022 0.987 0.929
94 0.022 0.987 0.929
95 0.023 0.987 0.929
96 0.023 0.987 0.930
97 0.023 0.987 0.930
98 0.023 0.987 0.930
99 0.023 0.987 0.930
100 0.023 0.987 0.930
101 0.023 0.987 0.930
102 0.023 0.987 0.931
103 0.024 0.987 0.931
104 0.024 0.987 0.931
105 0.024 0.987 0.931
106 0.024 0.987 0.932
107 0.024 0.987 0.932
108 0.024 0.987 0.932
109 0.024 0.987 0.932
110 0.025 0.987 0.933
111 0.025 0.987 0.933
112 0.025 0.987 0.933
113 0.025 0.987 0.933
114 0.025 0.987 0.933
115 0.025 0.987 0.934
116 0.025 0.987 0.934
117 0.025 0.987 0.934
118 0.025 0.987 0.934
119 0.025 0.987 0.934
120 0.025 0.988 0.934
121 0.025 0.988 0.934
122 0.025 0.988 0.934
123 0.025 0.988 0.935
124 0.025 0.988 0.935
125 0.025 0.988 0.935
126 0.025 0.988 0.935
127 0.025 0.988 0.935
128 0.026 0.988 0.936
129 0.026 0.988 0.936
130 0.026 0.988 0.936
131 0.026 0.988 0.936
132 0.026 0.988 0.936
133 0.026 0.988 0.936
134 0.026 0.988 0.937
135 0.026 0.988 0.937
136 0.027 0.988 0.937
137 0.027 0.988 0.937
138 0.027 0.988 0.937
139 0.027 0.988 0.937
140 0.027 0.988 0.937
141 0.027 0.988 0.937
142 0.027 0.988 0.937
143 0.027 0.988 0.938
144 0.027 0.988 0.938
145 0.027 0.988 0.938
146 0.027 0.988 0.938
147 0.027 0.988 0.938
148 0.027 0.989 0.938
149 0.027 0.989 0.938
150 0.027 0.989 0.938
151 0.027 0.989 0.938
152 0.027 0.989 0.938
153 0.028 0.989 0.938
154 0.028 0.989 0.938
155 0.028 0.989 0.938
156 0.028 0.989 0.939
157 0.028 0.989 0.939
158 0.028 0.989 0.939
159 0.028 0.989 0.939
160 0.028 0.989 0.939
161 0.028 0.989 0.940
162 0.029 0.989 0.940
163 0.029 0.989 0.940
164 0.029 0.989 0.940
165 0.029 0.989 0.940
166 0.029 0.989 0.940
167 0.029 0.989 0.940
168 0.029 0.989 0.941
169 0.029 0.989 0.941
170 0.029 0.989 0.941
171 0.029 0.989 0.941
172 0.029 0.989 0.941
173 0.029 0.989 0.941
174 0.030 0.989 0.941
175 0.030 0.989 0.941
176 0.030 0.989 0.942
177 0.030 0.989 0.942
178 0.030 0.989 0.942
179 0.030 0.989 0.943
180 0.030 0.989 0.943
181 0.030 0.989 0.943
182 0.030 0.990 0.943
183 0.030 0.990 0.943
184 0.031 0.990 0.943
185 0.031 0.990 0.943
186 0.031 0.990 0.943
187 0.031 0.990 0.944
188 0.031 0.990 0.944
189 0.031 0.990 0.944
190 0.031 0.990 0.944
191 0.031 0.990 0.944
192 0.031 0.990 0.944
193 0.031 0.990 0.945
194 0.031 0.990 0.945
195 0.032 0.990 0.945
196 0.032 0.990 0.945
197 0.032 0.990 0.945
198 0.032 0.990 0.945
199 0.032 0.990 0.945
200 0.033 0.990 0.946
201 0.033 0.990 0.946
202 0.033 0.990 0.946
203 0.033 0.990 0.946
204 0.033 0.990 0.946
205 0.033 0.990 0.946
206 0.033 0.990 0.946
207 0.033 0.990 0.946
208 0.033 0.990 0.946
209 0.034 0.990 0.947
210 0.034 0.990 0.947
211 0.034 0.990 0.947
212 0.034 0.990 0.947
213 0.034 0.990 0.947
214 0.034 0.990 0.947
215 0.034 0.990 0.948
216 0.034 0.990 0.948
217 0.034 0.990 0.948
218 0.034 0.990 0.948
219 0.034 0.990 0.948
220 0.034 0.990 0.948
221 0.034 0.990 0.948
222 0.035 0.990 0.948
223 0.035 0.990 0.948
224 0.035 0.991 0.948
225 0.035 0.991 0.948
226 0.035 0.991 0.948
227 0.035 0.991 0.949
228 0.035 0.991 0.949
229 0.035 0.991 0.949
230 0.035 0.991 0.949
231 0.035 0.991 0.949
232 0.035 0.991 0.949
233 0.035 0.991 0.949
234 0.035 0.991 0.949
235 0.036 0.991 0.949
236 0.036 0.991 0.949
237 0.036 0.991 0.949
238 0.036 0.991 0.949
239 0.036 0.991 0.949
240 0.036 0.991 0.949
241 0.036 0.991 0.949
242 0.037 0.991 0.950
243 0.037 0.991 0.950
244 0.037 0.991 0.950
245 0.037 0.991 0.950
246 0.037 0.991 0.950
247 0.037 0.991 0.950
248 0.037 0.991 0.950
249 0.037 0.991 0.950
250 0.037 0.991 0.950
251 0.037 0.991 0.950
252 0.037 0.991 0.951
253 0.037 0.991 0.951
254 0.038 0.991 0.951
255 0.038 0.991 0.951
256 0.038 0.991 0.951
257 0.038 0.991 0.951
258 0.038 0.991 0.951
259 0.038 0.991 0.951
260 0.038 0.991 0.951
261 0.038 0.991 0.951
262 0.038 0.991 0.951
263 0.038 0.991 0.951
264 0.038 0.991 0.951
265 0.038 0.991 0.951
266 0.038 0.991 0.952
267 0.038 0.991 0.952
268 0.038 0.991 0.952
269 0.038 0.991 0.952
270 0.038 0.991 0.952
271 0.038 0.991 0.952
272 0.039 0.991 0.952
273 0.039 0.991 0.952
274 0.039 0.991 0.952
275 0.039 0.991 0.953
276 0.039 0.991 0.953
277 0.039 0.991 0.953
278 0.039 0.991 0.953
279 0.039 0.991 0.953
280 0.039 0.992 0.953
281 0.039 0.992 0.953
282 0.039 0.992 0.953
283 0.039 0.992 0.953
284 0.039 0.992 0.953
285 0.040 0.992 0.953
286 0.040 0.992 0.953
287 0.040 0.992 0.953
288 0.040 0.992 0.953
289 0.040 0.992 0.953
290 0.040 0.992 0.954
291 0.040 0.992 0.954
292 0.040 0.992 0.954
293 0.040 0.992 0.954
294 0.040 0.992 0.954
295 0.040 0.992 0.954
296 0.040 0.992 0.954
297 0.040 0.992 0.954
298 0.040 0.992 0.954
299 0.040 0.992 0.954
300 0.040 0.992 0.954
301 0.040 0.992 0.954
302 0.041 0.992 0.954
303 0.041 0.992 0.955
304 0.041 0.992 0.955
305 0.041 0.992 0.955
306 0.041 0.992 0.955
307 0.041 0.992 0.955
308 0.041 0.992 0.955
309 0.041 0.992 0.955
310 0.041 0.992 0.955
311 0.041 0.992 0.955
312 0.042 0.992 0.955
313 0.042 0.992 0.955
314 0.042 0.992 0.955
315 0.042 0.992 0.955
316 0.042 0.992 0.955
317 0.042 0.992 0.955
318 0.042 0.992 0.955
319 0.042 0.992 0.955
320 0.042 0.992 0.955
321 0.042 0.992 0.955
322 0.042 0.992 0.955
323 0.042 0.992 0.956
324 0.042 0.992 0.956
325 0.042 0.992 0.956
326 0.042 0.992 0.956
327 0.042 0.992 0.956
328 0.042 0.992 0.956
329 0.042 0.992 0.956
330 0.042 0.992 0.956
331 0.042 0.992 0.956
332 0.043 0.992 0.956
333 0.043 0.992 0.956
334 0.043 0.992 0.956
335 0.043 0.992 0.956
336 0.043 0.992 0.956
337 0.043 0.992 0.957
338 0.043 0.992 0.957
339 0.043 0.992 0.957
340 0.043 0.992 0.957
341 0.043 0.992 0.957
342 0.043 0.992 0.957
343 0.043 0.992 0.957
344 0.043 0.992 0.957
345 0.043 0.992 0.957
346 0.043 0.992 0.957
347 0.043 0.992 0.957
348 0.043 0.992 0.957
349 0.043 0.992 0.957
350 0.043 0.992 0.958
351 0.043 0.992 0.958
352 0.043 0.992 0.958
353 0.043 0.992 0.958
354 0.043 0.992 0.958
355 0.044 0.992 0.958
356 0.044 0.992 0.958
357 0.044 0.992 0.958
358 0.044 0.992 0.958
359 0.044 0.992 0.958
360 0.044 0.992 0.958
361 0.044 0.992 0.958
362 0.044 0.992 0.958
363 0.044 0.992 0.958
364 0.044 0.992 0.959
365 0.044 0.992 0.959
366 0.044 0.992 0.959
367 0.044 0.992 0.959
368 0.044 0.992 0.959
369 0.044 0.992 0.959
370 0.044 0.992 0.959
371 0.044 0.992 0.959
372 0.044 0.992 0.959
373 0.045 0.992 0.959
374 0.045 0.993 0.959
375 0.045 0.993 0.959
376 0.045 0.993 0.959
377 0.045 0.993 0.959
378 0.045 0.993 0.959
379 0.045 0.993 0.959
380 0.045 0.993 0.959
381 0.045 0.993 0.959
382 0.045 0.993 0.960
383 0.045 0.993 0.960
384 0.045 0.993 0.960
385 0.045 0.993 0.960
386 0.045 0.993 0.960
387 0.045 0.993 0.960
388 0.046 0.993 0.960
389 0.046 0.993 0.960
390 0.046 0.993 0.960
391 0.046 0.993 0.960
392 0.046 0.993 0.960
393 0.046 0.993 0.960
394 0.046 0.993 0.960
395 0.046 0.993 0.960
396 0.046 0.993 0.960
397 0.046 0.993 0.960
398 0.046 0.993 0.960
399 0.046 0.993 0.960
400 0.046 0.993 0.960
401 0.046 0.993 0.960
402 0.046 0.993 0.961
403 0.046 0.993 0.961
404 0.046 0.993 0.961
405 0.046 0.993 0.961
406 0.046 0.993 0.961
407 0.046 0.993 0.961
408 0.046 0.993 0.961
409 0.046 0.993 0.961
410 0.046 0.993 0.961
411 0.046 0.993 0.961
412 0.046 0.993 0.961
413 0.046 0.993 0.961
414 0.046 0.993 0.961
415 0.047 0.993 0.961
416 0.047 0.993 0.961
417 0.047 0.993 0.961
418 0.047 0.993 0.962
419 0.047 0.993 0.962
420 0.047 0.993 0.962
421 0.047 0.993 0.962
422 0.047 0.993 0.962
423 0.047 0.993 0.962
424 0.047 0.993 0.962
425 0.047 0.993 0.962
426 0.047 0.993 0.962
427 0.048 0.993 0.962
428 0.048 0.993 0.962
429 0.048 0.993 0.962
430 0.048 0.993 0.962
431 0.048 0.993 0.962
432 0.048 0.993 0.962
433 0.048 0.993 0.963
434 0.048 0.993 0.963
435 0.048 0.993 0.963
436 0.048 0.993 0.963
437 0.048 0.993 0.963
438 0.048 0.993 0.963
439 0.048 0.993 0.963
440 0.048 0.993 0.963
441 0.048 0.993 0.963
442 0.048 0.993 0.963
443 0.048 0.993 0.963
444 0.048 0.993 0.963
445 0.048 0.993 0.963
446 0.048 0.993 0.963
447 0.048 0.993 0.963
448 0.048 0.993 0.963
449 0.049 0.993 0.963
450 0.049 0.993 0.963
451 0.049 0.993 0.964
452 0.049 0.993 0.964
453 0.049 0.993 0.964
454 0.049 0.993 0.964
455 0.049 0.993 0.964
456 0.049 0.993 0.964
457 0.049 0.993 0.964
458 0.049 0.993 0.964
459 0.049 0.993 0.964
460 0.049 0.993 0.964
461 0.049 0.993 0.964
462 0.049 0.993 0.964
463 0.049 0.993 0.965
464 0.049 0.993 0.965
465 0.049 0.993 0.965
466 0.049 0.993 0.965
467 0.049 0.993 0.965
468 0.049 0.993 0.965
469 0.049 0.993 0.965
470 0.049 0.993 0.965
471 0.049 0.993 0.965
472 0.049 0.993 0.965
473 0.049 0.993 0.965
474 0.050 0.993 0.965
475 0.050 0.993 0.965
476 0.050 0.994 0.965
477 0.050 0.994 0.965
478 0.050 0.994 0.965
479 0.050 0.994 0.965
480 0.050 0.994 0.965
481 0.050 0.994 0.965
482 0.050 0.994 0.965
483 0.050 0.994 0.965
484 0.050 0.994 0.965
485 0.050 0.994 0.965
486 0.050 0.994 0.965
487 0.050 0.994 0.965
488 0.050 0.994 0.966
489 0.050 0.994 0.966
490 0.050 0.994 0.966
491 0.050 0.994 0.966
492 0.050 0.994 0.966
493 0.050 0.994 0.966
494 0.050 0.994 0.966
495 0.050 0.994 0.966
496 0.050 0.994 0.966
497 0.050 0.994 0.966
498 0.050 0.994 0.966
499 0.050 0.994 0.966
500 0.051 0.994 0.966
501 0.051 0.994 0.966
502 0.051 0.994 0.966
503 0.051 0.994 0.966
504 0.051 0.994 0.966
505 0.051 0.994 0.966
506 0.051 0.994 0.966
507 0.051 0.994 0.966
508 0.051 0.994 0.966
509 0.051 0.994 0.966
510 0.051 0.994 0.966
511 0.051 0.994 0.967
512 0.051 0.994 0.967
513 0.051 0.994 0.967
514 0.051 0.994 0.967
515 0.051 0.994 0.967
516 0.051 0.994 0.967
517 0.051 0.994 0.967
518 0.051 0.994 0.967
519 0.051 0.994 0.967
520 0.051 0.994 0.967
521 0.051 0.994 0.967
522 0.051 0.994 0.967
523 0.051 0.994 0.967
524 0.051 0.994 0.967
525 0.051 0.994 0.967
526 0.051 0.994 0.967
527 0.051 0.994 0.967
528 0.051 0.994 0.967
529 0.051 0.994 0.967
530 0.051 0.994 0.967
531 0.051 0.994 0.967
532 0.051 0.994 0.967
533 0.052 0.994 0.967
534 0.052 0.994 0.967
535 0.052 0.994 0.967
536 0.052 0.994 0.967
537 0.052 0.994 0.967
538 0.052 0.994 0.967
539 0.052 0.994 0.967
540 0.052 0.994 0.967
541 0.052 0.994 0.968
542 0.052 0.994 0.968
543 0.052 0.994 0.968
544 0.052 0.994 0.968
545 0.052 0.994 0.968
546 0.052 0.994 0.968
547 0.052 0.994 0.968
548 0.052 0.994 0.968
549 0.052 0.994 0.968
550 0.052 0.994 0.968
551 0.053 0.994 0.968
552 0.053 0.994 0.968
553 0.053 0.994 0.968
554 0.053 0.994 0.968
555 0.053 0.994 0.968
556 0.053 0.994 0.968
557 0.053 0.994 0.968
558 0.053 0.994 0.968
559 0.053 0.994 0.968
560 0.053 0.994 0.968
561 0.053 0.994 0.969
562 0.053 0.994 0.969
563 0.053 0.994 0.969
564 0.053 0.994 0.969
565 0.054 0.994 0.969
566 0.054 0.994 0.969
567 0.054 0.994 0.969
568 0.054 0.994 0.969
569 0.054 0.994 0.969
570 0.054 0.994 0.969
571 0.054 0.994 0.969
572 0.054 0.994 0.969
573 0.054 0.994 0.969
574 0.054 0.994 0.969
575 0.054 0.994 0.969
576 0.054 0.994 0.969
577 0.054 0.994 0.969
578 0.054 0.994 0.970
579 0.054 0.994 0.970
580 0.054 0.994 0.970
581 0.054 0.994 0.970
582 0.054 0.994 0.970
583 0.054 0.994 0.970
584 0.054 0.994 0.970
585 0.054 0.994 0.970
586 0.054 0.994 0.970
587 0.054 0.994 0.970
588 0.054 0.994 0.970
589 0.054 0.994 0.970
590 0.054 0.994 0.970
591 0.055 0.994 0.970
592 0.055 0.994 0.970
593 0.055 0.994 0.970
594 0.055 0.994 0.970
595 0.055 0.994 0.970
596 0.055 0.994 0.970
597 0.055 0.994 0.970
598 0.055 0.994 0.970
599 0.055 0.994 0.970
600 0.055 0.994 0.970
601 0.056 0.994 0.970
602 0.056 0.994 0.970
603 0.056 0.994 0.970
604 0.056 0.994 0.971
605 0.056 0.994 0.971
606 0.056 0.994 0.971
607 0.056 0.994 0.971
608 0.056 0.994 0.971
609 0.056 0.994 0.971
610 0.056 0.994 0.971
611 0.056 0.994 0.971
612 0.056 0.994 0.971
613 0.056 0.994 0.971
614 0.056 0.994 0.971
615 0.056 0.994 0.971
616 0.056 0.994 0.971
617 0.056 0.994 0.971
618 0.056 0.994 0.971
619 0.056 0.994 0.971
620 0.056 0.995 0.971
621 0.056 0.995 0.971
622 0.056 0.995 0.971
623 0.056 0.995 0.971
624 0.057 0.995 0.972
625 0.057 0.995 0.972
626 0.057 0.995 0.972
627 0.057 0.995 0.972
628 0.057 0.995 0.972
629 0.057 0.995 0.972
630 0.057 0.995 0.972
631 0.057 0.995 0.972
632 0.057 0.995 0.972
633 0.057 0.995 0.972
634 0.057 0.995 0.972
635 0.057 0.995 0.972
636 0.057 0.995 0.972
637 0.057 0.995 0.972
638 0.057 0.995 0.972
639 0.057 0.995 0.972
640 0.057 0.995 0.972
641 0.057 0.995 0.972
642 0.057 0.995 0.972
643 0.057 0.995 0.972
644 0.057 0.995 0.972
645 0.057 0.995 0.972
646 0.057 0.995 0.973
647 0.057 0.995 0.973
648 0.057 0.995 0.973
649 0.057 0.995 0.973
650 0.057 0.995 0.973
651 0.058 0.995 0.973
652 0.058 0.995 0.973
653 0.058 0.995 0.973
654 0.058 0.995 0.973
655 0.058 0.995 0.973
656 0.058 0.995 0.973
657 0.058 0.995 0.973
658 0.058 0.995 0.973
659 0.058 0.995 0.973
660 0.058 0.995 0.973
661 0.058 0.995 0.973
662 0.058 0.995 0.973
663 0.058 0.995 0.973
664 0.058 0.995 0.973
665 0.058 0.995 0.973
666 0.058 0.995 0.974
667 0.058 0.995 0.974
668 0.058 0.995 0.974
669 0.058 0.995 0.974
670 0.058 0.995 0.974
671 0.058 0.995 0.974
672 0.058 0.995 0.974
673 0.058 0.995 0.974
674 0.058 0.995 0.974
675 0.058 0.995 0.974
676 0.058 0.995 0.974
677 0.059 0.995 0.974
678 0.059 0.995 0.974
679 0.059 0.995 0.974
680 0.059 0.995 0.974
681 0.059 0.995 0.974
682 0.059 0.995 0.974
683 0.059 0.995 0.974
684 0.059 0.995 0.974
685 0.059 0.995 0.974
686 0.059 0.995 0.974
687 0.059 0.995 0.975
688 0.059 0.995 0.975
689 0.059 0.995 0.975
690 0.059 0.995 0.975
691 0.059 0.995 0.975
692 0.059 0.995 0.975
693 0.059 0.995 0.975
694 0.059 0.995 0.975
695 0.059 0.995 0.975
696 0.059 0.995 0.975
697 0.059 0.995 0.975
698 0.059 0.995 0.975
699 0.059 0.995 0.975
700 0.059 0.995 0.975
701 0.059 0.995 0.975
702 0.059 0.995 0.975
703 0.059 0.995 0.975
704 0.059 0.995 0.975
705 0.059 0.995 0.975
706 0.060 0.995 0.975
707 0.060 0.995 0.975
708 0.060 0.995 0.975
709 0.060 0.995 0.975
710 0.060 0.995 0.975
711 0.060 0.995 0.975
712 0.060 0.995 0.975
713 0.060 0.995 0.975
714 0.060 0.995 0.976
715 0.060 0.995 0.976
716 0.060 0.995 0.976
717 0.060 0.995 0.976
718 0.060 0.995 0.976
719 0.060 0.995 0.976
720 0.060 0.995 0.976
721 0.060 0.995 0.976
722 0.060 0.995 0.976
723 0.060 0.995 0.976
724 0.060 0.995 0.976
725 0.060 0.995 0.976
726 0.060 0.995 0.976
727 0.060 0.995 0.976
728 0.060 0.995 0.976
729 0.060 0.995 0.976
730 0.060 0.995 0.976
731 0.060 0.995 0.976
732 0.060 0.995 0.976
733 0.060 0.995 0.976
734 0.060 0.995 0.976
735 0.060 0.995 0.976
736 0.060 0.995 0.976
737 0.060 0.995 0.976
738 0.060 0.995 0.976
739 0.060 0.995 0.976
740 0.060 0.995 0.976
741 0.060 0.995 0.977
742 0.061 0.995 0.977
743 0.061 0.995 0.977
744 0.061 0.995 0.977
745 0.061 0.995 0.977
746 0.061 0.995 0.977
747 0.061 0.995 0.977
748 0.061 0.995 0.977
749 0.061 0.995 0.977
750 0.061 0.995 0.977
751 0.061 0.995 0.977
752 0.061 0.995 0.977
753 0.061 0.995 0.977
754 0.061 0.995 0.977
755 0.061 0.995 0.977
756 0.061 0.995 0.977
757 0.061 0.995 0.977
758 0.061 0.995 0.977
759 0.061 0.995 0.977
760 0.061 0.995 0.977
761 0.061 0.995 0.977
762 0.061 0.995 0.977
763 0.061 0.995 0.977
764 0.061 0.995 0.977
765 0.061 0.995 0.977
766 0.061 0.995 0.977
767 0.061 0.995 0.977
768 0.061 0.995 0.977
769 0.061 0.995 0.977
770 0.061 0.995 0.977
771 0.062 0.995 0.977
772 0.062 0.996 0.977
773 0.062 0.996 0.977
774 0.062 0.996 0.977
775 0.062 0.996 0.978
776 0.062 0.996 0.978
777 0.062 0.996 0.978
778 0.062 0.996 0.978
779 0.062 0.996 0.978
780 0.062 0.996 0.978
781 0.062 0.996 0.978
782 0.062 0.996 0.978
783 0.062 0.996 0.978
784 0.062 0.996 0.978
785 0.062 0.996 0.978
786 0.062 0.996 0.978
787 0.062 0.996 0.978
788 0.062 0.996 0.978
789 0.062 0.996 0.978
790 0.062 0.996 0.978
791 0.063 0.996 0.978
792 0.063 0.996 0.978
793 0.063 0.996 0.978
794 0.063 0.996 0.978
795 0.063 0.996 0.978
796 0.063 0.996 0.978
797 0.063 0.996 0.978
798 0.063 0.996 0.978
799 0.063 0.996 0.978
800 0.063 0.996 0.978
801 0.063 0.996 0.978
802 0.063 0.996 0.978
803 0.063 0.996 0.978
804 0.063 0.996 0.978
805 0.063 0.996 0.978
806 0.063 0.996 0.978
807 0.063 0.996 0.978
808 0.063 0.996 0.978
809 0.063 0.996 0.978
810 0.063 0.996 0.978
811 0.063 0.996 0.978
812 0.063 0.996 0.979
813 0.063 0.996 0.979
814 0.063 0.996 0.979
815 0.063 0.996 0.979
816 0.063 0.996 0.979
817 0.064 0.996 0.979
818 0.064 0.996 0.979
819 0.064 0.996 0.979
820 0.064 0.996 0.979
821 0.064 0.996 0.979
822 0.064 0.996 0.979
823 0.064 0.996 0.979
824 0.064 0.996 0.979
825 0.064 0.996 0.979
826 0.064 0.996 0.979
827 0.064 0.996 0.979
828 0.064 0.996 0.979
829 0.064 0.996 0.979
830 0.064 0.996 0.979
831 0.064 0.996 0.979
832 0.064 0.996 0.979
833 0.064 0.996 0.979
834 0.064 0.996 0.979
835 0.065 0.996 0.979
836 0.065 0.996 0.979
837 0.065 0.996 0.979
838 0.065 0.996 0.979
839 0.065 0.996 0.979
840 0.065 0.996 0.979
841 0.065 0.996 0.980
842 0.065 0.996 0.980
843 0.065 0.996 0.980
844 0.065 0.996 0.980
845 0.065 0.996 0.980
846 0.065 0.996 0.980
847 0.065 0.996 0.980
848 0.065 0.996 0.980
849 0.065 0.996 0.980
850 0.065 0.996 0.980
851 0.065 0.996 0.980
852 0.065 0.996 0.980
853 0.065 0.996 0.980
854 0.065 0.996 0.980
855 0.065 0.996 0.980
856 0.065 0.996 0.980
857 0.065 0.996 0.980
858 0.065 0.996 0.980
859 0.066 0.996 0.980
860 0.066 0.996 0.980
861 0.066 0.996 0.980
862 0.066 0.996 0.980
863 0.066 0.996 0.980
864 0.066 0.996 0.980
865 0.066 0.996 0.980
866 0.066 0.996 0.980
867 0.066 0.996 0.980
868 0.066 0.996 0.980
869 0.066 0.996 0.980
870 0.066 0.996 0.980
871 0.066 0.996 0.980
872 0.066 0.996 0.981
873 0.066 0.996 0.981
874 0.066 0.996 0.981
875 0.066 0.996 0.981
876 0.066 0.996 0.981
877 0.066 0.996 0.981
878 0.066 0.996 0.981
879 0.066 0.996 0.981
880 0.066 0.996 0.981
881 0.066 0.996 0.981
882 0.066 0.996 0.981
883 0.066 0.996 0.981
884 0.066 0.996 0.981
885 0.066 0.996 0.981
886 0.066 0.996 0.981
887 0.066 0.996 0.981
888 0.066 0.996 0.981
889 0.066 0.996 0.981
890 0.066 0.996 0.981
891 0.067 0.996 0.981
892 0.067 0.996 0.981
893 0.067 0.996 0.981
894 0.067 0.996 0.981
895 0.067 0.996 0.981
896 0.067 0.996 0.981
897 0.067 0.996 0.981
898 0.067 0.996 0.981
899 0.067 0.996 0.982
900 0.067 0.996 0.982
901 0.067 0.996 0.982
902 0.067 0.996 0.982
903 0.067 0.996 0.982
904 0.067 0.996 0.982
905 0.067 0.996 0.982
906 0.067 0.996 0.982
907 0.067 0.996 0.982
908 0.067 0.996 0.982
909 0.067 0.996 0.982
910 0.067 0.996 0.982
911 0.067 0.996 0.982
912 0.067 0.996 0.982
913 0.067 0.996 0.982
914 0.068 0.996 0.982
915 0.068 0.996 0.982
916 0.068 0.996 0.982
917 0.068 0.996 0.982
918 0.068 0.996 0.982
919 0.068 0.996 0.982
920 0.068 0.996 0.982
921 0.068 0.996 0.982
922 0.068 0.996 0.982
923 0.068 0.996 0.982
924 0.069 0.996 0.982
925 0.069 0.996 0.982
926 0.069 0.996 0.982
927 0.069 0.996 0.982
928 0.069 0.996 0.983
929 0.069 0.996 0.983
930 0.069 0.996 0.983
931 0.069 0.996 0.983
932 0.069 0.996 0.983
933 0.069 0.996 0.983
934 0.069 0.996 0.983
935 0.069 0.996 0.983
936 0.069 0.996 0.983
937 0.069 0.996 0.983
938 0.069 0.996 0.983
939 0.069 0.996 0.983
940 0.069 0.996 0.983
941 0.069 0.996 0.983
942 0.069 0.996 0.983
943 0.069 0.996 0.983
944 0.069 0.996 0.983
945 0.069 0.996 0.983
946 0.069 0.996 0.983
947 0.069 0.996 0.983
948 0.070 0.996 0.983
949 0.070 0.996 0.983
950 0.070 0.996 0.983
951 0.070 0.996 0.983
952 0.070 0.996 0.983
953 0.070 0.996 0.983
954 0.070 0.996 0.983
955 0.070 0.996 0.983
956 0.070 0.996 0.983
957 0.070 0.996 0.983
958 0.070 0.996 0.983
959 0.070 0.996 0.983
960 0.070 0.996 0.983
961 0.070 0.996 0.983
962 0.070 0.996 0.983
963 0.070 0.996 0.983
964 0.070 0.996 0.983
965 0.070 0.996 0.983
966 0.070 0.996 0.983
967 0.070 0.996 0.983
968 0.070 0.996 0.983
969 0.070 0.996 0.983
970 0.070 0.996 0.983
971 0.070 0.996 0.984
972 0.071 0.996 0.984
973 0.071 0.996 0.984
974 0.071 0.996 0.984
975 0.071 0.996 0.984
976 0.071 0.996 0.984
977 0.071 0.996 0.984
978 0.071 0.996 0.984
979 0.071 0.996 0.984
980 0.071 0.996 0.984
981 0.071 0.996 0.984
982 0.071 0.996 0.984
983 0.071 0.996 0.984
984 0.071 0.996 0.984
985 0.071 0.997 0.984
986 0.071 0.997 0.984
987 0.071 0.997 0.984
988 0.071 0.997 0.984
989 0.071 0.997 0.984
990 0.071 0.997 0.984
991 0.072 0.997 0.984
992 0.072 0.997 0.984
993 0.072 0.997 0.984
994 0.072 0.997 0.984
995 0.072 0.997 0.984
996 0.072 0.997 0.984
997 0.072 0.997 0.984
998 0.072 0.997 0.984
999 0.072 0.997 0.984
1000 0.072 0.997 0.984
1001 0.072 0.997 0.984
1002 0.072 0.997 0.984
1003 0.072 0.997 0.984
1004 0.072 0.997 0.984
1005 0.072 0.997 0.984
1006 0.072 0.997 0.984
1007 0.072 0.997 0.984
1008 0.072 0.997 0.985
1009 0.072 0.997 0.985
1010 0.072 0.997 0.985
1011 0.072 0.997 0.985
1012 0.072 0.997 0.985
1013 0.072 0.997 0.985
1014 0.072 0.997 0.985
1015 0.072 0.997 0.985
1016 0.072 0.997 0.985
1017 0.072 0.997 0.985
1018 0.072 0.997 0.985
1019 0.072 0.997 0.985
1020 0.072 0.997 0.985
1021 0.073 0.997 0.985
1022 0.073 0.997 0.985
1023 0.073 0.997 0.985
1024 0.073 0.997 0.985
1025 0.073 0.997 0.985
1026 0.073 0.997 0.985
1027 0.073 0.997 0.985
1028 0.073 0.997 0.985
1029 0.073 0.997 0.985
1030 0.073 0.997 0.985
1031 0.073 0.997 0.985
1032 0.073 0.997 0.985
1033 0.073 0.997 0.985
1034 0.073 0.997 0.985
1035 0.073 0.997 0.985
1036 0.073 0.997 0.985
1037 0.073 0.997 0.985
1038 0.073 0.997 0.985
1039 0.073 0.997 0.985
1040 0.073 0.997 0.985
1041 0.073 0.997 0.985
1042 0.073 0.997 0.985
1043 0.074 0.997 0.986
1044 0.074 0.997 0.986
1045 0.074 0.997 0.986
1046 0.074 0.997 0.986
1047 0.074 0.997 0.986
1048 0.074 0.997 0.986
1049 0.074 0.997 0.986
1050 0.074 0.997 0.986
1051 0.074 0.997 0.986
1052 0.074 0.997 0.986
1053 0.074 0.997 0.986
1054 0.074 0.997 0.986
1055 0.074 0.997 0.986
1056 0.074 0.997 0.986
1057 0.074 0.997 0.986
1058 0.074 0.997 0.986
1059 0.074 0.997 0.986
1060 0.074 0.997 0.986
1061 0.074 0.997 0.986
1062 0.074 0.997 0.986
1063 0.074 0.997 0.986
1064 0.074 0.997 0.986
1065 0.074 0.997 0.986
1066 0.074 0.997 0.986
1067 0.074 0.997 0.986
1068 0.074 0.997 0.986
1069 0.075 0.997 0.986
1070 0.075 0.997 0.986
1071 0.075 0.997 0.986
1072 0.075 0.997 0.986
1073 0.075 0.997 0.986
1074 0.075 0.997 0.986
1075 0.075 0.997 0.986
1076 0.075 0.997 0.986
1077 0.075 0.997 0.986
1078 0.075 0.997 0.986
1079 0.075 0.997 0.987
1080 0.075 0.997 0.987
1081 0.075 0.997 0.987
1082 0.075 0.997 0.987
1083 0.075 0.997 0.987
1084 0.075 0.997 0.987
1085 0.075 0.997 0.987
1086 0.076 0.997 0.987
1087 0.076 0.997 0.987
1088 0.076 0.997 0.987
1089 0.076 0.997 0.987
1090 0.076 0.997 0.987
1091 0.076 0.997 0.987
1092 0.076 0.997 0.987
1093 0.076 0.997 0.987
1094 0.076 0.997 0.987
1095 0.076 0.997 0.987
1096 0.076 0.997 0.987
1097 0.076 0.997 0.987
1098 0.076 0.997 0.987
1099 0.076 0.997 0.987
1100 0.076 0.997 0.987
1101 0.076 0.997 0.987
1102 0.076 0.997 0.987
1103 0.076 0.997 0.987
1104 0.076 0.997 0.987
1105 0.076 0.997 0.987
1106 0.076 0.997 0.987
1107 0.076 0.997 0.987
1108 0.077 0.997 0.987
1109 0.077 0.997 0.987
1110 0.077 0.997 0.987
1111 0.077 0.997 0.987
1112 0.077 0.997 0.987
1113 0.077 0.997 0.987
1114 0.077 0.997 0.987
1115 0.077 0.997 0.987
1116 0.077 0.997 0.987
1117 0.077 0.997 0.987
1118 0.077 0.997 0.987
1119 0.077 0.997 0.987
1120 0.077 0.997 0.987
1121 0.077 0.997 0.987
1122 0.077 0.997 0.987
1123 0.077 0.997 0.987
1124 0.077 0.997 0.987
1125 0.077 0.997 0.987
1126 0.077 0.997 0.987
1127 0.077 0.997 0.987
1128 0.077 0.997 0.987
1129 0.077 0.997 0.987
1130 0.077 0.997 0.987
1131 0.077 0.997 0.987
1132 0.078 0.997 0.987
1133 0.078 0.997 0.987
1134 0.078 0.997 0.987
1135 0.078 0.997 0.987
1136 0.078 0.997 0.987
1137 0.078 0.997 0.987
1138 0.078 0.997 0.987
1139 0.078 0.997 0.987
1140 0.078 0.997 0.988
1141 0.078 0.997 0.988
1142 0.078 0.997 0.988
1143 0.078 0.997 0.988
1144 0.078 0.997 0.988
1145 0.078 0.997 0.988
1146 0.078 0.997 0.988
1147 0.078 0.997 0.988
1148 0.078 0.997 0.988
1149 0.078 0.997 0.988
1150 0.078 0.997 0.988
1151 0.079 0.997 0.988
1152 0.079 0.997 0.988
1153 0.079 0.997 0.988
1154 0.079 0.997 0.988
1155 0.079 0.997 0.988
1156 0.079 0.997 0.988
1157 0.079 0.997 0.988
1158 0.079 0.997 0.988
1159 0.079 0.997 0.988
1160 0.079 0.997 0.988
1161 0.079 0.997 0.988
1162 0.079 0.997 0.988
1163 0.079 0.997 0.988
1164 0.079 0.997 0.988
1165 0.079 0.997 0.988
1166 0.079 0.997 0.988
1167 0.079 0.997 0.988
1168 0.079 0.997 0.988
1169 0.079 0.997 0.988
1170 0.079 0.997 0.988
1171 0.079 0.997 0.988
1172 0.079 0.997 0.988
1173 0.079 0.997 0.988
1174 0.079 0.997 0.988
1175 0.079 0.997 0.988
1176 0.079 0.997 0.988
1177 0.079 0.997 0.988
1178 0.079 0.997 0.988
1179 0.079 0.997 0.988
1180 0.080 0.997 0.988
1181 0.080 0.997 0.988
1182 0.080 0.997 0.988
1183 0.080 0.997 0.988
1184 0.080 0.997 0.988
1185 0.080 0.997 0.988
1186 0.080 0.997 0.988
1187 0.080 0.997 0.988
1188 0.080 0.997 0.988
1189 0.080 0.997 0.988
1190 0.080 0.997 0.988
1191 0.080 0.997 0.988
1192 0.080 0.997 0.988
1193 0.080 0.997 0.988
1194 0.080 0.997 0.988
1195 0.080 0.997 0.988
1196 0.080 0.997 0.988
1197 0.080 0.997 0.988
1198 0.080 0.997 0.988
1199 0.080 0.997 0.988
1200 0.080 0.997 0.988
1201 0.080 0.997 0.989
1202 0.081 0.997 0.989
1203 0.081 0.997 0.989
1204 0.081 0.997 0.989
1205 0.081 0.997 0.989
1206 0.081 0.997 0.989
1207 0.081 0.997 0.989
1208 0.081 0.997 0.989
1209 0.081 0.997 0.989
1210 0.081 0.997 0.989
1211 0.081 0.997 0.989
1212 0.081 0.997 0.989
1213 0.081 0.997 0.989
1214 0.082 0.997 0.989
1215 0.082 0.997 0.989
1216 0.082 0.997 0.989
1217 0.082 0.997 0.989
1218 0.082 0.997 0.989
1219 0.082 0.997 0.989
1220 0.082 0.997 0.989
1221 0.082 0.997 0.989
1222 0.082 0.997 0.989
1223 0.082 0.997 0.989
1224 0.082 0.997 0.989
1225 0.082 0.997 0.989
1226 0.082 0.997 0.989
1227 0.082 0.997 0.989
1228 0.082 0.997 0.989
1229 0.083 0.997 0.989
1230 0.083 0.997 0.989
1231 0.083 0.997 0.989
1232 0.083 0.997 0.989
1233 0.083 0.997 0.989
1234 0.083 0.997 0.989
1235 0.083 0.997 0.989
1236 0.083 0.997 0.989
1237 0.083 0.997 0.989
1238 0.083 0.997 0.989
1239 0.083 0.997 0.989
1240 0.083 0.997 0.989
1241 0.083 0.997 0.989
1242 0.083 0.997 0.989
1243 0.083 0.997 0.989
1244 0.083 0.997 0.989
1245 0.083 0.997 0.989
1246 0.083 0.997 0.989
1247 0.084 0.997 0.989
1248 0.084 0.997 0.989
1249 0.084 0.997 0.989
1250 0.084 0.997 0.989
1251 0.084 0.997 0.989
1252 0.084 0.997 0.989
1253 0.084 0.997 0.989
1254 0.084 0.997 0.989
1255 0.084 0.997 0.989
1256 0.084 0.998 0.989
1257 0.084 0.998 0.989
1258 0.084 0.998 0.989
1259 0.084 0.998 0.989
1260 0.084 0.998 0.989
1261 0.084 0.998 0.989
1262 0.084 0.998 0.989
1263 0.084 0.998 0.990
1264 0.084 0.998 0.990
1265 0.084 0.998 0.990
1266 0.084 0.998 0.990
1267 0.084 0.998 0.990
1268 0.084 0.998 0.990
1269 0.084 0.998 0.990
1270 0.084 0.998 0.990
1271 0.084 0.998 0.990
1272 0.084 0.998 0.990
1273 0.085 0.998 0.990
1274 0.085 0.998 0.990
1275 0.085 0.998 0.990
1276 0.085 0.998 0.990
1277 0.085 0.998 0.990
1278 0.085 0.998 0.990
1279 0.085 0.998 0.990
1280 0.085 0.998 0.990
1281 0.085 0.998 0.990
1282 0.085 0.998 0.990
1283 0.085 0.998 0.990
1284 0.085 0.998 0.990
1285 0.085 0.998 0.990
1286 0.086 0.998 0.990
1287 0.086 0.998 0.990
1288 0.086 0.998 0.990
1289 0.086 0.998 0.990
1290 0.086 0.998 0.990
1291 0.086 0.998 0.990
1292 0.086 0.998 0.990
1293 0.086 0.998 0.990
1294 0.086 0.998 0.990
1295 0.086 0.998 0.990
1296 0.086 0.998 0.990
1297 0.086 0.998 0.990
1298 0.086 0.998 0.990
1299 0.086 0.998 0.990
1300 0.086 0.998 0.990
1301 0.086 0.998 0.990
1302 0.086 0.998 0.990
1303 0.086 0.998 0.990
1304 0.086 0.998 0.990
1305 0.087 0.998 0.990
1306 0.087 0.998 0.990
1307 0.087 0.998 0.990
1308 0.087 0.998 0.990
1309 0.087 0.998 0.990
1310 0.087 0.998 0.990
1311 0.087 0.998 0.990
1312 0.087 0.998 0.990
1313 0.087 0.998 0.990
1314 0.087 0.998 0.990
1315 0.088 0.998 0.990
1316 0.088 0.998 0.990
1317 0.088 0.998 0.990
1318 0.088 0.998 0.990
1319 0.088 0.998 0.990
1320 0.088 0.998 0.990
1321 0.088 0.998 0.990
1322 0.088 0.998 0.990
1323 0.088 0.998 0.990
1324 0.089 0.998 0.990
1325 0.089 0.998 0.990
1326 0.089 0.998 0.990
1327 0.089 0.998 0.990
1328 0.089 0.998 0.990
1329 0.089 0.998 0.990
1330 0.089 0.998 0.990
1331 0.089 0.998 0.990
1332 0.089 0.998 0.990
1333 0.089 0.998 0.990
1334 0.089 0.998 0.990
1335 0.089 0.998 0.990
1336 0.089 0.998 0.991
1337 0.090 0.998 0.991
1338 0.090 0.998 0.991
1339 0.090 0.998 0.991
1340 0.090 0.998 0.991
1341 0.090 0.998 0.991
1342 0.090 0.998 0.991
1343 0.090 0.998 0.991
1344 0.090 0.998 0.991
1345 0.090 0.998 0.991
1346 0.090 0.998 0.991
1347 0.091 0.998 0.991
1348 0.091 0.998 0.991
1349 0.091 0.998 0.991
1350 0.091 0.998 0.991
1351 0.091 0.998 0.991
1352 0.091 0.998 0.991
1353 0.091 0.998 0.991
1354 0.091 0.998 0.991
1355 0.091 0.998 0.991
1356 0.091 0.998 0.991
1357 0.091 0.998 0.991
1358 0.091 0.998 0.991
1359 0.091 0.998 0.991
1360 0.091 0.998 0.991
1361 0.091 0.998 0.991
1362 0.091 0.998 0.991
1363 0.091 0.998 0.991
1364 0.091 0.998 0.991
1365 0.092 0.998 0.991
1366 0.092 0.998 0.991
1367 0.092 0.998 0.991
1368 0.092 0.998 0.991
1369 0.092 0.998 0.991
1370 0.092 0.998 0.991
1371 0.092 0.998 0.991
1372 0.092 0.998 0.991
1373 0.092 0.998 0.991
1374 0.093 0.998 0.991
1375 0.093 0.998 0.991
1376 0.093 0.998 0.991
1377 0.093 0.998 0.991
1378 0.093 0.998 0.991
1379 0.093 0.998 0.991
1380 0.093 0.998 0.991
1381 0.093 0.998 0.991
1382 0.093 0.998 0.991
1383 0.093 0.998 0.991
1384 0.093 0.998 0.991
1385 0.093 0.998 0.991
1386 0.093 0.998 0.991
1387 0.093 0.998 0.991
1388 0.093 0.998 0.991
1389 0.093 0.998 0.991
1390 0.093 0.998 0.991
1391 0.094 0.998 0.991
1392 0.094 0.998 0.991
1393 0.094 0.998 0.991
1394 0.094 0.998 0.991
1395 0.094 0.998 0.991
1396 0.094 0.998 0.991
1397 0.094 0.998 0.991
1398 0.094 0.998 0.991
1399 0.094 0.998 0.991
1400 0.094 0.998 0.991
1401 0.094 0.998 0.991
1402 0.094 0.998 0.991
1403 0.094 0.998 0.991
1404 0.094 0.998 0.991
1405 0.094 0.998 0.991
1406 0.095 0.998 0.991
1407 0.095 0.998 0.991
1408 0.095 0.998 0.991
1409 0.095 0.998 0.991
1410 0.095 0.998 0.991
1411 0.095 0.998 0.991
1412 0.095 0.998 0.991
1413 0.095 0.998 0.991
1414 0.095 0.998 0.991
1415 0.095 0.998 0.992
1416 0.095 0.998 0.992
1417 0.095 0.998 0.992
1418 0.095 0.998 0.992
1419 0.095 0.998 0.992
1420 0.095 0.998 0.992
1421 0.095 0.998 0.992
1422 0.095 0.998 0.992
1423 0.095 0.998 0.992
1424 0.095 0.998 0.992
1425 0.095 0.998 0.992
1426 0.095 0.998 0.992
1427 0.095 0.998 0.992
1428 0.096 0.998 0.992
1429 0.096 0.998 0.992
1430 0.096 0.998 0.992
1431 0.096 0.998 0.992
1432 0.096 0.998 0.992
1433 0.096 0.998 0.992
1434 0.096 0.998 0.992
1435 0.096 0.998 0.992
1436 0.096 0.998 0.992
1437 0.096 0.998 0.992
1438 0.096 0.998 0.992
1439 0.096 0.998 0.992
1440 0.096 0.998 0.992
1441 0.096 0.998 0.992
1442 0.096 0.998 0.992
1443 0.096 0.998 0.992
1444 0.096 0.998 0.992
1445 0.096 0.998 0.992
1446 0.097 0.998 0.992
1447 0.097 0.998 0.992
1448 0.097 0.998 0.992
1449 0.097 0.998 0.992
1450 0.097 0.998 0.992
1451 0.097 0.998 0.992
1452 0.097 0.998 0.992
1453 0.097 0.998 0.992
1454 0.097 0.998 0.992
1455 0.097 0.998 0.992
1456 0.097 0.998 0.992
1457 0.097 0.998 0.992
1458 0.098 0.998 0.992
1459 0.098 0.998 0.992
1460 0.098 0.998 0.992
1461 0.098 0.998 0.992
1462 0.098 0.998 0.992
1463 0.098 0.998 0.992
1464 0.098 0.998 0.992
1465 0.098 0.998 0.992
1466 0.098 0.998 0.992
1467 0.098 0.998 0.992
1468 0.098 0.998 0.992
1469 0.098 0.998 0.992
1470 0.098 0.998 0.992
1471 0.098 0.998 0.992
1472 0.098 0.998 0.992
1473 0.098 0.998 0.992
1474 0.098 0.998 0.992
1475 0.098 0.998 0.992
1476 0.099 0.998 0.992
1477 0.099 0.998 0.992
1478 0.099 0.998 0.992
1479 0.099 0.998 0.992
1480 0.099 0.998 0.992
1481 0.099 0.998 0.992
1482 0.099 0.998 0.992
1483 0.099 0.998 0.992
1484 0.099 0.998 0.992
1485 0.099 0.998 0.992
1486 0.099 0.998 0.992
1487 0.099 0.998 0.992
1488 0.099 0.998 0.992
1489 0.099 0.998 0.992
1490 0.099 0.998 0.992
1491 0.099 0.998 0.992
1492 0.099 0.998 0.992
1493 0.099 0.998 0.992
1494 0.099 0.998 0.992
1495 0.099 0.998 0.992
1496 0.099 0.998 0.992
1497 0.100 0.998 0.992
1498 0.100 0.998 0.992
1499 0.100 0.998 0.992
1500 0.100 0.998 0.992
1501 0.100 0.998 0.992
1502 0.100 0.998 0.992
1503 0.100 0.998 0.992
1504 0.100 0.998 0.992
1505 0.100 0.998 0.993
1506 0.100 0.998 0.993
1507 0.100 0.998 0.993
1508 0.100 0.998 0.993
1509 0.100 0.998 0.993
1510 0.100 0.998 0.993
1511 0.100 0.998 0.993
1512 0.100 0.998 0.993
1513 0.100 0.998 0.993
1514 0.100 0.998 0.993
1515 0.100 0.998 0.993
1516 0.100 0.998 0.993
1517 0.100 0.998 0.993
1518 0.100 0.998 0.993
1519 0.100 0.998 0.993
1520 0.100 0.998 0.993
1521 0.100 0.998 0.993
1522 0.100 0.998 0.993
1523 0.100 0.998 0.993
1524 0.100 0.998 0.993
1525 0.100 0.998 0.993
1526 0.100 0.998 0.993
1527 0.100 0.998 0.993
1528 0.101 0.998 0.993
1529 0.101 0.998 0.993
1530 0.101 0.998 0.993
1531 0.101 0.998 0.993
1532 0.101 0.998 0.993
1533 0.101 0.998 0.993
1534 0.101 0.998 0.993
1535 0.101 0.998 0.993
1536 0.101 0.998 0.993
1537 0.101 0.998 0.993
1538 0.101 0.998 0.993
1539 0.101 0.998 0.993
1540 0.101 0.998 0.993
1541 0.102 0.998 0.993
1542 0.102 0.998 0.993
1543 0.102 0.998 0.993
1544 0.102 0.998 0.993
1545 0.102 0.998 0.993
1546 0.102 0.998 0.993
1547 0.102 0.998 0.993
1548 0.102 0.998 0.993
1549 0.102 0.998 0.993
1550 0.102 0.998 0.993
1551 0.102 0.998 0.993
1552 0.102 0.998 0.993
1553 0.102 0.998 0.993
1554 0.102 0.998 0.993
1555 0.102 0.998 0.993
1556 0.102 0.998 0.993
1557 0.102 0.998 0.993
1558 0.102 0.998 0.993
1559 0.102 0.998 0.993
1560 0.102 0.998 0.993
1561 0.102 0.998 0.993
1562 0.102 0.998 0.993
1563 0.102 0.998 0.993
1564 0.102 0.998 0.993
1565 0.102 0.998 0.993
1566 0.102 0.998 0.993
1567 0.102 0.998 0.993
1568 0.102 0.998 0.993
1569 0.103 0.998 0.993
1570 0.103 0.998 0.993
1571 0.103 0.998 0.993
1572 0.103 0.998 0.993
1573 0.103 0.998 0.993
1574 0.103 0.998 0.993
1575 0.103 0.998 0.993
1576 0.103 0.998 0.993
1577 0.103 0.998 0.993
1578 0.103 0.998 0.993
1579 0.103 0.998 0.993
1580 0.103 0.998 0.993
1581 0.103 0.998 0.993
1582 0.103 0.998 0.993
1583 0.103 0.998 0.993
1584 0.103 0.998 0.993
1585 0.103 0.998 0.993
1586 0.103 0.998 0.993
1587 0.103 0.998 0.993
1588 0.103 0.998 0.993
1589 0.103 0.998 0.993
1590 0.103 0.998 0.993
1591 0.103 0.998 0.993
1592 0.103 0.998 0.993
1593 0.103 0.998 0.993
1594 0.103 0.998 0.994
1595 0.103 0.998 0.994
1596 0.104 0.998 0.994
1597 0.104 0.998 0.994
1598 0.104 0.998 0.994
1599 0.104 0.998 0.994
1600 0.104 0.998 0.994
1601 0.104 0.998 0.994
1602 0.104 0.998 0.994
1603 0.104 0.998 0.994
1604 0.104 0.998 0.994
1605 0.104 0.998 0.994
1606 0.104 0.998 0.994
1607 0.104 0.998 0.994
1608 0.104 0.998 0.994
1609 0.104 0.998 0.994
1610 0.104 0.999 0.994
1611 0.104 0.999 0.994
1612 0.104 0.999 0.994
1613 0.104 0.999 0.994
1614 0.104 0.999 0.994
1615 0.104 0.999 0.994
1616 0.104 0.999 0.994
1617 0.104 0.999 0.994
1618 0.104 0.999 0.994
1619 0.104 0.999 0.994
1620 0.104 0.999 0.994
1621 0.104 0.999 0.994
1622 0.104 0.999 0.994
1623 0.104 0.999 0.994
1624 0.104 0.999 0.994
1625 0.104 0.999 0.994
1626 0.104 0.999 0.994
1627 0.105 0.999 0.994
1628 0.105 0.999 0.994
1629 0.105 0.999 0.994
1630 0.105 0.999 0.994
1631 0.105 0.999 0.994
1632 0.105 0.999 0.994
1633 0.105 0.999 0.994
1634 0.105 0.999 0.994
1635 0.105 0.999 0.994
1636 0.105 0.999 0.994
1637 0.105 0.999 0.994
1638 0.105 0.999 0.994
1639 0.105 0.999 0.994
1640 0.105 0.999 0.994
1641 0.105 0.999 0.994
1642 0.105 0.999 0.994
1643 0.105 0.999 0.994
1644 0.105 0.999 0.994
1645 0.105 0.999 0.994
1646 0.105 0.999 0.994
1647 0.105 0.999 0.994
1648 0.105 0.999 0.994
1649 0.105 0.999 0.994
1650 0.105 0.999 0.994
1651 0.106 0.999 0.994
1652 0.106 0.999 0.994
1653 0.106 0.999 0.994
1654 0.106 0.999 0.994
1655 0.106 0.999 0.994
1656 0.106 0.999 0.994
1657 0.106 0.999 0.994
1658 0.106 0.999 0.994
1659 0.106 0.999 0.994
1660 0.106 0.999 0.994
1661 0.106 0.999 0.994
1662 0.106 0.999 0.994
1663 0.106 0.999 0.994
1664 0.106 0.999 0.994
1665 0.106 0.999 0.994
1666 0.106 0.999 0.994
1667 0.106 0.999 0.994
1668 0.106 0.999 0.994
1669 0.106 0.999 0.994
1670 0.106 0.999 0.994
1671 0.106 0.999 0.994
1672 0.106 0.999 0.994
1673 0.106 0.999 0.994
1674 0.106 0.999 0.994
1675 0.106 0.999 0.994
1676 0.106 0.999 0.994
1677 0.107 0.999 0.994
1678 0.107 0.999 0.994
1679 0.107 0.999 0.994
1680 0.107 0.999 0.994
1681 0.107 0.999 0.994
1682 0.107 0.999 0.994
1683 0.107 0.999 0.994
1684 0.107 0.999 0.994
1685 0.107 0.999 0.994
1686 0.107 0.999 0.994
1687 0.107 0.999 0.994
1688 0.107 0.999 0.994
1689 0.107 0.999 0.994
1690 0.107 0.999 0.994
1691 0.107 0.999 0.994
1692 0.107 0.999 0.994
1693 0.107 0.999 0.994
1694 0.107 0.999 0.994
1695 0.107 0.999 0.994
1696 0.107 0.999 0.994
1697 0.107 0.999 0.994
1698 0.107 0.999 0.994
1699 0.107 0.999 0.994
1700 0.108 0.999 0.994
1701 0.108 0.999 0.994
1702 0.108 0.999 0.994
1703 0.108 0.999 0.994
1704 0.108 0.999 0.994
1705 0.108 0.999 0.994
1706 0.108 0.999 0.994
1707 0.108 0.999 0.995
1708 0.108 0.999 0.995
1709 0.108 0.999 0.995
1710 0.108 0.999 0.995
1711 0.108 0.999 0.995
1712 0.108 0.999 0.995
1713 0.108 0.999 0.995
1714 0.108 0.999 0.995
1715 0.108 0.999 0.995
1716 0.108 0.999 0.995
1717 0.108 0.999 0.995
1718 0.108 0.999 0.995
1719 0.108 0.999 0.995
1720 0.108 0.999 0.995
1721 0.108 0.999 0.995
1722 0.108 0.999 0.995
1723 0.108 0.999 0.995
1724 0.108 0.999 0.995
1725 0.108 0.999 0.995
1726 0.108 0.999 0.995
1727 0.109 0.999 0.995
1728 0.109 0.999 0.995
1729 0.109 0.999 0.995
1730 0.109 0.999 0.995
1731 0.109 0.999 0.995
1732 0.109 0.999 0.995
1733 0.109 0.999 0.995
1734 0.109 0.999 0.995
1735 0.109 0.999 0.995
1736 0.109 0.999 0.995
1737 0.109 0.999 0.995
1738 0.109 0.999 0.995
1739 0.109 0.999 0.995
1740 0.110 0.999 0.995
1741 0.110 0.999 0.995
1742 0.110 0.999 0.995
1743 0.110 0.999 0.995
1744 0.110 0.999 0.995
1745 0.110 0.999 0.995
1746 0.110 0.999 0.995
1747 0.110 0.999 0.995
1748 0.110 0.999 0.995
1749 0.110 0.999 0.995
1750 0.110 0.999 0.995
1751 0.110 0.999 0.995
1752 0.110 0.999 0.995
1753 0.110 0.999 0.995
1754 0.110 0.999 0.995
1755 0.110 0.999 0.995
1756 0.110 0.999 0.995
1757 0.110 0.999 0.995
1758 0.110 0.999 0.995
1759 0.110 0.999 0.995
1760 0.110 0.999 0.995
1761 0.110 0.999 0.995
1762 0.110 0.999 0.995
1763 0.111 0.999 0.995
1764 0.111 0.999 0.995
1765 0.111 0.999 0.995
1766 0.111 0.999 0.995
1767 0.111 0.999 0.995
1768 0.111 0.999 0.995
1769 0.111 0.999 0.995
1770 0.111 0.999 0.995
1771 0.111 0.999 0.995
1772 0.111 0.999 0.995
1773 0.111 0.999 0.995
1774 0.111 0.999 0.995
1775 0.111 0.999 0.995
1776 0.111 0.999 0.995
1777 0.111 0.999 0.995
1778 0.111 0.999 0.995
1779 0.111 0.999 0.995
1780 0.111 0.999 0.995
1781 0.111 0.999 0.995
1782 0.111 0.999 0.995
1783 0.111 0.999 0.995
1784 0.111 0.999 0.995
1785 0.111 0.999 0.995
1786 0.111 0.999 0.995
1787 0.111 0.999 0.995
1788 0.112 0.999 0.995
1789 0.112 0.999 0.995
1790 0.112 0.999 0.995
1791 0.112 0.999 0.995
1792 0.112 0.999 0.995
1793 0.112 0.999 0.995
1794 0.112 0.999 0.995
1795 0.112 0.999 0.995
1796 0.112 0.999 0.995
1797 0.112 0.999 0.995
1798 0.112 0.999 0.995
1799 0.112 0.999 0.995
1800 0.112 0.999 0.995
1801 0.112 0.999 0.995
1802 0.112 0.999 0.995
1803 0.112 0.999 0.995
1804 0.112 0.999 0.995
1805 0.112 0.999 0.995
1806 0.112 0.999 0.995
1807 0.112 0.999 0.995
1808 0.112 0.999 0.995
1809 0.112 0.999 0.995
1810 0.112 0.999 0.995
1811 0.112 0.999 0.995
1812 0.112 0.999 0.995
1813 0.112 0.999 0.995
1814 0.113 0.999 0.995
1815 0.113 0.999 0.995
1816 0.113 0.999 0.995
1817 0.113 0.999 0.995
1818 0.113 0.999 0.995
1819 0.113 0.999 0.995
1820 0.113 0.999 0.995
1821 0.113 0.999 0.995
1822 0.113 0.999 0.995
1823 0.113 0.999 0.995
1824 0.113 0.999 0.995
1825 0.113 0.999 0.995
1826 0.113 0.999 0.995
1827 0.113 0.999 0.995
1828 0.113 0.999 0.995
1829 0.113 0.999 0.995
1830 0.113 0.999 0.995
1831 0.113 0.999 0.995
1832 0.113 0.999 0.995
1833 0.113 0.999 0.995
1834 0.113 0.999 0.995
1835 0.113 0.999 0.995
1836 0.113 0.999 0.995
1837 0.113 0.999 0.995
1838 0.113 0.999 0.995
1839 0.113 0.999 0.995
1840 0.113 0.999 0.995
1841 0.113 0.999 0.995
1842 0.113 0.999 0.995
1843 0.113 0.999 0.995
1844 0.113 0.999 0.995
1845 0.113 0.999 0.995
1846 0.114 0.999 0.995
1847 0.114 0.999 0.995
1848 0.114 0.999 0.995
1849 0.114 0.999 0.995
1850 0.114 0.999 0.995
1851 0.114 0.999 0.995
1852 0.114 0.999 0.995
1853 0.114 0.999 0.995
1854 0.114 0.999 0.996
1855 0.114 0.999 0.996
1856 0.114 0.999 0.996
1857 0.114 0.999 0.996
1858 0.114 0.999 0.996
1859 0.114 0.999 0.996
1860 0.114 0.999 0.996
1861 0.114 0.999 0.996
1862 0.114 0.999 0.996
1863 0.114 0.999 0.996
1864 0.114 0.999 0.996
1865 0.114 0.999 0.996
1866 0.114 0.999 0.996
1867 0.114 0.999 0.996
1868 0.115 0.999 0.996
1869 0.115 0.999 0.996
1870 0.115 0.999 0.996
1871 0.115 0.999 0.996
1872 0.115 0.999 0.996
1873 0.115 0.999 0.996
1874 0.115 0.999 0.996
1875 0.115 0.999 0.996
1876 0.115 0.999 0.996
1877 0.115 0.999 0.996
1878 0.115 0.999 0.996
1879 0.115 0.999 0.996
1880 0.115 0.999 0.996
1881 0.115 0.999 0.996
1882 0.115 0.999 0.996
1883 0.115 0.999 0.996
1884 0.115 0.999 0.996
1885 0.115 0.999 0.996
1886 0.115 0.999 0.996
1887 0.115 0.999 0.996
1888 0.115 0.999 0.996
1889 0.115 0.999 0.996
1890 0.116 0.999 0.996
1891 0.116 0.999 0.996
1892 0.116 0.999 0.996
1893 0.116 0.999 0.996
1894 0.116 0.999 0.996
1895 0.116 0.999 0.996
1896 0.116 0.999 0.996
1897 0.116 0.999 0.996
1898 0.116 0.999 0.996
1899 0.116 0.999 0.996
1900 0.116 0.999 0.996
1901 0.116 0.999 0.996
1902 0.116 0.999 0.996
1903 0.116 0.999 0.996
1904 0.116 0.999 0.996
1905 0.116 0.999 0.996
1906 0.116 0.999 0.996
1907 0.116 0.999 0.996
1908 0.116 0.999 0.996
1909 0.116 0.999 0.996
1910 0.116 0.999 0.996
1911 0.116 0.999 0.996
1912 0.116 0.999 0.996
1913 0.116 0.999 0.996
1914 0.116 0.999 0.996
1915 0.116 0.999 0.996
1916 0.116 0.999 0.996
1917 0.116 0.999 0.996
1918 0.116 0.999 0.996
1919 0.117 0.999 0.996
1920 0.117 0.999 0.996
1921 0.117 0.999 0.996
1922 0.117 0.999 0.996
1923 0.117 0.999 0.996
1924 0.117 0.999 0.996
1925 0.117 0.999 0.996
1926 0.117 0.999 0.996
1927 0.117 0.999 0.996
1928 0.117 0.999 0.996
1929 0.117 0.999 0.996
1930 0.117 0.999 0.996
1931 0.117 0.999 0.996
1932 0.117 0.999 0.996
1933 0.118 0.999 0.996
1934 0.118 0.999 0.996
1935 0.118 0.999 0.996
1936 0.118 0.999 0.996
1937 0.118 0.999 0.996
1938 0.118 0.999 0.996
1939 0.118 0.999 0.996
1940 0.118 0.999 0.996
1941 0.118 0.999 0.996
1942 0.118 0.999 0.996
1943 0.118 0.999 0.996
1944 0.118 0.999 0.996
1945 0.118 0.999 0.996
1946 0.118 0.999 0.996
1947 0.118 0.999 0.996
1948 0.118 0.999 0.996
1949 0.118 0.999 0.996
1950 0.118 0.999 0.996
1951 0.118 0.999 0.996
1952 0.118 0.999 0.996
1953 0.118 0.999 0.996
1954 0.118 0.999 0.996
1955 0.118 0.999 0.996
1956 0.118 0.999 0.996
1957 0.119 0.999 0.996
1958 0.119 0.999 0.996
1959 0.119 0.999 0.996
1960 0.119 0.999 0.996
1961 0.119 0.999 0.996
1962 0.119 0.999 0.996
1963 0.119 0.999 0.996
1964 0.119 0.999 0.996
1965 0.119 0.999 0.996
1966 0.119 0.999 0.996
1967 0.119 0.999 0.996
1968 0.119 0.999 0.996
1969 0.119 0.999 0.996
1970 0.119 0.999 0.996
1971 0.119 0.999 0.996
1972 0.119 0.999 0.996
1973 0.119 0.999 0.996
1974 0.120 0.999 0.996
1975 0.120 0.999 0.996
1976 0.120 0.999 0.996
1977 0.120 0.999 0.996
1978 0.120 0.999 0.996
1979 0.120 0.999 0.996
1980 0.120 0.999 0.996
1981 0.120 0.999 0.996
1982 0.120 0.999 0.996
1983 0.120 0.999 0.996
1984 0.120 0.999 0.996
1985 0.120 0.999 0.996
1986 0.120 0.999 0.996
1987 0.120 0.999 0.996
1988 0.120 0.999 0.996
1989 0.120 0.999 0.996
1990 0.120 0.999 0.996
1991 0.120 0.999 0.996
1992 0.120 0.999 0.996
1993 0.120 0.999 0.996
1994 0.120 0.999 0.996
1995 0.120 0.999 0.996
1996 0.120 0.999 0.996
1997 0.120 0.999 0.996
1998 0.120 0.999 0.996
1999 0.120 0.999 0.996
2000 0.120 0.999 0.996
2001 0.120 0.999 0.996
2002 0.120 0.999 0.996
2003 0.121 0.999 0.996
2004 0.121 0.999 0.996
2005 0.121 0.999 0.996
2006 0.121 0.999 0.996
2007 0.121 0.999 0.996
2008 0.121 0.999 0.996
2009 0.121 0.999 0.996
2010 0.121 0.999 0.996
2011 0.121 0.999 0.996
2012 0.121 0.999 0.996
2013 0.121 0.999 0.996
2014 0.121 0.999 0.996
2015 0.121 0.999 0.996
2016 0.121 0.999 0.996
2017 0.121 0.999 0.996
2018 0.121 0.999 0.996
2019 0.121 0.999 0.996
2020 0.121 0.999 0.996
2021 0.121 0.999 0.996
2022 0.121 0.999 0.996
2023 0.121 0.999 0.996
2024 0.121 0.999 0.996
2025 0.121 0.999 0.996
2026 0.121 0.999 0.996
2027 0.121 0.999 0.996
2028 0.121 0.999 0.997
2029 0.121 0.999 0.997
2030 0.121 0.999 0.997
2031 0.121 0.999 0.997
2032 0.121 0.999 0.997
2033 0.121 0.999 0.997
2034 0.122 0.999 0.997
2035 0.122 0.999 0.997
2036 0.122 0.999 0.997
2037 0.122 0.999 0.997
2038 0.122 0.999 0.997
2039 0.122 0.999 0.997
2040 0.122 0.999 0.997
2041 0.122 0.999 0.997
2042 0.122 0.999 0.997
2043 0.122 0.999 0.997
2044 0.122 0.999 0.997
2045 0.122 0.999 0.997
2046 0.122 0.999 0.997
2047 0.122 0.999 0.997
2048 0.122 0.999 0.997
2049 0.122 0.999 0.997
2050 0.122 0.999 0.997
2051 0.122 0.999 0.997
2052 0.122 0.999 0.997
2053 0.122 0.999 0.997
2054 0.122 0.999 0.997
2055 0.122 0.999 0.997
2056 0.122 0.999 0.997
2057 0.122 0.999 0.997
2058 0.122 0.999 0.997
2059 0.122 0.999 0.997
2060 0.122 0.999 0.997
2061 0.123 0.999 0.997
2062 0.123 0.999 0.997
2063 0.123 0.999 0.997
2064 0.123 0.999 0.997
2065 0.123 0.999 0.997
2066 0.123 0.999 0.997
2067 0.123 0.999 0.997
2068 0.123 0.999 0.997
2069 0.123 0.999 0.997
2070 0.123 0.999 0.997
2071 0.123 0.999 0.997
2072 0.123 0.999 0.997
2073 0.123 0.999 0.997
2074 0.123 0.999 0.997
2075 0.123 0.999 0.997
2076 0.123 0.999 0.997
2077 0.123 0.999 0.997
2078 0.124 0.999 0.997
2079 0.124 0.999 0.997
2080 0.124 0.999 0.997
2081 0.124 0.999 0.997
2082 0.124 0.999 0.997
2083 0.124 0.999 0.997
2084 0.124 0.999 0.997
2085 0.124 0.999 0.997
2086 0.124 0.999 0.997
2087 0.124 0.999 0.997
2088 0.124 0.999 0.997
2089 0.124 0.999 0.997
2090 0.124 0.999 0.997
2091 0.124 0.999 0.997
2092 0.124 0.999 0.997
2093 0.124 0.999 0.997
2094 0.124 0.999 0.997
2095 0.124 0.999 0.997
2096 0.124 0.999 0.997
2097 0.124 0.999 0.997
2098 0.124 0.999 0.997
2099 0.124 0.999 0.997
2100 0.124 0.999 0.997
2101 0.124 0.999 0.997
2102 0.124 0.999 0.997
2103 0.124 0.999 0.997
2104 0.124 0.999 0.997
2105 0.125 0.999 0.997
2106 0.125 0.999 0.997
2107 0.125 0.999 0.997
2108 0.125 0.999 0.997
2109 0.125 0.999 0.997
2110 0.125 0.999 0.997
2111 0.125 0.999 0.997
2112 0.125 0.999 0.997
2113 0.125 0.999 0.997
2114 0.125 0.999 0.997
2115 0.125 0.999 0.997
2116 0.125 0.999 0.997
2117 0.125 0.999 0.997
2118 0.125 0.999 0.997
2119 0.125 0.999 0.997
2120 0.125 0.999 0.997
2121 0.125 0.999 0.997
2122 0.125 0.999 0.997
2123 0.125 0.999 0.997
2124 0.125 0.999 0.997
2125 0.125 0.999 0.997
2126 0.125 0.999 0.997
2127 0.125 0.999 0.997
2128 0.125 0.999 0.997
2129 0.126 0.999 0.997
2130 0.126 0.999 0.997
2131 0.126 0.999 0.997
2132 0.126 0.999 0.997
2133 0.126 0.999 0.997
2134 0.126 0.999 0.997
2135 0.126 0.999 0.997
2136 0.126 0.999 0.997
2137 0.126 0.999 0.997
2138 0.126 0.999 0.997
2139 0.126 0.999 0.997
2140 0.126 0.999 0.997
2141 0.126 0.999 0.997
2142 0.126 0.999 0.997
2143 0.126 0.999 0.997
2144 0.126 0.999 0.997
2145 0.126 0.999 0.997
2146 0.126 0.999 0.997
2147 0.126 0.999 0.997
2148 0.126 0.999 0.997
2149 0.126 0.999 0.997
2150 0.126 0.999 0.997
2151 0.126 0.999 0.997
2152 0.126 0.999 0.997
2153 0.126 0.999 0.997
2154 0.126 0.999 0.997
2155 0.126 0.999 0.997
2156 0.126 0.999 0.997
2157 0.126 0.999 0.997
2158 0.127 0.999 0.997
2159 0.127 0.999 0.997
2160 0.127 0.999 0.997
2161 0.127 0.999 0.997
2162 0.127 0.999 0.997
2163 0.127 0.999 0.997
2164 0.127 0.999 0.997
2165 0.127 0.999 0.997
2166 0.127 0.999 0.997
2167 0.127 0.999 0.997
2168 0.127 0.999 0.997
2169 0.127 0.999 0.997
2170 0.127 0.999 0.997
2171 0.127 0.999 0.997
2172 0.127 1.000 0.997
2173 0.127 1.000 0.997
2174 0.127 1.000 0.997
2175 0.127 1.000 0.997
2176 0.127 1.000 0.997
2177 0.127 1.000 0.997
2178 0.127 1.000 0.997
2179 0.127 1.000 0.997
2180 0.127 1.000 0.997
2181 0.127 1.000 0.997
2182 0.127 1.000 0.997
2183 0.127 1.000 0.997
2184 0.128 1.000 0.997
2185 0.128 1.000 0.997
2186 0.128 1.000 0.997
2187 0.128 1.000 0.997
2188 0.128 1.000 0.997
2189 0.128 1.000 0.997
2190 0.128 1.000 0.997
2191 0.128 1.000 0.997
2192 0.128 1.000 0.997
2193 0.128 1.000 0.997
2194 0.128 1.000 0.997
2195 0.128 1.000 0.997
2196 0.128 1.000 0.997
2197 0.128 1.000 0.997
2198 0.128 1.000 0.997
2199 0.128 1.000 0.997
2200 0.128 1.000 0.997
2201 0.128 1.000 0.997
2202 0.128 1.000 0.997
2203 0.128 1.000 0.997
2204 0.128 1.000 0.997
2205 0.128 1.000 0.997
2206 0.128 1.000 0.997
2207 0.128 1.000 0.997
2208 0.128 1.000 0.997
2209 0.128 1.000 0.997
2210 0.128 1.000 0.997
2211 0.128 1.000 0.997
2212 0.128 1.000 0.997
2213 0.128 1.000 0.997
2214 0.128 1.000 0.997
2215 0.128 1.000 0.997
2216 0.128 1.000 0.997
2217 0.128 1.000 0.997
2218 0.128 1.000 0.997
2219 0.128 1.000 0.997
2220 0.128 1.000 0.997
2221 0.128 1.000 0.997
2222 0.129 1.000 0.997
2223 0.129 1.000 0.997
2224 0.129 1.000 0.997
2225 0.129 1.000 0.997
2226 0.129 1.000 0.997
2227 0.129 1.000 0.997
2228 0.129 1.000 0.997
2229 0.129 1.000 0.997
2230 0.129 1.000 0.997
2231 0.129 1.000 0.997
2232 0.129 1.000 0.997
2233 0.129 1.000 0.997
2234 0.129 1.000 0.997
2235 0.129 1.000 0.997
2236 0.129 1.000 0.997
2237 0.129 1.000 0.997
2238 0.129 1.000 0.997
2239 0.129 1.000 0.997
2240 0.129 1.000 0.997
2241 0.129 1.000 0.997
2242 0.129 1.000 0.997
2243 0.129 1.000 0.997
2244 0.129 1.000 0.997
2245 0.129 1.000 0.998
2246 0.129 1.000 0.998
2247 0.129 1.000 0.998
2248 0.129 1.000 0.998
2249 0.129 1.000 0.998
2250 0.129 1.000 0.998
2251 0.129 1.000 0.998
2252 0.129 1.000 0.998
2253 0.129 1.000 0.998
2254 0.129 1.000 0.998
2255 0.129 1.000 0.998
2256 0.129 1.000 0.998
2257 0.130 1.000 0.998
2258 0.130 1.000 0.998
2259 0.130 1.000 0.998
2260 0.130 1.000 0.998
2261 0.130 1.000 0.998
2262 0.130 1.000 0.998
2263 0.130 1.000 0.998
2264 0.130 1.000 0.998
2265 0.130 1.000 0.998
2266 0.130 1.000 0.998
2267 0.130 1.000 0.998
2268 0.130 1.000 0.998
2269 0.130 1.000 0.998
2270 0.130 1.000 0.998
2271 0.130 1.000 0.998
2272 0.130 1.000 0.998
2273 0.130 1.000 0.998
2274 0.130 1.000 0.998
2275 0.130 1.000 0.998
2276 0.130 1.000 0.998
2277 0.130 1.000 0.998
2278 0.130 1.000 0.998
2279 0.130 1.000 0.998
2280 0.130 1.000 0.998
2281 0.130 1.000 0.998
2282 0.130 1.000 0.998
2283 0.130 1.000 0.998
2284 0.130 1.000 0.998
2285 0.130 1.000 0.998
2286 0.131 1.000 0.998
2287 0.131 1.000 0.998
2288 0.131 1.000 0.998
2289 0.131 1.000 0.998
2290 0.131 1.000 0.998
2291 0.131 1.000 0.998
2292 0.131 1.000 0.998
2293 0.131 1.000 0.998
2294 0.131 1.000 0.998
2295 0.131 1.000 0.998
2296 0.131 1.000 0.998
2297 0.131 1.000 0.998
2298 0.131 1.000 0.998
2299 0.131 1.000 0.998
2300 0.131 1.000 0.998
2301 0.131 1.000 0.998
2302 0.131 1.000 0.998
2303 0.131 1.000 0.998
2304 0.131 1.000 0.998
2305 0.131 1.000 0.998
2306 0.131 1.000 0.998
2307 0.131 1.000 0.998
2308 0.131 1.000 0.998
2309 0.131 1.000 0.998
2310 0.131 1.000 0.998
2311 0.131 1.000 0.998
2312 0.131 1.000 0.998
2313 0.131 1.000 0.998
2314 0.132 1.000 0.998
2315 0.132 1.000 0.998
2316 0.132 1.000 0.998
2317 0.132 1.000 0.998
2318 0.132 1.000 0.998
2319 0.132 1.000 0.998
2320 0.132 1.000 0.998
2321 0.132 1.000 0.998
2322 0.132 1.000 0.998
2323 0.132 1.000 0.998
2324 0.132 1.000 0.998
2325 0.132 1.000 0.998
2326 0.132 1.000 0.998
2327 0.132 1.000 0.998
2328 0.132 1.000 0.998
2329 0.132 1.000 0.998
2330 0.132 1.000 0.998
2331 0.132 1.000 0.998
2332 0.132 1.000 0.998
2333 0.132 1.000 0.998
2334 0.132 1.000 0.998
2335 0.132 1.000 0.998
2336 0.132 1.000 0.998
2337 0.132 1.000 0.998
2338 0.132 1.000 0.998
2339 0.132 1.000 0.998
2340 0.132 1.000 0.998
2341 0.132 1.000 0.998
2342 0.132 1.000 0.998
2343 0.132 1.000 0.998
2344 0.132 1.000 0.998
2345 0.132 1.000 0.998
2346 0.132 1.000 0.998
2347 0.132 1.000 0.998
2348 0.132 1.000 0.998
2349 0.133 1.000 0.998
2350 0.133 1.000 0.998
2351 0.133 1.000 0.998
2352 0.133 1.000 0.998
2353 0.133 1.000 0.998
2354 0.133 1.000 0.998
2355 0.133 1.000 0.998
2356 0.133 1.000 0.998
2357 0.133 1.000 0.998
2358 0.133 1.000 0.998
2359 0.133 1.000 0.998
2360 0.133 1.000 0.998
2361 0.133 1.000 0.998
2362 0.133 1.000 0.998
2363 0.133 1.000 0.998
2364 0.133 1.000 0.998
2365 0.133 1.000 0.998
2366 0.133 1.000 0.998
2367 0.133 1.000 0.998
2368 0.133 1.000 0.998
2369 0.133 1.000 0.998
2370 0.133 1.000 0.998
2371 0.133 1.000 0.998
2372 0.133 1.000 0.998
2373 0.133 1.000 0.998
2374 0.133 1.000 0.998
2375 0.133 1.000 0.998
2376 0.133 1.000 0.998
2377 0.133 1.000 0.998
2378 0.133 1.000 0.998
2379 0.134 1.000 0.998
2380 0.134 1.000 0.998
2381 0.134 1.000 0.998
2382 0.134 1.000 0.998
2383 0.134 1.000 0.998
2384 0.134 1.000 0.998
2385 0.134 1.000 0.998
2386 0.134 1.000 0.998
2387 0.134 1.000 0.998
2388 0.134 1.000 0.998
2389 0.134 1.000 0.998
2390 0.134 1.000 0.998
2391 0.134 1.000 0.998
2392 0.134 1.000 0.998
2393 0.135 1.000 0.998
2394 0.135 1.000 0.998
2395 0.135 1.000 0.998
2396 0.135 1.000 0.998
2397 0.135 1.000 0.998
2398 0.135 1.000 0.998
2399 0.135 1.000 0.998
2400 0.135 1.000 0.998
2401 0.135 1.000 0.998
2402 0.135 1.000 0.998
2403 0.135 1.000 0.998
2404 0.135 1.000 0.998
2405 0.135 1.000 0.998
2406 0.135 1.000 0.998
2407 0.135 1.000 0.998
2408 0.135 1.000 0.998
2409 0.135 1.000 0.998
2410 0.135 1.000 0.998
2411 0.135 1.000 0.998
2412 0.135 1.000 0.998
2413 0.135 1.000 0.998
2414 0.135 1.000 0.998
2415 0.135 1.000 0.998
2416 0.135 1.000 0.998
2417 0.135 1.000 0.998
2418 0.135 1.000 0.998
2419 0.136 1.000 0.998
2420 0.136 1.000 0.998
2421 0.136 1.000 0.998
2422 0.136 1.000 0.998
2423 0.136 1.000 0.998
2424 0.136 1.000 0.998
2425 0.136 1.000 0.998
2426 0.136 1.000 0.998
2427 0.136 1.000 0.998
2428 0.136 1.000 0.998
2429 0.136 1.000 0.998
2430 0.136 1.000 0.998
2431 0.136 1.000 0.998
2432 0.136 1.000 0.998
2433 0.136 1.000 0.998
2434 0.136 1.000 0.998
2435 0.136 1.000 0.998
2436 0.136 1.000 0.998
2437 0.136 1.000 0.998
2438 0.136 1.000 0.998
2439 0.137 1.000 0.998
2440 0.137 1.000 0.998
2441 0.137 1.000 0.998
2442 0.137 1.000 0.998
2443 0.137 1.000 0.998
2444 0.137 1.000 0.998
2445 0.137 1.000 0.998
2446 0.137 1.000 0.998
2447 0.137 1.000 0.998
2448 0.137 1.000 0.998
2449 0.137 1.000 0.998
2450 0.137 1.000 0.998
2451 0.137 1.000 0.998
2452 0.137 1.000 0.998
2453 0.137 1.000 0.998
2454 0.137 1.000 0.998
2455 0.138 1.000 0.998
2456 0.138 1.000 0.998
2457 0.138 1.000 0.998
2458 0.138 1.000 0.998
2459 0.138 1.000 0.998
2460 0.138 1.000 0.998
2461 0.138 1.000 0.998
2462 0.138 1.000 0.998
2463 0.138 1.000 0.998
2464 0.138 1.000 0.998
2465 0.138 1.000 0.998
2466 0.138 1.000 0.998
2467 0.138 1.000 0.998
2468 0.138 1.000 0.998
2469 0.138 1.000 0.998
2470 0.138 1.000 0.998
2471 0.139 1.000 0.998
2472 0.139 1.000 0.998
2473 0.139 1.000 0.998
2474 0.139 1.000 0.998
2475 0.139 1.000 0.998
2476 0.139 1.000 0.998
2477 0.139 1.000 0.998
2478 0.139 1.000 0.998
2479 0.139 1.000 0.998
2480 0.139 1.000 0.998
2481 0.139 1.000 0.998
2482 0.139 1.000 0.998
2483 0.139 1.000 0.998
2484 0.139 1.000 0.998
2485 0.140 1.000 0.998
2486 0.140 1.000 0.998
2487 0.140 1.000 0.998
2488 0.140 1.000 0.998
2489 0.140 1.000 0.998
2490 0.140 1.000 0.998
2491 0.140 1.000 0.998
2492 0.140 1.000 0.998
2493 0.140 1.000 0.998
2494 0.140 1.000 0.998
2495 0.140 1.000 0.998
2496 0.140 1.000 0.998
2497 0.140 1.000 0.998
2498 0.140 1.000 0.998
2499 0.141 1.000 0.998
2500 0.141 1.000 0.998
2501 0.141 1.000 0.998
2502 0.141 1.000 0.998
2503 0.141 1.000 0.998
2504 0.141 1.000 0.998
2505 0.141 1.000 0.998
2506 0.141 1.000 0.998
2507 0.141 1.000 0.998
2508 0.141 1.000 0.998
2509 0.141 1.000 0.998
2510 0.141 1.000 0.998
2511 0.141 1.000 0.998
2512 0.141 1.000 0.998
2513 0.141 1.000 0.998
2514 0.141 1.000 0.998
2515 0.142 1.000 0.998
2516 0.142 1.000 0.998
2517 0.142 1.000 0.998
2518 0.142 1.000 0.998
2519 0.142 1.000 0.998
2520 0.142 1.000 0.998
2521 0.142 1.000 0.998
2522 0.142 1.000 0.998
2523 0.142 1.000 0.998
2524 0.142 1.000 0.998
2525 0.142 1.000 0.998
2526 0.142 1.000 0.998
2527 0.142 1.000 0.998
2528 0.142 1.000 0.998
2529 0.142 1.000 0.998
2530 0.142 1.000 0.998
2531 0.142 1.000 0.998
2532 0.143 1.000 0.998
2533 0.143 1.000 0.998
2534 0.143 1.000 0.998
2535 0.143 1.000 0.998
2536 0.143 1.000 0.998
2537 0.143 1.000 0.998
2538 0.143 1.000 0.998
2539 0.143 1.000 0.998
2540 0.143 1.000 0.998
2541 0.143 1.000 0.998
2542 0.143 1.000 0.998
2543 0.143 1.000 0.998
2544 0.143 1.000 0.998
2545 0.143 1.000 0.998
2546 0.143 1.000 0.998
2547 0.143 1.000 0.998
2548 0.143 1.000 0.998
2549 0.143 1.000 0.998
2550 0.143 1.000 0.998
2551 0.143 1.000 0.998
2552 0.143 1.000 0.999
2553 0.143 1.000 0.999
2554 0.143 1.000 0.999
2555 0.143 1.000 0.999
2556 0.143 1.000 0.999
2557 0.143 1.000 0.999
2558 0.143 1.000 0.999
2559 0.143 1.000 0.999
2560 0.143 1.000 0.999
2561 0.143 1.000 0.999
2562 0.143 1.000 0.999
2563 0.144 1.000 0.999
2564 0.144 1.000 0.999
2565 0.144 1.000 0.999
2566 0.144 1.000 0.999
2567 0.144 1.000 0.999
2568 0.144 1.000 0.999
2569 0.144 1.000 0.999
2570 0.144 1.000 0.999
2571 0.144 1.000 0.999
2572 0.144 1.000 0.999
2573 0.144 1.000 0.999
2574 0.144 1.000 0.999
2575 0.144 1.000 0.999
2576 0.144 1.000 0.999
2577 0.144 1.000 0.999
2578 0.144 1.000 0.999
2579 0.144 1.000 0.999
2580 0.145 1.000 0.999
2581 0.145 1.000 0.999
2582 0.145 1.000 0.999
2583 0.145 1.000 0.999
2584 0.145 1.000 0.999
2585 0.145 1.000 0.999
2586 0.145 1.000 0.999
2587 0.145 1.000 0.999
2588 0.145 1.000 0.999
2589 0.145 1.000 0.999
2590 0.145 1.000 0.999
2591 0.145 1.000 0.999
2592 0.145 1.000 0.999
2593 0.145 1.000 0.999
2594 0.145 1.000 0.999
2595 0.145 1.000 0.999
2596 0.145 1.000 0.999
2597 0.145 1.000 0.999
2598 0.145 1.000 0.999
2599 0.145 1.000 0.999
2600 0.145 1.000 0.999
2601 0.146 1.000 0.999
2602 0.146 1.000 0.999
2603 0.146 1.000 0.999
2604 0.146 1.000 0.999
2605 0.146 1.000 0.999
2606 0.146 1.000 0.999
2607 0.146 1.000 0.999
2608 0.146 1.000 0.999
2609 0.146 1.000 0.999
2610 0.146 1.000 0.999
2611 0.146 1.000 0.999
2612 0.146 1.000 0.999
2613 0.146 1.000 0.999
2614 0.146 1.000 0.999
2615 0.146 1.000 0.999
2616 0.146 1.000 0.999
2617 0.146 1.000 0.999
2618 0.146 1.000 0.999
2619 0.146 1.000 0.999
2620 0.146 1.000 0.999
2621 0.146 1.000 0.999
2622 0.146 1.000 0.999
2623 0.146 1.000 0.999
2624 0.146 1.000 0.999
2625 0.146 1.000 0.999
2626 0.146 1.000 0.999
2627 0.147 1.000 0.999
2628 0.147 1.000 0.999
2629 0.147 1.000 0.999
2630 0.147 1.000 0.999
2631 0.147 1.000 0.999
2632 0.147 1.000 0.999
2633 0.147 1.000 0.999
2634 0.147 1.000 0.999
2635 0.147 1.000 0.999
2636 0.147 1.000 0.999
2637 0.147 1.000 0.999
2638 0.147 1.000 0.999
2639 0.147 1.000 0.999
2640 0.147 1.000 0.999
2641 0.147 1.000 0.999
2642 0.147 1.000 0.999
2643 0.147 1.000 0.999
2644 0.147 1.000 0.999
2645 0.148 1.000 0.999
2646 0.148 1.000 0.999
2647 0.148 1.000 0.999
2648 0.148 1.000 0.999
2649 0.148 1.000 0.999
2650 0.148 1.000 0.999
2651 0.148 1.000 0.999
2652 0.148 1.000 0.999
2653 0.148 1.000 0.999
2654 0.148 1.000 0.999
2655 0.148 1.000 0.999
2656 0.148 1.000 0.999
2657 0.148 1.000 0.999
2658 0.148 1.000 0.999
2659 0.148 1.000 0.999
2660 0.148 1.000 0.999
2661 0.148 1.000 0.999
2662 0.148 1.000 0.999
2663 0.148 1.000 0.999
2664 0.148 1.000 0.999
2665 0.148 1.000 0.999
2666 0.148 1.000 0.999
2667 0.148 1.000 0.999
2668 0.148 1.000 0.999
2669 0.148 1.000 0.999
2670 0.148 1.000 0.999
2671 0.148 1.000 0.999
2672 0.148 1.000 0.999
2673 0.148 1.000 0.999
2674 0.148 1.000 0.999
2675 0.149 1.000 0.999
2676 0.149 1.000 0.999
2677 0.149 1.000 0.999
2678 0.149 1.000 0.999
2679 0.149 1.000 0.999
2680 0.149 1.000 0.999
2681 0.149 1.000 0.999
2682 0.149 1.000 0.999
2683 0.149 1.000 0.999
2684 0.149 1.000 0.999
2685 0.149 1.000 0.999
2686 0.149 1.000 0.999
2687 0.149 1.000 0.999
2688 0.149 1.000 0.999
2689 0.150 1.000 0.999
2690 0.150 1.000 0.999
2691 0.150 1.000 0.999
2692 0.150 1.000 0.999
2693 0.150 1.000 0.999
2694 0.150 1.000 0.999
2695 0.150 1.000 0.999
2696 0.150 1.000 0.999
2697 0.150 1.000 0.999
2698 0.151 1.000 0.999
2699 0.151 1.000 0.999
2700 0.151 1.000 0.999
2701 0.151 1.000 0.999
2702 0.151 1.000 0.999
2703 0.151 1.000 0.999
2704 0.151 1.000 0.999
2705 0.151 1.000 0.999
2706 0.151 1.000 0.999
2707 0.151 1.000 0.999
2708 0.151 1.000 0.999
2709 0.151 1.000 0.999
2710 0.152 1.000 0.999
2711 0.152 1.000 0.999
2712 0.152 1.000 0.999
2713 0.152 1.000 0.999
2714 0.152 1.000 0.999
2715 0.152 1.000 0.999
2716 0.152 1.000 0.999
2717 0.152 1.000 0.999
2718 0.152 1.000 0.999
2719 0.152 1.000 0.999
2720 0.152 1.000 0.999
2721 0.152 1.000 0.999
2722 0.152 1.000 0.999
2723 0.152 1.000 0.999
2724 0.152 1.000 0.999
2725 0.152 1.000 0.999
2726 0.152 1.000 0.999
2727 0.152 1.000 0.999
2728 0.152 1.000 0.999
2729 0.152 1.000 0.999
2730 0.152 1.000 0.999
2731 0.153 1.000 0.999
2732 0.153 1.000 0.999
2733 0.153 1.000 0.999
2734 0.153 1.000 0.999
2735 0.153 1.000 0.999
2736 0.153 1.000 0.999
2737 0.153 1.000 0.999
2738 0.153 1.000 0.999
2739 0.153 1.000 0.999
2740 0.153 1.000 0.999
2741 0.153 1.000 0.999
2742 0.153 1.000 0.999
2743 0.153 1.000 0.999
2744 0.153 1.000 0.999
2745 0.153 1.000 0.999
2746 0.154 1.000 0.999
2747 0.154 1.000 0.999
2748 0.154 1.000 0.999
2749 0.154 1.000 0.999
2750 0.154 1.000 0.999
2751 0.154 1.000 0.999
2752 0.154 1.000 0.999
2753 0.154 1.000 0.999
2754 0.154 1.000 0.999
2755 0.154 1.000 0.999
2756 0.154 1.000 0.999
2757 0.154 1.000 0.999
2758 0.154 1.000 0.999
2759 0.154 1.000 0.999
2760 0.154 1.000 0.999
2761 0.154 1.000 0.999
2762 0.154 1.000 0.999
2763 0.155 1.000 0.999
2764 0.155 1.000 0.999
2765 0.155 1.000 0.999
2766 0.155 1.000 0.999
2767 0.155 1.000 0.999
2768 0.155 1.000 0.999
2769 0.155 1.000 0.999
2770 0.155 1.000 0.999
2771 0.155 1.000 0.999
2772 0.156 1.000 0.999
2773 0.156 1.000 0.999
2774 0.156 1.000 0.999
2775 0.156 1.000 0.999
2776 0.156 1.000 0.999
2777 0.156 1.000 0.999
2778 0.156 1.000 0.999
2779 0.156 1.000 0.999
2780 0.156 1.000 0.999
2781 0.156 1.000 0.999
2782 0.157 1.000 0.999
2783 0.157 1.000 0.999
2784 0.157 1.000 0.999
2785 0.157 1.000 0.999
2786 0.157 1.000 0.999
2787 0.157 1.000 0.999
2788 0.157 1.000 0.999
2789 0.157 1.000 0.999
2790 0.157 1.000 0.999
2791 0.157 1.000 0.999
2792 0.157 1.000 0.999
2793 0.158 1.000 0.999
2794 0.158 1.000 0.999
2795 0.158 1.000 0.999
2796 0.158 1.000 0.999
2797 0.158 1.000 0.999
2798 0.158 1.000 0.999
2799 0.158 1.000 0.999
2800 0.158 1.000 0.999
2801 0.158 1.000 0.999
2802 0.158 1.000 0.999
2803 0.158 1.000 0.999
2804 0.158 1.000 0.999
2805 0.158 1.000 0.999
2806 0.158 1.000 0.999
2807 0.158 1.000 0.999
2808 0.158 1.000 0.999
2809 0.158 1.000 0.999
2810 0.159 1.000 0.999
2811 0.159 1.000 0.999
2812 0.159 1.000 0.999
2813 0.159 1.000 0.999
2814 0.159 1.000 0.999
2815 0.159 1.000 0.999
2816 0.159 1.000 0.999
2817 0.159 1.000 0.999
2818 0.159 1.000 0.999
2819 0.159 1.000 0.999
2820 0.159 1.000 0.999
2821 0.159 1.000 0.999
2822 0.159 1.000 0.999
2823 0.159 1.000 0.999
2824 0.159 1.000 0.999
2825 0.159 1.000 0.999
2826 0.160 1.000 0.999
2827 0.160 1.000 0.999
2828 0.160 1.000 0.999
2829 0.160 1.000 0.999
2830 0.160 1.000 0.999
2831 0.160 1.000 0.999
2832 0.160 1.000 0.999
2833 0.160 1.000 0.999
2834 0.160 1.000 0.999
2835 0.160 1.000 0.999
2836 0.160 1.000 0.999
2837 0.160 1.000 0.999
2838 0.160 1.000 0.999
2839 0.160 1.000 0.999
2840 0.160 1.000 0.999
2841 0.160 1.000 0.999
2842 0.160 1.000 0.999
2843 0.160 1.000 0.999
2844 0.161 1.000 0.999
2845 0.161 1.000 0.999
2846 0.161 1.000 0.999
2847 0.161 1.000 0.999
2848 0.161 1.000 0.999
2849 0.161 1.000 0.999
2850 0.161 1.000 0.999
2851 0.161 1.000 0.999
2852 0.161 1.000 0.999
2853 0.161 1.000 0.999
2854 0.161 1.000 0.999
2855 0.161 1.000 0.999
2856 0.162 1.000 0.999
2857 0.162 1.000 0.999
2858 0.162 1.000 0.999
2859 0.162 1.000 0.999
2860 0.162 1.000 0.999
2861 0.162 1.000 0.999
2862 0.162 1.000 0.999
2863 0.162 1.000 0.999
2864 0.162 1.000 0.999
2865 0.162 1.000 0.999
2866 0.163 1.000 0.999
2867 0.163 1.000 0.999
2868 0.163 1.000 0.999
2869 0.163 1.000 0.999
2870 0.163 1.000 0.999
2871 0.163 1.000 0.999
2872 0.163 1.000 0.999
2873 0.163 1.000 0.999
2874 0.163 1.000 0.999
2875 0.163 1.000 0.999
2876 0.164 1.000 0.999
2877 0.164 1.000 0.999
2878 0.164 1.000 0.999
2879 0.164 1.000 0.999
2880 0.164 1.000 0.999
2881 0.164 1.000 0.999
2882 0.164 1.000 0.999
2883 0.164 1.000 0.999
2884 0.164 1.000 0.999
2885 0.164 1.000 0.999
2886 0.164 1.000 0.999
2887 0.164 1.000 0.999
2888 0.164 1.000 0.999
2889 0.164 1.000 0.999
2890 0.165 1.000 0.999
2891 0.165 1.000 0.999
2892 0.165 1.000 0.999
2893 0.165 1.000 0.999
2894 0.165 1.000 0.999
2895 0.165 1.000 0.999
2896 0.165 1.000 0.999
2897 0.165 1.000 0.999
2898 0.165 1.000 0.999
2899 0.165 1.000 0.999
2900 0.166 1.000 0.999
2901 0.166 1.000 0.999
2902 0.166 1.000 0.999
2903 0.166 1.000 0.999
2904 0.166 1.000 0.999
2905 0.166 1.000 0.999
2906 0.166 1.000 0.999
2907 0.166 1.000 0.999
2908 0.166 1.000 0.999
2909 0.166 1.000 0.999
2910 0.166 1.000 0.999
2911 0.166 1.000 0.999
2912 0.166 1.000 0.999
2913 0.166 1.000 0.999
2914 0.167 1.000 0.999
2915 0.167 1.000 0.999
2916 0.167 1.000 0.999
2917 0.167 1.000 0.999
2918 0.167 1.000 0.999
2919 0.167 1.000 0.999
2920 0.167 1.000 0.999
2921 0.167 1.000 0.999
2922 0.167 1.000 0.999
2923 0.167 1.000 0.999
2924 0.168 1.000 0.999
2925 0.168 1.000 0.999
2926 0.168 1.000 0.999
2927 0.168 1.000 0.999
2928 0.168 1.000 0.999
2929 0.168 1.000 0.999
2930 0.168 1.000 0.999
2931 0.168 1.000 0.999
2932 0.168 1.000 0.999
2933 0.168 1.000 0.999
2934 0.168 1.000 0.999
2935 0.168 1.000 0.999
2936 0.168 1.000 0.999
2937 0.168 1.000 0.999
2938 0.168 1.000 0.999
2939 0.168 1.000 0.999
2940 0.168 1.000 0.999
2941 0.168 1.000 0.999
2942 0.168 1.000 0.999
2943 0.168 1.000 0.999
2944 0.168 1.000 0.999
2945 0.168 1.000 0.999
2946 0.168 1.000 0.999
2947 0.169 1.000 0.999
2948 0.169 1.000 0.999
2949 0.169 1.000 0.999
2950 0.169 1.000 0.999
2951 0.169 1.000 0.999
2952 0.169 1.000 0.999
2953 0.169 1.000 0.999
2954 0.169 1.000 0.999
2955 0.169 1.000 0.999
2956 0.169 1.000 0.999
2957 0.169 1.000 0.999
2958 0.169 1.000 0.999
2959 0.170 1.000 0.999
2960 0.170 1.000 0.999
2961 0.170 1.000 0.999
2962 0.170 1.000 0.999
2963 0.170 1.000 0.999
2964 0.170 1.000 0.999
2965 0.170 1.000 0.999
2966 0.170 1.000 0.999
2967 0.170 1.000 0.999
2968 0.170 1.000 0.999
2969 0.170 1.000 0.999
2970 0.170 1.000 0.999
2971 0.170 1.000 0.999
2972 0.171 1.000 0.999
2973 0.171 1.000 0.999
2974 0.171 1.000 0.999
2975 0.171 1.000 0.999
2976 0.171 1.000 0.999
2977 0.171 1.000 0.999
2978 0.171 1.000 0.999
2979 0.171 1.000 0.999
2980 0.171 1.000 0.999
2981 0.171 1.000 0.999
2982 0.172 1.000 0.999
2983 0.172 1.000 0.999
2984 0.172 1.000 0.999
2985 0.172 1.000 0.999
2986 0.172 1.000 0.999
2987 0.172 1.000 0.999
2988 0.172 1.000 0.999
2989 0.173 1.000 0.999
2990 0.173 1.000 0.999
2991 0.173 1.000 0.999
2992 0.173 1.000 0.999
2993 0.173 1.000 0.999
2994 0.173 1.000 0.999
2995 0.173 1.000 0.999
2996 0.173 1.000 0.999
2997 0.173 1.000 0.999
2998 0.173 1.000 0.999
2999 0.174 1.000 0.999
3000 0.174 1.000 0.999
3001 0.174 1.000 0.999
3002 0.174 1.000 0.999
3003 0.174 1.000 0.999
3004 0.174 1.000 0.999
3005 0.174 1.000 0.999
3006 0.174 1.000 0.999
3007 0.174 1.000 0.999
3008 0.174 1.000 0.999
3009 0.174 1.001 0.999
3010 0.174 1.001 0.999
3011 0.174 1.001 0.999
3012 0.174 1.001 0.999
3013 0.174 1.001 0.999
3014 0.174 1.001 0.999
3015 0.174 1.001 0.999
3016 0.174 1.001 0.999
3017 0.175 1.001 0.999
3018 0.175 1.001 0.999
3019 0.175 1.001 0.999
3020 0.175 1.001 0.999
3021 0.175 1.001 0.999
3022 0.175 1.001 0.999
3023 0.175 1.001 0.999
3024 0.175 1.001 0.999
3025 0.175 1.001 0.999
3026 0.175 1.001 0.999
3027 0.175 1.001 0.999
3028 0.176 1.001 0.999
3029 0.176 1.001 0.999
3030 0.176 1.001 0.999
3031 0.176 1.001 0.999
3032 0.176 1.001 0.999
3033 0.176 1.001 0.999
3034 0.177 1.001 0.999
3035 0.177 1.001 0.999
3036 0.177 1.001 0.999
3037 0.177 1.001 0.999
3038 0.177 1.001 0.999
3039 0.177 1.001 0.999
3040 0.177 1.001 0.999
3041 0.177 1.001 0.999
3042 0.177 1.001 0.999
3043 0.177 1.001 0.999
3044 0.177 1.001 0.999
3045 0.177 1.001 0.999
3046 0.177 1.001 0.999
3047 0.177 1.001 1.000
3048 0.177 1.001 1.000
3049 0.178 1.001 1.000
3050 0.178 1.001 1.000
3051 0.178 1.001 1.000
3052 0.178 1.001 1.000
3053 0.178 1.001 1.000
3054 0.178 1.001 1.000
3055 0.178 1.001 1.000
3056 0.178 1.001 1.000
3057 0.178 1.001 1.000
3058 0.179 1.001 1.000
3059 0.179 1.001 1.000
3060 0.179 1.001 1.000
3061 0.179 1.001 1.000
3062 0.179 1.001 1.000
3063 0.180 1.001 1.000
3064 0.180 1.001 1.000
3065 0.180 1.001 1.000
3066 0.180 1.001 1.000
3067 0.180 1.001 1.000
3068 0.180 1.001 1.000
3069 0.180 1.001 1.000
3070 0.181 1.001 1.000
3071 0.181 1.001 1.000
3072 0.181 1.001 1.000
3073 0.181 1.001 1.000
3074 0.182 1.001 1.000
3075 0.182 1.001 1.000
3076 0.182 1.001 1.000
3077 0.182 1.001 1.000
3078 0.182 1.001 1.000
3079 0.182 1.001 1.000
3080 0.182 1.001 1.000
3081 0.182 1.001 1.000
3082 0.183 1.001 1.000
3083 0.183 1.001 1.000
3084 0.183 1.001 1.000
3085 0.184 1.001 1.000
3086 0.184 1.001 1.000
3087 0.184 1.001 1.000
3088 0.184 1.001 1.000
3089 0.184 1.001 1.000
3090 0.184 1.001 1.000
3091 0.184 1.001 1.000
3092 0.184 1.001 1.000
3093 0.184 1.001 1.000
3094 0.184 1.001 1.000
3095 0.184 1.001 1.000
3096 0.184 1.001 1.000
3097 0.184 1.001 1.000
3098 0.185 1.001 1.000
3099 0.185 1.001 1.000
3100 0.185 1.001 1.000
3101 0.185 1.001 1.000
3102 0.185 1.001 1.000
3103 0.185 1.001 1.000
3104 0.185 1.001 1.000
3105 0.185 1.001 1.000
3106 0.185 1.001 1.000
3107 0.186 1.001 1.000
3108 0.186 1.001 1.000
3109 0.186 1.001 1.000
3110 0.186 1.001 1.000
3111 0.186 1.001 1.000
3112 0.187 1.001 1.000
3113 0.187 1.001 1.000
3114 0.187 1.001 1.000
3115 0.187 1.001 1.000
3116 0.187 1.001 1.000
3117 0.187 1.001 1.000
3118 0.187 1.001 1.000
3119 0.187 1.001 1.000
3120 0.187 1.001 1.000
3121 0.187 1.001 1.000
3122 0.187 1.001 1.000
3123 0.187 1.001 1.000
3124 0.188 1.001 1.000
3125 0.188 1.001 1.000
3126 0.188 1.001 1.000
3127 0.188 1.001 1.000
3128 0.188 1.001 1.000
3129 0.188 1.001 1.000
3130 0.188 1.001 1.000
3131 0.188 1.001 1.000
3132 0.188 1.001 1.000
3133 0.188 1.001 1.000
3134 0.188 1.001 1.000
3135 0.188 1.001 1.000
3136 0.189 1.001 1.000
3137 0.189 1.001 1.000
3138 0.189 1.001 1.000
3139 0.189 1.001 1.000
3140 0.189 1.001 1.000
3141 0.189 1.001 1.000
3142 0.189 1.001 1.000
3143 0.189 1.001 1.000
3144 0.189 1.001 1.000
3145 0.189 1.001 1.000
3146 0.190 1.001 1.000
3147 0.190 1.001 1.000
3148 0.190 1.001 1.000
3149 0.190 1.001 1.000
3150 0.190 1.001 1.000
3151 0.190 1.001 1.000
3152 0.190 1.001 1.000
3153 0.191 1.001 1.000
3154 0.191 1.001 1.000
3155 0.191 1.001 1.000
3156 0.191 1.001 1.000
3157 0.191 1.001 1.000
3158 0.191 1.001 1.000
3159 0.191 1.001 1.000
3160 0.191 1.001 1.000
3161 0.191 1.001 1.000
3162 0.192 1.001 1.000
3163 0.192 1.001 1.000
3164 0.192 1.001 1.000
3165 0.192 1.001 1.000
3166 0.192 1.001 1.000
3167 0.192 1.001 1.000
3168 0.192 1.001 1.000
3169 0.192 1.001 1.000
3170 0.192 1.001 1.000
3171 0.192 1.001 1.000
3172 0.192 1.001 1.000
3173 0.193 1.001 1.000
3174 0.193 1.001 1.000
3175 0.193 1.001 1.000
3176 0.193 1.001 1.000
3177 0.193 1.001 1.000
3178 0.193 1.001 1.000
3179 0.193 1.001 1.000
3180 0.193 1.001 1.000
3181 0.193 1.001 1.000
3182 0.194 1.001 1.000
3183 0.194 1.001 1.000
3184 0.194 1.001 1.000
3185 0.194 1.001 1.000
3186 0.194 1.001 1.000
3187 0.194 1.001 1.000
3188 0.194 1.001 1.000
3189 0.194 1.001 1.000
3190 0.194 1.001 1.000
3191 0.194 1.001 1.000
3192 0.194 1.001 1.000
3193 0.194 1.001 1.000
3194 0.195 1.001 1.000
3195 0.195 1.001 1.000
3196 0.195 1.001 1.000
3197 0.195 1.001 1.000
3198 0.195 1.001 1.000
3199 0.195 1.001 1.000
3200 0.195 1.001 1.000
3201 0.195 1.001 1.000
3202 0.195 1.001 1.000
3203 0.195 1.001 1.000
3204 0.195 1.001 1.000
3205 0.195 1.001 1.000
3206 0.195 1.001 1.000
3207 0.196 1.001 1.000
3208 0.196 1.001 1.000
3209 0.196 1.001 1.000
3210 0.196 1.001 1.000
3211 0.196 1.001 1.000
3212 0.196 1.001 1.000
3213 0.197 1.001 1.000
3214 0.197 1.001 1.000
3215 0.197 1.001 1.000
3216 0.197 1.001 1.000
3217 0.197 1.001 1.000
3218 0.197 1.001 1.000
3219 0.197 1.001 1.000
3220 0.197 1.001 1.000
3221 0.197 1.001 1.000
3222 0.197 1.001 1.000
3223 0.197 1.001 1.000
3224 0.197 1.001 1.000
3225 0.197 1.001 1.000
3226 0.198 1.001 1.000
3227 0.198 1.001 1.000
3228 0.198 1.001 1.000
3229 0.198 1.001 1.000
3230 0.198 1.001 1.000
3231 0.198 1.001 1.000
3232 0.198 1.001 1.000
3233 0.198 1.001 1.000
3234 0.198 1.001 1.000
3235 0.198 1.001 1.000
3236 0.199 1.001 1.000
3237 0.199 1.001 1.000
3238 0.199 1.001 1.000
3239 0.199 1.001 1.000
3240 0.199 1.001 1.000
3241 0.199 1.001 1.000
3242 0.200 1.001 1.000
3243 0.200 1.001 1.000
3244 0.200 1.001 1.000
3245 0.200 1.001 1.000
3246 0.200 1.001 1.000
3247 0.200 1.001 1.000
3248 0.200 1.001 1.000
3249 0.200 1.001 1.000
3250 0.200 1.001 1.000
3251 0.200 1.001 1.000
3252 0.201 1.001 1.000
3253 0.201 1.001 1.000
3254 0.201 1.001 1.000
3255 0.201 1.001 1.000
3256 0.201 1.001 1.000
3257 0.201 1.001 1.000
3258 0.202 1.001 1.000
3259 0.202 1.001 1.000
3260 0.202 1.001 1.000
3261 0.202 1.001 1.000
3262 0.202 1.001 1.000
3263 0.202 1.001 1.000
3264 0.202 1.001 1.000
3265 0.203 1.001 1.000
3266 0.203 1.001 1.000
3267 0.203 1.001 1.000
3268 0.203 1.001 1.000
3269 0.203 1.001 1.000
3270 0.203 1.001 1.000
3271 0.203 1.001 1.000
3272 0.203 1.001 1.000
3273 0.203 1.001 1.000
3274 0.203 1.001 1.000
3275 0.203 1.001 1.000
3276 0.204 1.001 1.000
3277 0.204 1.001 1.000
3278 0.204 1.001 1.000
3279 0.204 1.001 1.000
3280 0.204 1.001 1.000
3281 0.204 1.001 1.000
3282 0.204 1.001 1.000
3283 0.204 1.001 1.000
3284 0.204 1.001 1.000
3285 0.204 1.001 1.000
3286 0.204 1.001 1.000
3287 0.204 1.001 1.000
3288 0.205 1.001 1.000
3289 0.205 1.001 1.000
3290 0.205 1.001 1.000
3291 0.206 1.001 1.000
3292 0.206 1.001 1.000
3293 0.206 1.001 1.000
3294 0.206 1.001 1.000
3295 0.206 1.001 1.000
3296 0.206 1.001 1.000
3297 0.206 1.001 1.000
3298 0.206 1.001 1.000
3299 0.206 1.001 1.000
3300 0.206 1.001 1.000
3301 0.206 1.001 1.000
3302 0.207 1.001 1.000
3303 0.207 1.001 1.000
3304 0.207 1.001 1.000
3305 0.207 1.001 1.000
3306 0.207 1.001 1.000
3307 0.207 1.001 1.000
3308 0.207 1.001 1.000
3309 0.208 1.001 1.000
3310 0.208 1.001 1.000
3311 0.208 1.001 1.000
3312 0.208 1.001 1.000
3313 0.208 1.001 1.000
3314 0.208 1.001 1.000
3315 0.208 1.001 1.000
3316 0.208 1.001 1.000
3317 0.208 1.001 1.000
3318 0.209 1.001 1.000
3319 0.209 1.001 1.000
3320 0.209 1.001 1.000
3321 0.209 1.001 1.000
3322 0.209 1.001 1.000
3323 0.209 1.001 1.000
3324 0.209 1.001 1.000
3325 0.209 1.001 1.000
3326 0.209 1.001 1.000
3327 0.209 1.001 1.000
3328 0.209 1.001 1.000
3329 0.209 1.001 1.000
3330 0.210 1.001 1.000
3331 0.210 1.001 1.000
3332 0.210 1.001 1.000
3333 0.210 1.001 1.000
3334 0.210 1.001 1.000
3335 0.210 1.001 1.000
3336 0.210 1.001 1.000
3337 0.210 1.001 1.000
3338 0.210 1.001 1.000
3339 0.210 1.001 1.000
3340 0.210 1.001 1.000
3341 0.211 1.001 1.000
3342 0.211 1.001 1.000
3343 0.211 1.001 1.000
3344 0.211 1.001 1.000
3345 0.211 1.001 1.000
3346 0.211 1.001 1.000
3347 0.211 1.001 1.000
3348 0.211 1.001 1.000
3349 0.211 1.001 1.000
3350 0.212 1.001 1.000
3351 0.212 1.001 1.000
3352 0.212 1.001 1.000
3353 0.212 1.001 1.000
3354 0.212 1.001 1.000
3355 0.212 1.001 1.000
3356 0.212 1.001 1.000
3357 0.212 1.001 1.000
3358 0.212 1.001 1.000
3359 0.212 1.001 1.000
3360 0.212 1.001 1.000
3361 0.212 1.001 1.000
3362 0.212 1.001 1.000
3363 0.213 1.002 1.000
3364 0.213 1.002 1.000
3365 0.213 1.002 1.000
3366 0.213 1.002 1.000
3367 0.213 1.002 1.000
3368 0.213 1.002 1.000
3369 0.213 1.002 1.000
3370 0.213 1.002 1.000
3371 0.213 1.002 1.000
3372 0.213 1.002 1.000
3373 0.213 1.002 1.000
3374 0.214 1.002 1.000
3375 0.214 1.002 1.000
3376 0.214 1.002 1.000
3377 0.214 1.002 1.000
3378 0.214 1.002 1.000
3379 0.214 1.002 1.000
3380 0.214 1.002 1.000
3381 0.214 1.002 1.000
3382 0.215 1.002 1.000
3383 0.215 1.002 1.000
3384 0.215 1.002 1.000
3385 0.215 1.002 1.000
3386 0.215 1.002 1.000
3387 0.215 1.002 1.000
3388 0.215 1.002 1.000
3389 0.215 1.002 1.000
3390 0.215 1.002 1.000
3391 0.215 1.002 1.000
3392 0.215 1.002 1.000
3393 0.215 1.002 1.000
3394 0.215 1.002 1.000
3395 0.215 1.002 1.000
3396 0.215 1.002 1.000
3397 0.215 1.002 1.000
3398 0.215 1.002 1.000
3399 0.215 1.002 1.000
3400 0.215 1.002 1.000
3401 0.215 1.002 1.000
3402 0.215 1.002 1.000
3403 0.216 1.002 1.000
3404 0.216 1.002 1.000
3405 0.216 1.002 1.000
3406 0.216 1.002 1.000
3407 0.216 1.002 1.000
3408 0.216 1.002 1.000
3409 0.217 1.002 1.000
3410 0.217 1.002 1.000
3411 0.217 1.002 1.000
3412 0.217 1.002 1.000
3413 0.217 1.002 1.000
3414 0.217 1.002 1.000
3415 0.217 1.002 1.000
3416 0.217 1.002 1.000
3417 0.218 1.002 1.000
3418 0.218 1.002 1.000
3419 0.218 1.002 1.000
3420 0.218 1.002 1.000
3421 0.218 1.002 1.000
3422 0.218 1.002 1.000
3423 0.218 1.002 1.000
3424 0.218 1.002 1.000
3425 0.218 1.002 1.000
3426 0.218 1.002 1.000
3427 0.219 1.002 1.000
3428 0.219 1.002 1.000
3429 0.219 1.002 1.000
3430 0.219 1.002 1.000
3431 0.220 1.002 1.000
3432 0.220 1.002 1.000
3433 0.220 1.002 1.000
3434 0.220 1.002 1.000
3435 0.220 1.002 1.000
3436 0.220 1.002 1.000
3437 0.220 1.002 1.000
3438 0.220 1.002 1.000
3439 0.221 1.002 1.000
3440 0.221 1.002 1.000
3441 0.221 1.002 1.000
3442 0.221 1.002 1.000
3443 0.221 1.002 1.000
3444 0.221 1.002 1.000
3445 0.221 1.002 1.000
3446 0.221 1.002 1.000
3447 0.221 1.002 1.000
3448 0.221 1.002 1.000
3449 0.221 1.002 1.000
3450 0.221 1.002 1.000
3451 0.221 1.002 1.000
3452 0.221 1.002 1.000
3453 0.221 1.002 1.000
3454 0.222 1.002 1.000
3455 0.222 1.002 1.000
3456 0.222 1.002 1.000
3457 0.223 1.002 1.000
3458 0.223 1.002 1.000
3459 0.223 1.002 1.000
3460 0.223 1.002 1.000
3461 0.223 1.002 1.001
3462 0.223 1.002 1.001
3463 0.223 1.002 1.001
3464 0.223 1.002 1.001
3465 0.223 1.002 1.001
3466 0.223 1.002 1.001
3467 0.223 1.002 1.001
3468 0.223 1.002 1.001
3469 0.223 1.002 1.001
3470 0.223 1.002 1.001
3471 0.224 1.002 1.001
3472 0.224 1.002 1.001
3473 0.224 1.002 1.001
3474 0.224 1.002 1.001
3475 0.224 1.002 1.001
3476 0.224 1.002 1.001
3477 0.225 1.002 1.001
3478 0.225 1.002 1.001
3479 0.225 1.002 1.001
3480 0.225 1.002 1.001
3481 0.225 1.002 1.001
3482 0.225 1.002 1.001
3483 0.225 1.002 1.001
3484 0.225 1.002 1.001
3485 0.225 1.002 1.001
3486 0.225 1.002 1.001
3487 0.225 1.002 1.001
3488 0.226 1.002 1.001
3489 0.226 1.002 1.001
3490 0.226 1.002 1.001
3491 0.226 1.002 1.001
3492 0.227 1.002 1.001
3493 0.227 1.002 1.001
3494 0.227 1.002 1.001
3495 0.227 1.002 1.001
3496 0.227 1.002 1.001
3497 0.227 1.002 1.001
3498 0.227 1.002 1.001
3499 0.227 1.002 1.001
3500 0.228 1.002 1.001
3501 0.228 1.002 1.001
3502 0.228 1.002 1.001
3503 0.228 1.002 1.001
3504 0.228 1.002 1.001
3505 0.228 1.002 1.001
3506 0.228 1.002 1.001
3507 0.228 1.002 1.001
3508 0.228 1.002 1.001
3509 0.228 1.002 1.001
3510 0.228 1.002 1.001
3511 0.228 1.002 1.001
3512 0.228 1.002 1.001
3513 0.228 1.002 1.001
3514 0.228 1.002 1.001
3515 0.228 1.002 1.001
3516 0.229 1.002 1.001
3517 0.229 1.002 1.001
3518 0.229 1.002 1.001
3519 0.229 1.002 1.001
3520 0.229 1.002 1.001
3521 0.229 1.002 1.001
3522 0.229 1.002 1.001
3523 0.229 1.002 1.001
3524 0.229 1.002 1.001
3525 0.229 1.002 1.001
3526 0.230 1.002 1.001
3527 0.230 1.002 1.001
3528 0.230 1.002 1.001
3529 0.230 1.002 1.001
3530 0.230 1.002 1.001
3531 0.230 1.002 1.001
3532 0.230 1.002 1.001
3533 0.230 1.002 1.001
3534 0.230 1.002 1.001
3535 0.231 1.002 1.001
3536 0.231 1.002 1.001
3537 0.231 1.002 1.001
3538 0.231 1.002 1.001
3539 0.231 1.002 1.001
3540 0.231 1.002 1.001
3541 0.232 1.002 1.001
3542 0.232 1.002 1.001
3543 0.232 1.002 1.001
3544 0.232 1.002 1.001
3545 0.232 1.002 1.001
3546 0.232 1.002 1.001
3547 0.232 1.002 1.001
3548 0.232 1.002 1.001
3549 0.233 1.002 1.001
3550 0.233 1.002 1.001
3551 0.233 1.002 1.001
3552 0.233 1.002 1.001
3553 0.233 1.002 1.001
3554 0.234 1.002 1.001
3555 0.234 1.002 1.001
3556 0.234 1.002 1.001
3557 0.234 1.002 1.001
3558 0.234 1.002 1.001
3559 0.234 1.002 1.001
3560 0.234 1.002 1.001
3561 0.234 1.002 1.001
3562 0.234 1.002 1.001
3563 0.234 1.002 1.001
3564 0.234 1.002 1.001
3565 0.234 1.002 1.001
3566 0.234 1.002 1.001
3567 0.234 1.002 1.001
3568 0.234 1.002 1.001
3569 0.234 1.002 1.001
3570 0.234 1.002 1.001
3571 0.234 1.002 1.001
3572 0.235 1.002 1.001
3573 0.235 1.002 1.001
3574 0.235 1.002 1.001
3575 0.235 1.002 1.001
3576 0.235 1.002 1.001
3577 0.235 1.002 1.001
3578 0.235 1.002 1.001
3579 0.235 1.002 1.001
3580 0.235 1.002 1.001
3581 0.236 1.002 1.001
3582 0.236 1.002 1.001
3583 0.236 1.002 1.001
3584 0.236 1.002 1.001
3585 0.236 1.002 1.001
3586 0.236 1.002 1.001
3587 0.236 1.002 1.001
3588 0.236 1.002 1.001
3589 0.236 1.002 1.001
3590 0.236 1.002 1.001
3591 0.236 1.002 1.001
3592 0.236 1.002 1.001
3593 0.237 1.002 1.001
3594 0.237 1.002 1.001
3595 0.237 1.002 1.001
3596 0.237 1.002 1.001
3597 0.237 1.002 1.001
3598 0.237 1.002 1.001
3599 0.237 1.002 1.001
3600 0.237 1.002 1.001
3601 0.237 1.002 1.001
3602 0.237 1.002 1.001
3603 0.238 1.002 1.001
3604 0.238 1.002 1.001
3605 0.238 1.002 1.001
3606 0.238 1.002 1.001
3607 0.238 1.002 1.001
3608 0.238 1.002 1.001
3609 0.238 1.002 1.001
3610 0.238 1.002 1.001
3611 0.238 1.002 1.001
3612 0.238 1.002 1.001
3613 0.238 1.002 1.001
3614 0.239 1.002 1.001
3615 0.239 1.002 1.001
3616 0.239 1.002 1.001
3617 0.239 1.002 1.001
3618 0.239 1.002 1.001
3619 0.239 1.002 1.001
3620 0.239 1.002 1.001
3621 0.240 1.002 1.001
3622 0.240 1.002 1.001
3623 0.240 1.002 1.001
3624 0.240 1.002 1.001
3625 0.240 1.002 1.001
3626 0.240 1.002 1.001
3627 0.240 1.002 1.001
3628 0.240 1.002 1.001
3629 0.241 1.002 1.001
3630 0.241 1.002 1.001
3631 0.241 1.002 1.001
3632 0.241 1.002 1.001
3633 0.241 1.002 1.001
3634 0.241 1.002 1.001
3635 0.241 1.002 1.001
3636 0.241 1.002 1.001
3637 0.241 1.002 1.001
3638 0.242 1.002 1.001
3639 0.242 1.002 1.001
3640 0.242 1.002 1.001
3641 0.242 1.002 1.001
3642 0.242 1.002 1.001
3643 0.242 1.002 1.001
3644 0.242 1.002 1.001
3645 0.242 1.002 1.001
3646 0.243 1.002 1.001
3647 0.243 1.002 1.001
3648 0.243 1.002 1.001
3649 0.243 1.002 1.001
3650 0.244 1.002 1.001
3651 0.244 1.002 1.001
3652 0.244 1.002 1.001
3653 0.245 1.002 1.001
3654 0.245 1.002 1.001
3655 0.245 1.002 1.001
3656 0.245 1.002 1.001
3657 0.245 1.002 1.001
3658 0.245 1.002 1.001
3659 0.245 1.002 1.001
3660 0.245 1.002 1.001
3661 0.246 1.002 1.001
3662 0.246 1.002 1.001
3663 0.246 1.002 1.001
3664 0.246 1.002 1.002
3665 0.246 1.002 1.002
3666 0.246 1.002 1.002
3667 0.246 1.002 1.002
3668 0.246 1.002 1.002
3669 0.246 1.002 1.002
3670 0.246 1.003 1.002
3671 0.246 1.003 1.002
3672 0.246 1.003 1.002
3673 0.247 1.003 1.002
3674 0.247 1.003 1.002
3675 0.247 1.003 1.002
3676 0.247 1.003 1.002
3677 0.247 1.003 1.002
3678 0.248 1.003 1.002
3679 0.248 1.003 1.002
3680 0.248 1.003 1.002
3681 0.248 1.003 1.002
3682 0.248 1.003 1.002
3683 0.248 1.003 1.002
3684 0.249 1.003 1.002
3685 0.249 1.003 1.002
3686 0.249 1.003 1.002
3687 0.249 1.003 1.002
3688 0.249 1.003 1.002
3689 0.249 1.003 1.002
3690 0.249 1.003 1.002
3691 0.249 1.003 1.002
3692 0.250 1.003 1.002
3693 0.250 1.003 1.002
3694 0.251 1.003 1.002
3695 0.251 1.003 1.002
3696 0.252 1.003 1.002
3697 0.252 1.003 1.002
3698 0.252 1.003 1.002
3699 0.252 1.003 1.002
3700 0.253 1.003 1.002
3701 0.253 1.003 1.002
3702 0.253 1.003 1.002
3703 0.253 1.003 1.002
3704 0.253 1.003 1.002
3705 0.253 1.003 1.002
3706 0.253 1.003 1.002
3707 0.253 1.003 1.002
3708 0.254 1.003 1.002
3709 0.254 1.003 1.002
3710 0.254 1.003 1.002
3711 0.254 1.003 1.002
3712 0.254 1.003 1.002
3713 0.254 1.003 1.002
3714 0.254 1.003 1.002
3715 0.255 1.003 1.002
3716 0.255 1.003 1.002
3717 0.255 1.003 1.002
3718 0.255 1.003 1.002
3719 0.255 1.003 1.002
3720 0.255 1.003 1.002
3721 0.255 1.003 1.002
3722 0.255 1.003 1.002
3723 0.255 1.003 1.002
3724 0.255 1.003 1.002
3725 0.255 1.003 1.002
3726 0.256 1.003 1.002
3727 0.256 1.003 1.002
3728 0.256 1.003 1.002
3729 0.256 1.003 1.002
3730 0.256 1.003 1.002
3731 0.256 1.003 1.002
3732 0.257 1.003 1.002
3733 0.257 1.003 1.002
3734 0.257 1.003 1.002
3735 0.257 1.003 1.002
3736 0.257 1.003 1.002
3737 0.258 1.003 1.002
3738 0.258 1.003 1.002
3739 0.258 1.003 1.002
3740 0.258 1.003 1.002
3741 0.258 1.003 1.002
3742 0.259 1.003 1.002
3743 0.259 1.003 1.002
3744 0.259 1.003 1.002
3745 0.259 1.003 1.002
3746 0.260 1.003 1.002
3747 0.260 1.003 1.002
3748 0.260 1.003 1.002
3749 0.260 1.003 1.002
3750 0.261 1.003 1.002
3751 0.261 1.003 1.002
3752 0.261 1.003 1.002
3753 0.261 1.003 1.002
3754 0.262 1.003 1.002
3755 0.262 1.003 1.002
3756 0.262 1.003 1.002
3757 0.262 1.003 1.002
3758 0.262 1.003 1.002
3759 0.263 1.003 1.002
3760 0.263 1.003 1.002
3761 0.263 1.003 1.002
3762 0.263 1.003 1.002
3763 0.263 1.003 1.002
3764 0.264 1.003 1.002
3765 0.264 1.003 1.002
3766 0.264 1.003 1.002
3767 0.264 1.003 1.002
3768 0.265 1.003 1.002
3769 0.265 1.003 1.002
3770 0.265 1.003 1.002
3771 0.266 1.003 1.002
3772 0.266 1.003 1.002
3773 0.266 1.003 1.002
3774 0.267 1.003 1.002
3775 0.267 1.003 1.002
3776 0.267 1.003 1.002
3777 0.268 1.003 1.002
3778 0.268 1.003 1.002
3779 0.268 1.003 1.002
3780 0.268 1.003 1.002
3781 0.268 1.003 1.002
3782 0.268 1.003 1.002
3783 0.268 1.003 1.002
3784 0.268 1.003 1.002
3785 0.268 1.003 1.002
3786 0.269 1.003 1.002
3787 0.269 1.003 1.002
3788 0.269 1.003 1.002
3789 0.269 1.003 1.002
3790 0.269 1.003 1.002
3791 0.270 1.003 1.002
3792 0.270 1.003 1.002
3793 0.270 1.003 1.002
3794 0.271 1.003 1.002
3795 0.271 1.003 1.002
3796 0.271 1.003 1.002
3797 0.271 1.003 1.002
3798 0.271 1.003 1.002
3799 0.271 1.003 1.002
3800 0.271 1.003 1.002
3801 0.271 1.003 1.002
3802 0.272 1.003 1.002
3803 0.272 1.003 1.002
3804 0.272 1.003 1.002
3805 0.272 1.003 1.002
3806 0.273 1.003 1.002
3807 0.273 1.003 1.002
3808 0.273 1.003 1.002
3809 0.273 1.003 1.002
3810 0.274 1.003 1.002
3811 0.274 1.003 1.002
3812 0.274 1.003 1.002
3813 0.274 1.003 1.002
3814 0.275 1.003 1.002
3815 0.275 1.003 1.002
3816 0.275 1.003 1.002
3817 0.275 1.003 1.002
3818 0.275 1.003 1.002
3819 0.275 1.003 1.002
3820 0.275 1.003 1.002
3821 0.275 1.003 1.002
3822 0.276 1.003 1.002
3823 0.276 1.003 1.002
3824 0.276 1.003 1.002
3825 0.278 1.003 1.002
3826 0.278 1.003 1.002
3827 0.279 1.003 1.002
3828 0.279 1.003 1.002
3829 0.279 1.003 1.002
3830 0.279 1.003 1.002
3831 0.280 1.003 1.002
3832 0.280 1.003 1.002
3833 0.280 1.003 1.002
3834 0.280 1.003 1.002
3835 0.280 1.003 1.002
3836 0.281 1.003 1.002
3837 0.281 1.003 1.002
3838 0.282 1.003 1.002
3839 0.282 1.003 1.002
3840 0.282 1.003 1.002
3841 0.283 1.003 1.002
3842 0.283 1.003 1.002
3843 0.283 1.003 1.002
3844 0.283 1.003 1.002
3845 0.284 1.003 1.002
3846 0.284 1.003 1.002
3847 0.284 1.003 1.002
3848 0.284 1.003 1.002
3849 0.284 1.003 1.002
3850 0.285 1.003 1.002
3851 0.285 1.003 1.002
3852 0.285 1.003 1.002
3853 0.285 1.003 1.002
3854 0.286 1.003 1.002
3855 0.287 1.003 1.002
3856 0.288 1.003 1.003
3857 0.288 1.003 1.003
3858 0.289 1.003 1.003
3859 0.289 1.003 1.003
3860 0.289 1.003 1.003
3861 0.290 1.003 1.003
3862 0.290 1.003 1.003
3863 0.291 1.003 1.003
3864 0.291 1.003 1.003
3865 0.291 1.003 1.003
3866 0.292 1.003 1.003
3867 0.292 1.003 1.003
3868 0.293 1.003 1.003
3869 0.294 1.003 1.003
3870 0.294 1.003 1.003
3871 0.295 1.003 1.003
3872 0.295 1.003 1.003
3873 0.295 1.003 1.003
3874 0.296 1.003 1.003
3875 0.296 1.003 1.003
3876 0.297 1.003 1.003
3877 0.297 1.003 1.003
3878 0.297 1.003 1.003
3879 0.298 1.003 1.003
3880 0.300 1.003 1.003
3881 0.300 1.003 1.003
3882 0.300 1.003 1.003
3883 0.301 1.003 1.003
3884 0.301 1.003 1.003
3885 0.302 1.003 1.003
3886 0.302 1.003 1.003
3887 0.303 1.003 1.003
3888 0.303 1.003 1.003
3889 0.303 1.003 1.003
3890 0.305 1.003 1.003
3891 0.305 1.003 1.003
3892 0.305 1.003 1.003
3893 0.306 1.003 1.003
3894 0.306 1.003 1.003
3895 0.306 1.003 1.003
3896 0.307 1.003 1.003
3897 0.308 1.003 1.003
3898 0.308 1.003 1.003
3899 0.308 1.003 1.003
3900 0.310 1.003 1.003
3901 0.310 1.003 1.003
3902 0.311 1.003 1.003
3903 0.312 1.003 1.003
3904 0.312 1.003 1.003
3905 0.312 1.003 1.003
3906 0.312 1.003 1.003
3907 0.313 1.003 1.003
3908 0.313 1.003 1.003
3909 0.313 1.003 1.003
3910 0.313 1.003 1.003
3911 0.313 1.003 1.003
3912 0.314 1.003 1.003
3913 0.314 1.003 1.003
3914 0.314 1.003 1.003
3915 0.314 1.003 1.003
3916 0.315 1.003 1.003
3917 0.316 1.003 1.003
3918 0.316 1.003 1.003
3919 0.317 1.003 1.003
3920 0.318 1.003 1.003
3921 0.318 1.003 1.003
3922 0.318 1.003 1.003
3923 0.319 1.003 1.003
3924 0.320 1.003 1.003
3925 0.320 1.003 1.003
3926 0.322 1.003 1.003
3927 0.322 1.003 1.003
3928 0.323 1.003 1.003
3929 0.324 1.004 1.003
3930 0.328 1.004 1.003
3931 0.328 1.004 1.003
3932 0.331 1.004 1.003
3933 0.331 1.004 1.003
3934 0.333 1.004 1.003
3935 0.337 1.004 1.003
3936 0.337 1.004 1.003
3937 0.338 1.004 1.003
3938 0.338 1.004 1.003
3939 0.339 1.004 1.003
3940 0.340 1.004 1.003
3941 0.340 1.004 1.003
3942 0.340 1.004 1.003
3943 0.340 1.004 1.003
3944 0.341 1.004 1.003
3945 0.343 1.004 1.003
3946 0.343 1.004 1.003
3947 0.343 1.004 1.003
3948 0.344 1.004 1.003
3949 0.345 1.004 1.003
3950 0.347 1.004 1.003
3951 0.347 1.004 1.003
3952 0.347 1.004 1.003
3953 0.347 1.004 1.003
3954 0.347 1.004 1.003
3955 0.348 1.004 1.003
3956 0.349 1.004 1.003
3957 0.352 1.004 1.003
3958 0.356 1.004 1.003
3959 0.358 1.004 1.003
3960 0.359 1.004 1.003
3961 0.360 1.004 1.003
3962 0.362 1.004 1.003
3963 0.365 1.004 1.003
3964 0.366 1.004 1.003
3965 0.367 1.004 1.003
3966 0.373 1.004 1.003
3967 0.374 1.004 1.003
3968 0.378 1.004 1.003
3969 0.380 1.004 1.003
3970 0.382 1.004 1.003
3971 0.390 1.004 1.003
3972 0.390 1.004 1.003
3973 0.394 1.004 1.003
3974 0.396 1.004 1.003
3975 0.406 1.004 1.003
3976 0.407 1.004 1.003
3977 0.425 1.004 1.003
3978 0.428 1.004 1.003
3979 0.428 1.004 1.003
3980 0.432 1.004 1.003
3981 0.434 1.004 1.003
3982 0.437 1.004 1.003
3983 0.439 1.004 1.003
3984 0.441 1.004 1.003
3985 0.443 1.004 1.003
3986 0.447 1.004 1.003
3987 0.448 1.004 1.003
3988 0.453 1.004 1.003
3989 0.455 1.004 1.003
3990 0.467 1.004 1.003
3991 0.473 1.004 1.003
3992 0.484 1.004 1.003
3993 0.486 1.004 1.003
3994 0.492 1.004 1.003
3995 0.492 1.004 1.003
3996 0.496 1.005 1.003
3997 0.501 1.005 1.003
3998 0.501 1.005 1.003
3999 0.502 1.005 1.003
4000 0.507 1.005 1.004
4001 0.511 1.005 1.004
4002 0.513 1.005 1.004
4003 0.515 1.005 1.004
4004 0.525 1.005 1.004
4005 0.528 1.005 1.004
4006 0.534 1.005 1.004
4007 0.535 1.005 1.004
4008 0.551 1.006 1.004
4009 0.563 1.006 1.004
4010 0.565 1.006 1.004
4011 0.579 1.007 1.004
4012 0.609 1.007 1.004
4013 0.610 1.007 1.004
4014 0.631 1.007 1.004
4015 0.650 1.008 1.004
4016 0.655 1.008 1.004
4017 0.678 1.008 1.004
4018 0.750 1.008 1.004
4019 0.773 1.008 1.004
4020 0.804 1.008 1.004
4021 0.832 1.009 1.004
4022 0.832 1.009 1.004
4023 0.833 1.009 1.004
4024 0.833 1.009 1.004
4025 0.833 1.009 1.005
4026 0.833 1.010 1.005
4027 0.833 1.011 1.006
4028 0.834 1.011 1.006
4029 0.834 1.012 1.007
4030 0.835 1.017 1.011
4031 0.847 1.020 1.014
4032 0.847 1.023 1.019
4033 0.892 1.042 1.020
