 accp4 accp4c accp4p
1 0.007 0.574 0.700
2 0.009 0.818 0.742
3 0.029 0.843 0.745
4 0.039 0.845 0.789
5 0.043 0.848 0.807
6 0.044 0.862 0.809
7 0.051 0.878 0.817
8 0.052 0.883 0.819
9 0.053 0.896 0.834
10 0.054 0.906 0.842
11 0.055 0.907 0.843
12 0.059 0.908 0.861
13 0.061 0.916 0.863
14 0.062 0.923 0.864
15 0.062 0.935 0.864
16 0.063 0.935 0.866
17 0.063 0.946 0.870
18 0.064 0.950 0.875
19 0.064 0.952 0.879
20 0.065 0.953 0.886
21 0.068 0.954 0.887
22 0.068 0.954 0.891
23 0.068 0.958 0.892
24 0.068 0.960 0.893
25 0.069 0.961 0.894
26 0.070 0.962 0.894
27 0.070 0.962 0.897
28 0.071 0.963 0.898
29 0.073 0.964 0.899
30 0.073 0.964 0.900
31 0.074 0.967 0.901
32 0.076 0.969 0.901
33 0.078 0.969 0.903
34 0.078 0.970 0.906
35 0.079 0.972 0.906
36 0.080 0.972 0.907
37 0.080 0.972 0.908
38 0.081 0.973 0.911
39 0.081 0.973 0.915
40 0.082 0.974 0.916
41 0.082 0.974 0.918
42 0.082 0.974 0.921
43 0.082 0.974 0.921
44 0.084 0.975 0.922
45 0.084 0.975 0.924
46 0.086 0.976 0.928
47 0.086 0.977 0.928
48 0.086 0.977 0.931
49 0.086 0.978 0.934
50 0.087 0.980 0.937
51 0.088 0.980 0.937
52 0.089 0.980 0.937
53 0.089 0.980 0.937
54 0.091 0.981 0.937
55 0.091 0.981 0.938
56 0.091 0.981 0.939
57 0.093 0.981 0.942
58 0.093 0.981 0.943
59 0.093 0.982 0.943
60 0.095 0.982 0.944
61 0.096 0.983 0.944
62 0.096 0.983 0.945
63 0.098 0.985 0.945
64 0.100 0.985 0.946
65 0.100 0.985 0.946
66 0.100 0.985 0.947
67 0.103 0.986 0.948
68 0.103 0.986 0.948
69 0.104 0.986 0.949
70 0.104 0.986 0.949
71 0.105 0.986 0.949
72 0.105 0.986 0.950
73 0.105 0.986 0.950
74 0.106 0.987 0.951
75 0.106 0.987 0.952
76 0.107 0.987 0.954
77 0.107 0.987 0.956
78 0.107 0.987 0.956
79 0.109 0.988 0.958
80 0.109 0.988 0.958
81 0.109 0.988 0.958
82 0.109 0.988 0.958
83 0.109 0.988 0.958
84 0.110 0.988 0.959
85 0.110 0.988 0.959
86 0.110 0.989 0.959
87 0.111 0.989 0.959
88 0.112 0.989 0.959
89 0.113 0.989 0.959
90 0.114 0.989 0.959
91 0.114 0.989 0.960
92 0.114 0.989 0.960
93 0.115 0.989 0.961
94 0.117 0.989 0.961
95 0.117 0.989 0.961
96 0.117 0.989 0.962
97 0.117 0.990 0.962
98 0.118 0.990 0.962
99 0.118 0.990 0.962
100 0.119 0.990 0.963
101 0.119 0.990 0.963
102 0.120 0.990 0.963
103 0.121 0.990 0.963
104 0.122 0.990 0.964
105 0.122 0.990 0.964
106 0.123 0.991 0.964
107 0.124 0.991 0.965
108 0.124 0.992 0.965
109 0.124 0.992 0.965
110 0.125 0.992 0.965
111 0.126 0.992 0.966
112 0.126 0.992 0.966
113 0.126 0.992 0.966
114 0.127 0.992 0.966
115 0.127 0.992 0.967
116 0.128 0.992 0.967
117 0.128 0.992 0.967
118 0.128 0.992 0.967
119 0.128 0.992 0.967
120 0.129 0.992 0.967
121 0.130 0.993 0.968
122 0.130 0.993 0.968
123 0.130 0.993 0.968
124 0.131 0.993 0.969
125 0.131 0.993 0.969
126 0.131 0.993 0.969
127 0.131 0.993 0.970
128 0.132 0.993 0.970
129 0.132 0.993 0.970
130 0.133 0.993 0.970
131 0.133 0.993 0.970
132 0.134 0.993 0.971
133 0.135 0.993 0.971
134 0.135 0.993 0.971
135 0.136 0.994 0.971
136 0.136 0.994 0.973
137 0.136 0.994 0.973
138 0.137 0.994 0.973
139 0.137 0.994 0.973
140 0.137 0.994 0.973
141 0.138 0.994 0.974
142 0.138 0.994 0.974
143 0.139 0.994 0.974
144 0.139 0.995 0.974
145 0.139 0.995 0.974
146 0.140 0.995 0.974
147 0.140 0.995 0.974
148 0.140 0.995 0.974
149 0.141 0.995 0.974
150 0.141 0.995 0.974
151 0.142 0.995 0.974
152 0.142 0.995 0.974
153 0.142 0.995 0.975
154 0.142 0.995 0.976
155 0.142 0.995 0.976
156 0.142 0.995 0.976
157 0.143 0.995 0.976
158 0.143 0.995 0.976
159 0.143 0.995 0.977
160 0.144 0.995 0.977
161 0.144 0.995 0.977
162 0.145 0.995 0.977
163 0.145 0.995 0.977
164 0.145 0.995 0.977
165 0.146 0.996 0.977
166 0.146 0.996 0.977
167 0.146 0.996 0.977
168 0.146 0.996 0.978
169 0.146 0.996 0.978
170 0.146 0.996 0.978
171 0.146 0.996 0.978
172 0.147 0.996 0.978
173 0.148 0.996 0.978
174 0.148 0.996 0.978
175 0.148 0.996 0.978
176 0.149 0.996 0.978
177 0.149 0.996 0.978
178 0.149 0.996 0.979
179 0.149 0.996 0.979
180 0.150 0.996 0.979
181 0.151 0.996 0.979
182 0.151 0.996 0.979
183 0.151 0.996 0.979
184 0.151 0.996 0.979
185 0.152 0.996 0.980
186 0.152 0.997 0.980
187 0.153 0.997 0.980
188 0.153 0.997 0.980
189 0.153 0.997 0.980
190 0.153 0.997 0.980
191 0.153 0.997 0.980
192 0.154 0.997 0.981
193 0.155 0.997 0.981
194 0.156 0.997 0.981
195 0.156 0.997 0.981
196 0.156 0.997 0.981
197 0.156 0.997 0.981
198 0.156 0.997 0.981
199 0.157 0.997 0.982
200 0.157 0.997 0.982
201 0.157 0.997 0.982
202 0.157 0.997 0.982
203 0.158 0.997 0.982
204 0.158 0.997 0.982
205 0.159 0.997 0.983
206 0.160 0.997 0.983
207 0.160 0.997 0.983
208 0.160 0.997 0.983
209 0.161 0.997 0.983
210 0.162 0.997 0.983
211 0.162 0.997 0.983
212 0.162 0.997 0.983
213 0.162 0.997 0.983
214 0.162 0.997 0.983
215 0.162 0.997 0.983
216 0.162 0.997 0.984
217 0.163 0.997 0.984
218 0.163 0.997 0.984
219 0.163 0.997 0.984
220 0.164 0.997 0.984
221 0.164 0.997 0.984
222 0.166 0.997 0.984
223 0.166 0.997 0.984
224 0.166 0.997 0.984
225 0.166 0.998 0.984
226 0.167 0.998 0.984
227 0.167 0.998 0.984
228 0.167 0.998 0.984
229 0.167 0.998 0.984
230 0.168 0.998 0.985
231 0.168 0.998 0.985
232 0.169 0.998 0.985
233 0.169 0.998 0.985
234 0.170 0.998 0.985
235 0.170 0.998 0.985
236 0.170 0.998 0.985
237 0.170 0.998 0.985
238 0.170 0.998 0.985
239 0.170 0.998 0.985
240 0.171 0.998 0.985
241 0.171 0.998 0.985
242 0.172 0.998 0.985
243 0.172 0.998 0.985
244 0.172 0.998 0.985
245 0.173 0.998 0.985
246 0.173 0.998 0.985
247 0.173 0.998 0.985
248 0.173 0.998 0.985
249 0.173 0.998 0.986
250 0.173 0.998 0.986
251 0.173 0.998 0.986
252 0.174 0.998 0.986
253 0.175 0.998 0.986
254 0.175 0.998 0.986
255 0.175 0.998 0.986
256 0.176 0.998 0.986
257 0.176 0.998 0.986
258 0.177 0.998 0.986
259 0.177 0.998 0.986
260 0.177 0.998 0.986
261 0.177 0.998 0.986
262 0.178 0.998 0.986
263 0.179 0.998 0.986
264 0.179 0.998 0.986
265 0.179 0.998 0.986
266 0.180 0.998 0.986
267 0.180 0.998 0.986
268 0.180 0.998 0.986
269 0.180 0.998 0.986
270 0.180 0.998 0.986
271 0.180 0.998 0.986
272 0.180 0.998 0.986
273 0.180 0.998 0.986
274 0.181 0.998 0.986
275 0.181 0.998 0.986
276 0.181 0.998 0.986
277 0.182 0.998 0.986
278 0.182 0.998 0.986
279 0.183 0.998 0.987
280 0.183 0.998 0.987
281 0.183 0.998 0.987
282 0.183 0.999 0.987
283 0.183 0.999 0.987
284 0.183 0.999 0.987
285 0.184 0.999 0.987
286 0.185 0.999 0.987
287 0.185 0.999 0.987
288 0.185 0.999 0.987
289 0.185 0.999 0.987
290 0.186 0.999 0.987
291 0.186 0.999 0.988
292 0.187 0.999 0.988
293 0.187 0.999 0.988
294 0.187 0.999 0.988
295 0.188 0.999 0.988
296 0.188 0.999 0.988
297 0.188 0.999 0.988
298 0.188 0.999 0.988
299 0.188 0.999 0.988
300 0.188 0.999 0.988
301 0.188 0.999 0.988
302 0.189 0.999 0.988
303 0.189 0.999 0.988
304 0.189 0.999 0.988
305 0.189 0.999 0.988
306 0.190 0.999 0.988
307 0.190 0.999 0.988
308 0.190 0.999 0.989
309 0.190 0.999 0.989
310 0.191 0.999 0.989
311 0.191 0.999 0.989
312 0.191 0.999 0.989
313 0.191 0.999 0.989
314 0.191 0.999 0.989
315 0.191 0.999 0.989
316 0.192 0.999 0.989
317 0.192 0.999 0.989
318 0.192 0.999 0.989
319 0.192 0.999 0.989
320 0.193 0.999 0.989
321 0.193 0.999 0.989
322 0.193 0.999 0.989
323 0.193 0.999 0.989
324 0.193 0.999 0.989
325 0.193 0.999 0.989
326 0.194 0.999 0.990
327 0.195 0.999 0.990
328 0.195 0.999 0.990
329 0.195 0.999 0.990
330 0.195 0.999 0.990
331 0.195 0.999 0.990
332 0.196 0.999 0.990
333 0.196 0.999 0.990
334 0.196 0.999 0.990
335 0.196 0.999 0.990
336 0.197 0.999 0.990
337 0.197 0.999 0.990
338 0.197 0.999 0.990
339 0.197 0.999 0.990
340 0.197 0.999 0.990
341 0.198 0.999 0.990
342 0.198 0.999 0.990
343 0.198 0.999 0.990
344 0.198 0.999 0.990
345 0.199 0.999 0.990
346 0.199 0.999 0.990
347 0.199 0.999 0.990
348 0.200 0.999 0.990
349 0.200 0.999 0.990
350 0.200 0.999 0.990
351 0.200 0.999 0.990
352 0.200 0.999 0.991
353 0.200 0.999 0.991
354 0.200 0.999 0.991
355 0.200 0.999 0.991
356 0.200 0.999 0.991
357 0.201 0.999 0.991
358 0.201 0.999 0.991
359 0.202 0.999 0.991
360 0.202 0.999 0.991
361 0.202 0.999 0.991
362 0.202 0.999 0.991
363 0.202 0.999 0.991
364 0.202 0.999 0.991
365 0.202 0.999 0.991
366 0.203 0.999 0.991
367 0.203 0.999 0.991
368 0.203 0.999 0.991
369 0.203 0.999 0.991
370 0.203 0.999 0.991
371 0.203 0.999 0.992
372 0.203 0.999 0.992
373 0.203 0.999 0.992
374 0.204 0.999 0.992
375 0.204 0.999 0.992
376 0.204 0.999 0.992
377 0.204 0.999 0.992
378 0.204 0.999 0.992
379 0.204 0.999 0.992
380 0.205 0.999 0.992
381 0.205 0.999 0.992
382 0.205 0.999 0.992
383 0.206 0.999 0.992
384 0.206 0.999 0.992
385 0.206 0.999 0.992
386 0.206 0.999 0.992
387 0.206 0.999 0.992
388 0.207 0.999 0.992
389 0.207 0.999 0.992
390 0.207 0.999 0.992
391 0.207 0.999 0.992
392 0.207 0.999 0.992
393 0.208 0.999 0.992
394 0.208 0.999 0.993
395 0.208 0.999 0.993
396 0.208 0.999 0.993
397 0.210 0.999 0.993
398 0.211 0.999 0.993
399 0.211 0.999 0.993
400 0.211 0.999 0.993
401 0.212 1.000 0.993
402 0.212 1.000 0.993
403 0.212 1.000 0.993
404 0.213 1.000 0.993
405 0.213 1.000 0.993
406 0.213 1.000 0.993
407 0.213 1.000 0.993
408 0.213 1.000 0.993
409 0.213 1.000 0.993
410 0.214 1.000 0.993
411 0.214 1.000 0.993
412 0.214 1.000 0.993
413 0.214 1.000 0.993
414 0.214 1.000 0.993
415 0.215 1.000 0.993
416 0.215 1.000 0.993
417 0.215 1.000 0.993
418 0.215 1.000 0.994
419 0.215 1.000 0.994
420 0.216 1.000 0.994
421 0.216 1.000 0.994
422 0.216 1.000 0.994
423 0.216 1.000 0.994
424 0.216 1.000 0.994
425 0.216 1.000 0.994
426 0.217 1.000 0.994
427 0.217 1.000 0.994
428 0.217 1.000 0.994
429 0.218 1.000 0.994
430 0.218 1.000 0.994
431 0.218 1.000 0.994
432 0.219 1.000 0.994
433 0.219 1.000 0.994
434 0.219 1.000 0.994
435 0.219 1.000 0.994
436 0.219 1.000 0.994
437 0.219 1.000 0.994
438 0.220 1.000 0.994
439 0.221 1.000 0.994
440 0.221 1.000 0.994
441 0.221 1.000 0.994
442 0.221 1.000 0.994
443 0.221 1.000 0.994
444 0.222 1.000 0.994
445 0.222 1.000 0.994
446 0.223 1.000 0.994
447 0.223 1.000 0.994
448 0.223 1.000 0.994
449 0.224 1.000 0.994
450 0.224 1.000 0.995
451 0.224 1.000 0.995
452 0.225 1.000 0.995
453 0.226 1.000 0.995
454 0.227 1.000 0.995
455 0.227 1.000 0.995
456 0.227 1.000 0.995
457 0.227 1.000 0.995
458 0.227 1.000 0.995
459 0.227 1.000 0.995
460 0.227 1.000 0.995
461 0.228 1.000 0.995
462 0.228 1.000 0.995
463 0.228 1.000 0.995
464 0.229 1.000 0.995
465 0.229 1.000 0.995
466 0.229 1.000 0.995
467 0.229 1.000 0.995
468 0.229 1.000 0.995
469 0.230 1.000 0.995
470 0.230 1.000 0.995
471 0.230 1.000 0.995
472 0.230 1.000 0.995
473 0.230 1.000 0.995
474 0.230 1.000 0.995
475 0.232 1.000 0.995
476 0.232 1.000 0.995
477 0.232 1.000 0.995
478 0.232 1.000 0.995
479 0.233 1.000 0.995
480 0.233 1.000 0.995
481 0.233 1.000 0.995
482 0.233 1.000 0.995
483 0.233 1.000 0.995
484 0.234 1.000 0.995
485 0.234 1.000 0.995
486 0.234 1.000 0.995
487 0.234 1.000 0.995
488 0.234 1.000 0.995
489 0.234 1.000 0.996
490 0.235 1.000 0.996
491 0.235 1.000 0.996
492 0.235 1.000 0.996
493 0.235 1.000 0.996
494 0.235 1.000 0.996
495 0.235 1.000 0.996
496 0.235 1.000 0.996
497 0.235 1.000 0.996
498 0.236 1.000 0.996
499 0.236 1.000 0.996
500 0.236 1.000 0.996
501 0.236 1.000 0.996
502 0.236 1.000 0.996
503 0.236 1.000 0.996
504 0.236 1.000 0.996
505 0.236 1.000 0.996
506 0.237 1.000 0.996
507 0.237 1.000 0.996
508 0.237 1.000 0.996
509 0.237 1.000 0.996
510 0.237 1.000 0.996
511 0.237 1.000 0.996
512 0.237 1.000 0.996
513 0.237 1.000 0.996
514 0.238 1.000 0.996
515 0.238 1.000 0.996
516 0.238 1.000 0.996
517 0.238 1.000 0.996
518 0.238 1.000 0.996
519 0.238 1.000 0.996
520 0.238 1.000 0.996
521 0.238 1.000 0.996
522 0.238 1.000 0.996
523 0.239 1.000 0.996
524 0.239 1.000 0.996
525 0.239 1.000 0.996
526 0.239 1.000 0.996
527 0.239 1.000 0.996
528 0.239 1.000 0.996
529 0.240 1.000 0.996
530 0.240 1.000 0.996
531 0.240 1.000 0.996
532 0.240 1.000 0.996
533 0.241 1.000 0.996
534 0.241 1.000 0.996
535 0.241 1.000 0.996
536 0.241 1.000 0.996
537 0.241 1.000 0.996
538 0.241 1.000 0.996
539 0.241 1.000 0.997
540 0.241 1.000 0.997
541 0.241 1.000 0.997
542 0.241 1.000 0.997
543 0.242 1.000 0.997
544 0.242 1.000 0.997
545 0.242 1.000 0.997
546 0.242 1.000 0.997
547 0.242 1.000 0.997
548 0.242 1.000 0.997
549 0.242 1.000 0.997
550 0.242 1.000 0.997
551 0.242 1.000 0.997
552 0.243 1.000 0.997
553 0.243 1.000 0.997
554 0.243 1.000 0.997
555 0.243 1.000 0.997
556 0.243 1.000 0.997
557 0.243 1.000 0.997
558 0.243 1.000 0.997
559 0.243 1.000 0.997
560 0.243 1.000 0.997
561 0.244 1.000 0.997
562 0.244 1.000 0.997
563 0.244 1.000 0.997
564 0.244 1.000 0.997
565 0.244 1.000 0.997
566 0.244 1.000 0.997
567 0.244 1.000 0.997
568 0.244 1.000 0.997
569 0.244 1.000 0.997
570 0.244 1.000 0.997
571 0.244 1.000 0.997
572 0.244 1.000 0.997
573 0.244 1.000 0.997
574 0.244 1.000 0.997
575 0.245 1.000 0.997
576 0.245 1.000 0.997
577 0.245 1.000 0.997
578 0.245 1.000 0.997
579 0.245 1.000 0.997
580 0.245 1.000 0.997
581 0.245 1.000 0.997
582 0.245 1.000 0.997
583 0.245 1.000 0.997
584 0.245 1.000 0.997
585 0.245 1.000 0.997
586 0.246 1.000 0.997
587 0.246 1.000 0.997
588 0.246 1.000 0.997
589 0.246 1.000 0.997
590 0.246 1.000 0.997
591 0.246 1.000 0.997
592 0.246 1.000 0.997
593 0.246 1.000 0.997
594 0.246 1.000 0.997
595 0.246 1.000 0.997
596 0.246 1.000 0.997
597 0.246 1.000 0.997
598 0.246 1.000 0.997
599 0.246 1.000 0.997
600 0.246 1.000 0.997
601 0.246 1.000 0.997
602 0.247 1.000 0.997
603 0.247 1.000 0.997
604 0.247 1.000 0.997
605 0.247 1.000 0.997
606 0.247 1.000 0.997
607 0.247 1.000 0.997
608 0.247 1.000 0.997
609 0.247 1.000 0.997
610 0.247 1.000 0.997
611 0.247 1.000 0.997
612 0.247 1.000 0.997
613 0.247 1.000 0.997
614 0.247 1.000 0.997
615 0.247 1.000 0.997
616 0.247 1.000 0.997
617 0.247 1.000 0.997
618 0.247 1.000 0.998
619 0.248 1.000 0.998
620 0.248 1.000 0.998
621 0.248 1.000 0.998
622 0.248 1.000 0.998
623 0.248 1.000 0.998
624 0.249 1.000 0.998
625 0.249 1.000 0.998
626 0.249 1.000 0.998
627 0.249 1.000 0.998
628 0.249 1.000 0.998
629 0.249 1.000 0.998
630 0.249 1.000 0.998
631 0.249 1.000 0.998
632 0.249 1.000 0.998
633 0.249 1.000 0.998
634 0.250 1.000 0.998
635 0.250 1.000 0.998
636 0.250 1.000 0.998
637 0.250 1.000 0.998
638 0.250 1.000 0.998
639 0.251 1.000 0.998
640 0.251 1.000 0.998
641 0.251 1.000 0.998
642 0.251 1.000 0.998
643 0.251 1.000 0.998
644 0.251 1.000 0.998
645 0.251 1.000 0.998
646 0.251 1.000 0.998
647 0.251 1.000 0.998
648 0.251 1.000 0.998
649 0.251 1.000 0.998
650 0.251 1.000 0.998
651 0.251 1.000 0.998
652 0.251 1.000 0.998
653 0.251 1.000 0.998
654 0.251 1.000 0.998
655 0.251 1.000 0.998
656 0.252 1.000 0.998
657 0.252 1.000 0.998
658 0.252 1.000 0.998
659 0.252 1.000 0.998
660 0.252 1.000 0.998
661 0.252 1.000 0.998
662 0.252 1.000 0.998
663 0.252 1.000 0.998
664 0.252 1.000 0.998
665 0.252 1.000 0.998
666 0.252 1.000 0.998
667 0.253 1.000 0.998
668 0.253 1.000 0.998
669 0.253 1.000 0.998
670 0.253 1.000 0.998
671 0.253 1.000 0.998
672 0.253 1.000 0.998
673 0.253 1.000 0.998
674 0.254 1.000 0.998
675 0.254 1.000 0.998
676 0.254 1.000 0.998
677 0.255 1.000 0.998
678 0.255 1.000 0.998
679 0.255 1.000 0.998
680 0.255 1.000 0.998
681 0.255 1.000 0.998
682 0.256 1.000 0.998
683 0.256 1.000 0.998
684 0.256 1.000 0.998
685 0.256 1.000 0.998
686 0.256 1.000 0.998
687 0.256 1.000 0.998
688 0.256 1.000 0.998
689 0.256 1.000 0.998
690 0.256 1.000 0.998
691 0.256 1.000 0.998
692 0.256 1.000 0.998
693 0.256 1.000 0.998
694 0.257 1.000 0.998
695 0.257 1.000 0.998
696 0.257 1.000 0.998
697 0.257 1.000 0.998
698 0.257 1.000 0.998
699 0.257 1.000 0.998
700 0.257 1.000 0.998
701 0.257 1.000 0.998
702 0.258 1.000 0.998
703 0.258 1.000 0.998
704 0.258 1.000 0.998
705 0.258 1.000 0.998
706 0.258 1.000 0.998
707 0.258 1.000 0.998
708 0.258 1.000 0.998
709 0.258 1.000 0.998
710 0.258 1.000 0.998
711 0.258 1.000 0.998
712 0.258 1.000 0.998
713 0.258 1.000 0.998
714 0.259 1.000 0.998
715 0.259 1.000 0.998
716 0.259 1.000 0.998
717 0.259 1.000 0.998
718 0.259 1.000 0.998
719 0.259 1.000 0.998
720 0.259 1.000 0.998
721 0.259 1.000 0.998
722 0.259 1.000 0.998
723 0.259 1.000 0.998
724 0.260 1.000 0.998
725 0.260 1.000 0.998
726 0.260 1.000 0.998
727 0.260 1.000 0.998
728 0.260 1.000 0.998
729 0.260 1.000 0.998
730 0.261 1.000 0.998
731 0.261 1.000 0.998
732 0.261 1.000 0.998
733 0.261 1.000 0.998
734 0.261 1.000 0.998
735 0.262 1.000 0.998
736 0.262 1.000 0.998
737 0.262 1.000 0.998
738 0.262 1.000 0.998
739 0.262 1.000 0.998
740 0.262 1.000 0.998
741 0.263 1.000 0.998
742 0.263 1.000 0.998
743 0.263 1.000 0.998
744 0.263 1.000 0.998
745 0.263 1.000 0.998
746 0.263 1.000 0.998
747 0.263 1.000 0.998
748 0.263 1.000 0.998
749 0.264 1.000 0.998
750 0.264 1.000 0.998
751 0.264 1.000 0.998
752 0.264 1.000 0.998
753 0.264 1.000 0.998
754 0.264 1.000 0.998
755 0.264 1.000 0.998
756 0.264 1.000 0.998
757 0.264 1.000 0.998
758 0.265 1.000 0.998
759 0.265 1.000 0.998
760 0.265 1.000 0.998
761 0.265 1.000 0.999
762 0.265 1.000 0.999
763 0.265 1.000 0.999
764 0.265 1.000 0.999
765 0.265 1.000 0.999
766 0.265 1.000 0.999
767 0.265 1.000 0.999
768 0.266 1.000 0.999
769 0.266 1.000 0.999
770 0.266 1.000 0.999
771 0.266 1.000 0.999
772 0.266 1.000 0.999
773 0.266 1.000 0.999
774 0.266 1.000 0.999
775 0.267 1.000 0.999
776 0.267 1.000 0.999
777 0.267 1.000 0.999
778 0.267 1.000 0.999
779 0.267 1.000 0.999
780 0.267 1.000 0.999
781 0.268 1.000 0.999
782 0.268 1.000 0.999
783 0.268 1.000 0.999
784 0.268 1.000 0.999
785 0.268 1.000 0.999
786 0.268 1.000 0.999
787 0.268 1.000 0.999
788 0.268 1.000 0.999
789 0.269 1.000 0.999
790 0.269 1.000 0.999
791 0.269 1.000 0.999
792 0.269 1.000 0.999
793 0.269 1.000 0.999
794 0.269 1.000 0.999
795 0.269 1.000 0.999
796 0.269 1.000 0.999
797 0.269 1.000 0.999
798 0.269 1.000 0.999
799 0.269 1.000 0.999
800 0.269 1.000 0.999
801 0.269 1.000 0.999
802 0.269 1.000 0.999
803 0.270 1.000 0.999
804 0.270 1.000 0.999
805 0.270 1.000 0.999
806 0.270 1.000 0.999
807 0.270 1.000 0.999
808 0.270 1.000 0.999
809 0.270 1.000 0.999
810 0.270 1.000 0.999
811 0.270 1.000 0.999
812 0.270 1.000 0.999
813 0.270 1.000 0.999
814 0.270 1.000 0.999
815 0.270 1.000 0.999
816 0.270 1.000 0.999
817 0.270 1.000 0.999
818 0.270 1.000 0.999
819 0.270 1.000 0.999
820 0.270 1.000 0.999
821 0.271 1.000 0.999
822 0.271 1.000 0.999
823 0.271 1.000 0.999
824 0.271 1.000 0.999
825 0.271 1.000 0.999
826 0.271 1.000 0.999
827 0.271 1.000 0.999
828 0.272 1.000 0.999
829 0.272 1.000 0.999
830 0.272 1.000 0.999
831 0.272 1.000 0.999
832 0.272 1.000 0.999
833 0.272 1.000 0.999
834 0.272 1.000 0.999
835 0.272 1.000 0.999
836 0.272 1.000 0.999
837 0.272 1.000 0.999
838 0.272 1.000 0.999
839 0.273 1.000 0.999
840 0.273 1.000 0.999
841 0.273 1.000 0.999
842 0.273 1.000 0.999
843 0.273 1.000 0.999
844 0.273 1.000 0.999
845 0.273 1.000 0.999
846 0.273 1.000 0.999
847 0.274 1.000 0.999
848 0.274 1.000 0.999
849 0.274 1.000 0.999
850 0.274 1.000 0.999
851 0.274 1.000 0.999
852 0.274 1.000 0.999
853 0.274 1.000 0.999
854 0.274 1.000 0.999
855 0.275 1.000 0.999
856 0.275 1.000 0.999
857 0.275 1.000 0.999
858 0.275 1.000 0.999
859 0.275 1.000 0.999
860 0.275 1.000 0.999
861 0.275 1.000 0.999
862 0.275 1.000 0.999
863 0.275 1.000 0.999
864 0.275 1.000 0.999
865 0.275 1.000 0.999
866 0.275 1.000 0.999
867 0.275 1.000 0.999
868 0.276 1.000 0.999
869 0.276 1.000 0.999
870 0.276 1.000 0.999
871 0.276 1.000 0.999
872 0.276 1.000 0.999
873 0.276 1.000 0.999
874 0.276 1.000 0.999
875 0.276 1.000 0.999
876 0.276 1.000 0.999
877 0.276 1.000 0.999
878 0.277 1.000 0.999
879 0.277 1.000 0.999
880 0.277 1.000 0.999
881 0.277 1.000 0.999
882 0.277 1.000 0.999
883 0.277 1.000 0.999
884 0.277 1.000 0.999
885 0.278 1.000 0.999
886 0.278 1.000 0.999
887 0.278 1.000 0.999
888 0.278 1.000 0.999
889 0.278 1.000 0.999
890 0.278 1.000 0.999
891 0.278 1.000 0.999
892 0.278 1.000 0.999
893 0.278 1.000 0.999
894 0.279 1.000 0.999
895 0.279 1.000 0.999
896 0.279 1.000 0.999
897 0.279 1.000 0.999
898 0.279 1.000 0.999
899 0.279 1.000 0.999
900 0.279 1.000 0.999
901 0.279 1.000 0.999
902 0.280 1.000 0.999
903 0.280 1.000 0.999
904 0.280 1.000 0.999
905 0.280 1.000 0.999
906 0.281 1.000 0.999
907 0.281 1.000 0.999
908 0.281 1.000 0.999
909 0.281 1.000 0.999
910 0.281 1.000 0.999
911 0.281 1.000 0.999
912 0.281 1.000 0.999
913 0.281 1.000 0.999
914 0.281 1.000 0.999
915 0.282 1.000 0.999
916 0.282 1.000 0.999
917 0.282 1.000 0.999
918 0.282 1.000 0.999
919 0.282 1.000 0.999
920 0.282 1.000 0.999
921 0.282 1.000 0.999
922 0.282 1.000 0.999
923 0.283 1.000 0.999
924 0.283 1.000 0.999
925 0.283 1.000 0.999
926 0.284 1.000 0.999
927 0.284 1.000 0.999
928 0.284 1.000 0.999
929 0.284 1.000 0.999
930 0.284 1.000 0.999
931 0.284 1.000 0.999
932 0.284 1.000 0.999
933 0.284 1.000 0.999
934 0.285 1.000 0.999
935 0.285 1.000 0.999
936 0.285 1.000 0.999
937 0.285 1.000 0.999
938 0.285 1.000 0.999
939 0.286 1.000 0.999
940 0.286 1.000 0.999
941 0.286 1.000 0.999
942 0.286 1.000 0.999
943 0.286 1.000 0.999
944 0.286 1.000 0.999
945 0.286 1.000 0.999
946 0.287 1.000 0.999
947 0.287 1.000 0.999
948 0.287 1.000 0.999
949 0.287 1.000 0.999
950 0.287 1.000 0.999
951 0.287 1.000 0.999
952 0.288 1.000 0.999
953 0.288 1.000 0.999
954 0.288 1.000 0.999
955 0.288 1.000 0.999
956 0.288 1.000 0.999
957 0.288 1.000 0.999
958 0.288 1.000 0.999
959 0.288 1.000 0.999
960 0.288 1.000 0.999
961 0.288 1.000 0.999
962 0.288 1.000 0.999
963 0.289 1.000 0.999
964 0.289 1.000 0.999
965 0.289 1.000 0.999
966 0.289 1.000 0.999
967 0.289 1.000 0.999
968 0.289 1.000 0.999
969 0.289 1.000 0.999
970 0.289 1.000 0.999
971 0.289 1.000 0.999
972 0.289 1.000 0.999
973 0.289 1.000 1.000
974 0.289 1.000 1.000
975 0.289 1.000 1.000
976 0.290 1.000 1.000
977 0.290 1.000 1.000
978 0.290 1.000 1.000
979 0.290 1.000 1.000
980 0.290 1.000 1.000
981 0.290 1.000 1.000
982 0.290 1.000 1.000
983 0.290 1.000 1.000
984 0.290 1.000 1.000
985 0.290 1.000 1.000
986 0.290 1.000 1.000
987 0.290 1.000 1.000
988 0.290 1.000 1.000
989 0.290 1.000 1.000
990 0.290 1.000 1.000
991 0.291 1.000 1.000
992 0.291 1.000 1.000
993 0.291 1.000 1.000
994 0.291 1.000 1.000
995 0.291 1.000 1.000
996 0.291 1.000 1.000
997 0.291 1.000 1.000
998 0.291 1.000 1.000
999 0.292 1.000 1.000
1000 0.292 1.000 1.000
1001 0.292 1.000 1.000
1002 0.292 1.000 1.000
1003 0.292 1.000 1.000
1004 0.292 1.000 1.000
1005 0.293 1.000 1.000
1006 0.293 1.000 1.000
1007 0.293 1.000 1.000
1008 0.293 1.000 1.000
1009 0.293 1.000 1.000
1010 0.293 1.000 1.000
1011 0.293 1.000 1.000
1012 0.293 1.000 1.000
1013 0.294 1.000 1.000
1014 0.294 1.000 1.000
1015 0.294 1.000 1.000
1016 0.294 1.000 1.000
1017 0.294 1.000 1.000
1018 0.294 1.000 1.000
1019 0.294 1.000 1.000
1020 0.294 1.000 1.000
1021 0.294 1.000 1.000
1022 0.294 1.000 1.000
1023 0.295 1.000 1.000
1024 0.295 1.000 1.000
1025 0.295 1.000 1.000
1026 0.295 1.000 1.000
1027 0.295 1.000 1.000
1028 0.295 1.000 1.000
1029 0.295 1.000 1.000
1030 0.295 1.000 1.000
1031 0.295 1.000 1.000
1032 0.295 1.000 1.000
1033 0.295 1.000 1.000
1034 0.295 1.000 1.000
1035 0.295 1.000 1.000
1036 0.295 1.000 1.000
1037 0.296 1.000 1.000
1038 0.296 1.000 1.000
1039 0.296 1.000 1.000
1040 0.296 1.000 1.000
1041 0.296 1.000 1.000
1042 0.296 1.000 1.000
1043 0.296 1.000 1.000
1044 0.296 1.000 1.000
1045 0.297 1.000 1.000
1046 0.297 1.000 1.000
1047 0.297 1.000 1.000
1048 0.297 1.000 1.000
1049 0.297 1.000 1.000
1050 0.297 1.000 1.000
1051 0.297 1.000 1.000
1052 0.297 1.000 1.000
1053 0.297 1.000 1.000
1054 0.297 1.000 1.000
1055 0.297 1.000 1.000
1056 0.297 1.000 1.000
1057 0.297 1.000 1.000
1058 0.297 1.000 1.000
1059 0.297 1.000 1.000
1060 0.297 1.000 1.000
1061 0.298 1.000 1.000
1062 0.298 1.000 1.000
1063 0.298 1.000 1.000
1064 0.298 1.000 1.000
1065 0.298 1.000 1.000
1066 0.298 1.000 1.000
1067 0.298 1.000 1.000
1068 0.298 1.000 1.000
1069 0.298 1.000 1.000
1070 0.298 1.000 1.000
1071 0.298 1.000 1.000
1072 0.298 1.000 1.000
1073 0.298 1.000 1.000
1074 0.298 1.000 1.000
1075 0.298 1.000 1.000
1076 0.299 1.000 1.000
1077 0.299 1.000 1.000
1078 0.299 1.000 1.000
1079 0.299 1.000 1.000
1080 0.299 1.000 1.000
1081 0.299 1.000 1.000
1082 0.299 1.000 1.000
1083 0.299 1.000 1.000
1084 0.299 1.000 1.000
1085 0.299 1.000 1.000
1086 0.299 1.000 1.000
1087 0.299 1.000 1.000
1088 0.300 1.000 1.000
1089 0.300 1.000 1.000
1090 0.300 1.000 1.000
1091 0.300 1.000 1.000
1092 0.300 1.000 1.000
1093 0.300 1.000 1.000
1094 0.300 1.000 1.000
1095 0.300 1.000 1.000
1096 0.300 1.000 1.000
1097 0.300 1.000 1.000
1098 0.300 1.000 1.000
1099 0.300 1.000 1.000
1100 0.300 1.000 1.000
1101 0.300 1.000 1.000
1102 0.300 1.000 1.000
1103 0.300 1.000 1.000
1104 0.300 1.000 1.000
1105 0.301 1.000 1.000
1106 0.301 1.000 1.000
1107 0.301 1.000 1.000
1108 0.301 1.000 1.000
1109 0.301 1.000 1.000
1110 0.301 1.000 1.000
1111 0.301 1.000 1.000
1112 0.301 1.000 1.000
1113 0.301 1.000 1.000
1114 0.301 1.000 1.000
1115 0.301 1.000 1.000
1116 0.301 1.000 1.000
1117 0.301 1.000 1.000
1118 0.302 1.000 1.000
1119 0.302 1.000 1.000
1120 0.302 1.000 1.000
1121 0.302 1.000 1.000
1122 0.302 1.000 1.000
1123 0.302 1.000 1.000
1124 0.302 1.000 1.000
1125 0.302 1.000 1.000
1126 0.302 1.000 1.000
1127 0.302 1.000 1.000
1128 0.302 1.000 1.000
1129 0.302 1.000 1.000
1130 0.302 1.000 1.000
1131 0.302 1.000 1.000
1132 0.302 1.000 1.000
1133 0.302 1.000 1.000
1134 0.302 1.000 1.000
1135 0.303 1.000 1.000
1136 0.303 1.000 1.000
1137 0.303 1.000 1.000
1138 0.303 1.000 1.000
1139 0.303 1.000 1.000
1140 0.303 1.000 1.000
1141 0.303 1.000 1.000
1142 0.303 1.000 1.000
1143 0.303 1.000 1.000
1144 0.304 1.000 1.000
1145 0.304 1.000 1.000
1146 0.304 1.000 1.000
1147 0.304 1.000 1.000
1148 0.304 1.000 1.000
1149 0.304 1.000 1.000
1150 0.304 1.000 1.000
1151 0.304 1.000 1.000
1152 0.304 1.000 1.000
1153 0.304 1.000 1.000
1154 0.305 1.000 1.000
1155 0.305 1.000 1.000
1156 0.305 1.000 1.000
1157 0.305 1.000 1.000
1158 0.305 1.000 1.000
1159 0.305 1.000 1.000
1160 0.305 1.000 1.000
1161 0.305 1.000 1.000
1162 0.305 1.000 1.000
1163 0.305 1.000 1.000
1164 0.305 1.000 1.000
1165 0.305 1.000 1.000
1166 0.305 1.000 1.000
1167 0.305 1.000 1.000
1168 0.305 1.000 1.000
1169 0.305 1.000 1.000
1170 0.306 1.000 1.000
1171 0.306 1.000 1.000
1172 0.306 1.000 1.000
1173 0.306 1.000 1.000
1174 0.306 1.000 1.000
1175 0.306 1.000 1.000
1176 0.306 1.000 1.000
1177 0.307 1.000 1.000
1178 0.307 1.000 1.000
1179 0.307 1.000 1.000
1180 0.307 1.000 1.000
1181 0.307 1.000 1.000
1182 0.307 1.000 1.000
1183 0.307 1.000 1.000
1184 0.308 1.000 1.000
1185 0.308 1.000 1.000
1186 0.308 1.000 1.000
1187 0.308 1.000 1.000
1188 0.308 1.000 1.000
1189 0.308 1.000 1.000
1190 0.308 1.000 1.000
1191 0.308 1.000 1.000
1192 0.308 1.000 1.000
1193 0.309 1.000 1.000
1194 0.309 1.000 1.000
1195 0.309 1.000 1.000
1196 0.309 1.000 1.000
1197 0.309 1.000 1.000
1198 0.309 1.000 1.000
1199 0.309 1.000 1.000
1200 0.309 1.000 1.000
1201 0.309 1.000 1.000
1202 0.309 1.000 1.000
1203 0.310 1.000 1.000
1204 0.310 1.000 1.000
1205 0.310 1.000 1.000
1206 0.310 1.000 1.000
1207 0.310 1.000 1.000
1208 0.310 1.000 1.000
1209 0.310 1.000 1.000
1210 0.311 1.000 1.000
1211 0.311 1.000 1.000
1212 0.311 1.000 1.000
1213 0.311 1.000 1.000
1214 0.311 1.000 1.000
1215 0.311 1.000 1.000
1216 0.311 1.000 1.000
1217 0.311 1.000 1.000
1218 0.311 1.000 1.000
1219 0.311 1.000 1.000
1220 0.311 1.000 1.000
1221 0.311 1.000 1.000
1222 0.311 1.000 1.000
1223 0.312 1.000 1.000
1224 0.312 1.000 1.000
1225 0.312 1.000 1.000
1226 0.312 1.000 1.000
1227 0.312 1.000 1.000
1228 0.312 1.000 1.000
1229 0.312 1.000 1.000
1230 0.312 1.000 1.000
1231 0.312 1.000 1.000
1232 0.313 1.000 1.000
1233 0.313 1.000 1.000
1234 0.313 1.000 1.000
1235 0.313 1.000 1.000
1236 0.313 1.000 1.000
1237 0.313 1.000 1.000
1238 0.313 1.000 1.000
1239 0.313 1.000 1.000
1240 0.314 1.000 1.000
1241 0.314 1.000 1.000
1242 0.314 1.000 1.000
1243 0.314 1.000 1.000
1244 0.314 1.000 1.000
1245 0.314 1.000 1.000
1246 0.315 1.000 1.000
1247 0.315 1.000 1.000
1248 0.315 1.000 1.000
1249 0.315 1.000 1.000
1250 0.315 1.000 1.000
1251 0.315 1.000 1.000
1252 0.315 1.000 1.000
1253 0.315 1.000 1.000
1254 0.316 1.000 1.000
1255 0.316 1.000 1.000
1256 0.316 1.000 1.000
1257 0.316 1.000 1.000
1258 0.316 1.000 1.000
1259 0.316 1.000 1.000
1260 0.316 1.000 1.000
1261 0.316 1.000 1.000
1262 0.316 1.000 1.000
1263 0.316 1.000 1.000
1264 0.316 1.000 1.000
1265 0.316 1.000 1.000
1266 0.316 1.000 1.000
1267 0.316 1.000 1.000
1268 0.317 1.000 1.000
1269 0.317 1.000 1.000
1270 0.317 1.000 1.000
1271 0.317 1.000 1.000
1272 0.317 1.000 1.000
1273 0.317 1.000 1.000
1274 0.317 1.000 1.000
1275 0.318 1.000 1.000
1276 0.318 1.000 1.000
1277 0.318 1.000 1.000
1278 0.318 1.000 1.000
1279 0.318 1.000 1.000
1280 0.318 1.000 1.000
1281 0.318 1.000 1.000
1282 0.319 1.000 1.000
1283 0.319 1.000 1.000
1284 0.319 1.000 1.000
1285 0.319 1.000 1.000
1286 0.319 1.000 1.000
1287 0.319 1.000 1.000
1288 0.319 1.000 1.000
1289 0.319 1.000 1.000
1290 0.319 1.000 1.000
1291 0.319 1.000 1.000
1292 0.319 1.000 1.000
1293 0.319 1.000 1.000
1294 0.320 1.000 1.000
1295 0.320 1.000 1.000
1296 0.320 1.000 1.000
1297 0.320 1.000 1.000
1298 0.320 1.000 1.000
1299 0.320 1.000 1.000
1300 0.320 1.000 1.000
1301 0.320 1.000 1.000
1302 0.320 1.000 1.000
1303 0.320 1.000 1.000
1304 0.320 1.000 1.000
1305 0.320 1.000 1.000
1306 0.320 1.000 1.000
1307 0.320 1.000 1.000
1308 0.321 1.000 1.000
1309 0.321 1.000 1.000
1310 0.321 1.000 1.000
1311 0.321 1.000 1.000
1312 0.321 1.000 1.000
1313 0.321 1.000 1.000
1314 0.321 1.000 1.000
1315 0.321 1.000 1.000
1316 0.321 1.000 1.000
1317 0.321 1.000 1.000
1318 0.321 1.000 1.000
1319 0.321 1.000 1.000
1320 0.322 1.000 1.000
1321 0.322 1.000 1.000
1322 0.322 1.000 1.000
1323 0.322 1.000 1.000
1324 0.322 1.000 1.000
1325 0.322 1.000 1.000
1326 0.322 1.000 1.000
1327 0.322 1.000 1.000
1328 0.322 1.000 1.000
1329 0.322 1.000 1.000
1330 0.322 1.000 1.000
1331 0.323 1.000 1.000
1332 0.323 1.000 1.000
1333 0.323 1.000 1.000
1334 0.323 1.000 1.000
1335 0.323 1.000 1.000
1336 0.323 1.000 1.000
1337 0.323 1.000 1.000
1338 0.323 1.000 1.000
1339 0.323 1.000 1.000
1340 0.323 1.000 1.000
1341 0.323 1.000 1.000
1342 0.324 1.000 1.000
1343 0.324 1.000 1.000
1344 0.324 1.000 1.000
1345 0.324 1.000 1.000
1346 0.324 1.000 1.000
1347 0.324 1.000 1.000
1348 0.324 1.000 1.000
1349 0.324 1.000 1.000
1350 0.324 1.000 1.000
1351 0.324 1.000 1.000
1352 0.324 1.000 1.000
1353 0.324 1.000 1.000
1354 0.325 1.000 1.000
1355 0.325 1.000 1.000
1356 0.325 1.000 1.000
1357 0.325 1.000 1.000
1358 0.325 1.000 1.000
1359 0.325 1.000 1.000
1360 0.325 1.000 1.000
1361 0.325 1.000 1.000
1362 0.325 1.000 1.000
1363 0.325 1.000 1.000
1364 0.325 1.000 1.000
1365 0.325 1.000 1.000
1366 0.325 1.000 1.000
1367 0.325 1.000 1.000
1368 0.325 1.000 1.000
1369 0.325 1.000 1.000
1370 0.326 1.000 1.000
1371 0.326 1.000 1.000
1372 0.326 1.000 1.000
1373 0.326 1.000 1.000
1374 0.326 1.000 1.000
1375 0.326 1.000 1.000
1376 0.326 1.000 1.000
1377 0.326 1.000 1.000
1378 0.326 1.000 1.000
1379 0.326 1.000 1.000
1380 0.326 1.000 1.000
1381 0.327 1.000 1.000
1382 0.327 1.000 1.000
1383 0.327 1.000 1.000
1384 0.327 1.000 1.000
1385 0.327 1.000 1.000
1386 0.327 1.000 1.000
1387 0.327 1.000 1.000
1388 0.327 1.000 1.000
1389 0.327 1.000 1.000
1390 0.327 1.000 1.000
1391 0.327 1.000 1.000
1392 0.327 1.000 1.000
1393 0.327 1.000 1.000
1394 0.328 1.000 1.000
1395 0.328 1.000 1.000
1396 0.328 1.000 1.000
1397 0.328 1.000 1.000
1398 0.328 1.000 1.000
1399 0.328 1.000 1.000
1400 0.328 1.000 1.000
1401 0.328 1.000 1.000
1402 0.328 1.000 1.000
1403 0.328 1.000 1.000
1404 0.328 1.000 1.000
1405 0.328 1.000 1.000
1406 0.328 1.000 1.000
1407 0.328 1.000 1.000
1408 0.329 1.000 1.000
1409 0.329 1.000 1.000
1410 0.329 1.000 1.000
1411 0.329 1.000 1.000
1412 0.329 1.000 1.000
1413 0.330 1.000 1.000
1414 0.330 1.000 1.000
1415 0.330 1.000 1.000
1416 0.330 1.000 1.000
1417 0.330 1.000 1.000
1418 0.330 1.000 1.000
1419 0.330 1.000 1.000
1420 0.330 1.000 1.000
1421 0.330 1.000 1.000
1422 0.330 1.000 1.000
1423 0.331 1.000 1.000
1424 0.331 1.000 1.000
1425 0.331 1.000 1.000
1426 0.331 1.000 1.000
1427 0.331 1.000 1.000
1428 0.332 1.000 1.000
1429 0.332 1.000 1.000
1430 0.332 1.000 1.000
1431 0.332 1.000 1.000
1432 0.332 1.000 1.000
1433 0.332 1.000 1.000
1434 0.332 1.000 1.000
1435 0.332 1.000 1.000
1436 0.332 1.000 1.000
1437 0.332 1.000 1.000
1438 0.332 1.000 1.000
1439 0.333 1.000 1.000
1440 0.333 1.000 1.000
1441 0.333 1.000 1.000
1442 0.333 1.000 1.000
1443 0.333 1.000 1.000
1444 0.333 1.000 1.000
1445 0.333 1.000 1.000
1446 0.333 1.000 1.000
1447 0.333 1.000 1.000
1448 0.333 1.000 1.000
1449 0.333 1.000 1.000
1450 0.333 1.000 1.000
1451 0.334 1.000 1.000
1452 0.334 1.000 1.000
1453 0.334 1.000 1.000
1454 0.334 1.000 1.000
1455 0.334 1.000 1.000
1456 0.334 1.000 1.000
1457 0.334 1.000 1.000
1458 0.334 1.000 1.000
1459 0.335 1.000 1.000
1460 0.335 1.000 1.000
1461 0.335 1.000 1.000
1462 0.335 1.000 1.000
1463 0.335 1.000 1.000
1464 0.335 1.000 1.000
1465 0.335 1.000 1.000
1466 0.335 1.000 1.000
1467 0.336 1.000 1.000
1468 0.336 1.000 1.000
1469 0.336 1.000 1.000
1470 0.336 1.000 1.000
1471 0.336 1.000 1.000
1472 0.336 1.000 1.000
1473 0.336 1.000 1.000
1474 0.336 1.000 1.000
1475 0.336 1.000 1.000
1476 0.336 1.000 1.000
1477 0.336 1.000 1.000
1478 0.336 1.000 1.000
1479 0.336 1.000 1.000
1480 0.336 1.000 1.000
1481 0.336 1.000 1.000
1482 0.337 1.000 1.000
1483 0.337 1.000 1.000
1484 0.337 1.000 1.000
1485 0.337 1.000 1.000
1486 0.337 1.000 1.000
1487 0.337 1.000 1.000
1488 0.337 1.000 1.000
1489 0.337 1.000 1.000
1490 0.338 1.000 1.000
1491 0.338 1.000 1.000
1492 0.338 1.000 1.000
1493 0.338 1.000 1.000
1494 0.338 1.000 1.000
1495 0.338 1.000 1.000
1496 0.338 1.000 1.000
1497 0.338 1.000 1.000
1498 0.338 1.000 1.000
1499 0.338 1.000 1.000
1500 0.338 1.000 1.000
1501 0.339 1.000 1.000
1502 0.339 1.000 1.000
1503 0.339 1.000 1.000
1504 0.339 1.000 1.000
1505 0.339 1.000 1.000
1506 0.339 1.000 1.000
1507 0.339 1.000 1.000
1508 0.339 1.000 1.000
1509 0.339 1.000 1.000
1510 0.339 1.000 1.000
1511 0.339 1.000 1.000
1512 0.339 1.000 1.000
1513 0.339 1.000 1.000
1514 0.339 1.000 1.000
1515 0.339 1.000 1.000
1516 0.339 1.000 1.000
1517 0.339 1.000 1.000
1518 0.340 1.000 1.000
1519 0.340 1.000 1.000
1520 0.340 1.000 1.000
1521 0.340 1.000 1.000
1522 0.340 1.000 1.000
1523 0.340 1.000 1.000
1524 0.341 1.000 1.000
1525 0.341 1.000 1.000
1526 0.341 1.000 1.000
1527 0.341 1.000 1.000
1528 0.341 1.000 1.000
1529 0.341 1.000 1.000
1530 0.341 1.000 1.000
1531 0.341 1.000 1.000
1532 0.342 1.000 1.000
1533 0.342 1.000 1.000
1534 0.342 1.000 1.000
1535 0.342 1.000 1.000
1536 0.342 1.000 1.000
1537 0.342 1.000 1.000
1538 0.342 1.000 1.000
1539 0.342 1.000 1.000
1540 0.342 1.000 1.000
1541 0.342 1.000 1.000
1542 0.342 1.000 1.000
1543 0.342 1.000 1.000
1544 0.342 1.000 1.000
1545 0.342 1.000 1.000
1546 0.343 1.000 1.000
1547 0.343 1.000 1.000
1548 0.343 1.000 1.000
1549 0.343 1.000 1.000
1550 0.343 1.000 1.000
1551 0.343 1.000 1.000
1552 0.343 1.000 1.000
1553 0.344 1.000 1.000
1554 0.344 1.000 1.000
1555 0.344 1.000 1.000
1556 0.344 1.000 1.000
1557 0.344 1.000 1.000
1558 0.344 1.000 1.000
1559 0.344 1.000 1.000
1560 0.344 1.000 1.000
1561 0.344 1.000 1.000
1562 0.345 1.000 1.000
1563 0.345 1.000 1.000
1564 0.345 1.000 1.000
1565 0.345 1.000 1.000
1566 0.345 1.000 1.000
1567 0.345 1.000 1.000
1568 0.345 1.000 1.000
1569 0.345 1.000 1.000
1570 0.345 1.000 1.000
1571 0.345 1.000 1.000
1572 0.345 1.000 1.000
1573 0.346 1.000 1.000
1574 0.346 1.000 1.000
1575 0.346 1.000 1.000
1576 0.346 1.000 1.000
1577 0.347 1.000 1.000
1578 0.347 1.000 1.000
1579 0.347 1.000 1.000
1580 0.347 1.000 1.000
1581 0.347 1.000 1.000
1582 0.347 1.000 1.000
1583 0.347 1.000 1.000
1584 0.347 1.000 1.000
1585 0.347 1.000 1.000
1586 0.347 1.000 1.000
1587 0.348 1.000 1.000
1588 0.348 1.000 1.000
1589 0.348 1.000 1.000
1590 0.348 1.000 1.000
1591 0.348 1.000 1.000
1592 0.348 1.000 1.000
1593 0.348 1.000 1.000
1594 0.348 1.000 1.000
1595 0.348 1.000 1.000
1596 0.349 1.000 1.000
1597 0.349 1.000 1.000
1598 0.349 1.000 1.000
1599 0.349 1.000 1.000
1600 0.349 1.000 1.000
1601 0.349 1.000 1.000
1602 0.349 1.000 1.000
1603 0.350 1.000 1.000
1604 0.350 1.000 1.000
1605 0.350 1.000 1.000
1606 0.350 1.000 1.000
1607 0.350 1.000 1.000
1608 0.350 1.000 1.000
1609 0.350 1.000 1.000
1610 0.350 1.000 1.000
1611 0.350 1.000 1.000
1612 0.350 1.000 1.000
1613 0.351 1.000 1.000
1614 0.351 1.000 1.000
1615 0.351 1.000 1.000
1616 0.351 1.000 1.000
1617 0.352 1.000 1.000
1618 0.352 1.000 1.000
1619 0.352 1.000 1.000
1620 0.352 1.000 1.000
1621 0.352 1.000 1.000
1622 0.352 1.000 1.000
1623 0.352 1.000 1.000
1624 0.352 1.000 1.000
1625 0.352 1.000 1.000
1626 0.353 1.000 1.000
1627 0.353 1.000 1.000
1628 0.353 1.000 1.000
1629 0.353 1.000 1.000
1630 0.353 1.000 1.000
1631 0.353 1.000 1.000
1632 0.353 1.000 1.000
1633 0.353 1.000 1.000
1634 0.353 1.000 1.000
1635 0.353 1.000 1.000
1636 0.354 1.000 1.000
1637 0.354 1.000 1.000
1638 0.354 1.000 1.000
1639 0.355 1.000 1.000
1640 0.355 1.000 1.000
1641 0.355 1.000 1.000
1642 0.355 1.000 1.000
1643 0.355 1.000 1.000
1644 0.355 1.000 1.000
1645 0.355 1.000 1.000
1646 0.355 1.000 1.000
1647 0.356 1.000 1.000
1648 0.356 1.000 1.000
1649 0.356 1.000 1.000
1650 0.356 1.000 1.000
1651 0.356 1.000 1.000
1652 0.356 1.000 1.000
1653 0.356 1.000 1.000
1654 0.357 1.000 1.000
1655 0.357 1.000 1.000
1656 0.357 1.000 1.000
1657 0.357 1.000 1.000
1658 0.357 1.000 1.000
1659 0.357 1.000 1.000
1660 0.357 1.000 1.000
1661 0.357 1.000 1.000
1662 0.357 1.000 1.000
1663 0.357 1.000 1.000
1664 0.357 1.000 1.000
1665 0.358 1.000 1.000
1666 0.358 1.000 1.000
1667 0.358 1.000 1.000
1668 0.358 1.000 1.000
1669 0.358 1.000 1.000
1670 0.358 1.000 1.000
1671 0.358 1.000 1.000
1672 0.359 1.000 1.000
1673 0.359 1.000 1.000
1674 0.359 1.000 1.000
1675 0.359 1.000 1.000
1676 0.359 1.000 1.000
1677 0.359 1.000 1.000
1678 0.359 1.000 1.000
1679 0.359 1.000 1.000
1680 0.359 1.000 1.000
1681 0.359 1.000 1.000
1682 0.359 1.000 1.000
1683 0.359 1.000 1.000
1684 0.360 1.000 1.000
1685 0.360 1.000 1.000
1686 0.360 1.000 1.000
1687 0.360 1.000 1.000
1688 0.360 1.000 1.000
1689 0.360 1.000 1.000
1690 0.360 1.000 1.000
1691 0.360 1.000 1.000
1692 0.360 1.000 1.000
1693 0.360 1.000 1.000
1694 0.360 1.000 1.000
1695 0.360 1.000 1.000
1696 0.360 1.000 1.000
1697 0.361 1.000 1.000
1698 0.361 1.000 1.000
1699 0.361 1.000 1.000
1700 0.362 1.000 1.000
1701 0.362 1.000 1.000
1702 0.362 1.000 1.000
1703 0.362 1.000 1.000
1704 0.362 1.000 1.000
1705 0.362 1.000 1.000
1706 0.362 1.000 1.000
1707 0.363 1.000 1.000
1708 0.363 1.000 1.000
1709 0.363 1.000 1.000
1710 0.363 1.000 1.000
1711 0.364 1.000 1.000
1712 0.364 1.000 1.000
1713 0.364 1.000 1.000
1714 0.364 1.000 1.000
1715 0.364 1.000 1.000
1716 0.364 1.000 1.000
1717 0.364 1.000 1.000
1718 0.364 1.000 1.000
1719 0.364 1.000 1.000
1720 0.364 1.000 1.000
1721 0.364 1.000 1.000
1722 0.364 1.000 1.000
1723 0.365 1.000 1.000
1724 0.365 1.000 1.000
1725 0.365 1.000 1.000
1726 0.365 1.000 1.000
1727 0.365 1.000 1.000
1728 0.365 1.000 1.000
1729 0.366 1.000 1.000
1730 0.366 1.000 1.000
1731 0.366 1.000 1.000
1732 0.366 1.000 1.000
1733 0.366 1.000 1.000
1734 0.367 1.000 1.000
1735 0.367 1.000 1.000
1736 0.367 1.000 1.000
1737 0.367 1.000 1.000
1738 0.367 1.000 1.000
1739 0.367 1.000 1.000
1740 0.367 1.000 1.000
1741 0.368 1.000 1.000
1742 0.368 1.000 1.000
1743 0.368 1.000 1.000
1744 0.368 1.000 1.000
1745 0.368 1.000 1.000
1746 0.368 1.000 1.000
1747 0.368 1.000 1.000
1748 0.368 1.000 1.000
1749 0.369 1.000 1.000
1750 0.369 1.000 1.000
1751 0.369 1.000 1.000
1752 0.369 1.000 1.000
1753 0.369 1.000 1.000
1754 0.369 1.000 1.000
1755 0.370 1.000 1.000
1756 0.370 1.000 1.000
1757 0.370 1.000 1.000
1758 0.370 1.000 1.000
1759 0.370 1.000 1.000
1760 0.370 1.000 1.000
1761 0.370 1.000 1.000
1762 0.371 1.000 1.000
1763 0.371 1.000 1.000
1764 0.371 1.000 1.000
1765 0.371 1.000 1.000
1766 0.371 1.000 1.000
1767 0.372 1.000 1.000
1768 0.372 1.000 1.000
1769 0.372 1.000 1.000
1770 0.372 1.000 1.000
1771 0.372 1.000 1.000
1772 0.372 1.000 1.000
1773 0.372 1.000 1.000
1774 0.372 1.000 1.000
1775 0.372 1.000 1.000
1776 0.372 1.000 1.000
1777 0.372 1.000 1.000
1778 0.372 1.000 1.000
1779 0.372 1.000 1.000
1780 0.372 1.000 1.000
1781 0.373 1.000 1.000
1782 0.373 1.000 1.000
1783 0.373 1.000 1.000
1784 0.374 1.000 1.000
1785 0.374 1.000 1.000
1786 0.374 1.000 1.000
1787 0.374 1.000 1.000
1788 0.374 1.000 1.000
1789 0.374 1.000 1.000
1790 0.374 1.000 1.000
1791 0.375 1.000 1.000
1792 0.375 1.000 1.000
1793 0.375 1.000 1.000
1794 0.375 1.000 1.000
1795 0.375 1.000 1.000
1796 0.375 1.000 1.000
1797 0.375 1.000 1.000
1798 0.375 1.000 1.000
1799 0.375 1.000 1.000
1800 0.375 1.000 1.000
1801 0.375 1.000 1.000
1802 0.375 1.000 1.000
1803 0.375 1.000 1.000
1804 0.376 1.000 1.000
1805 0.376 1.000 1.000
1806 0.376 1.000 1.000
1807 0.376 1.000 1.000
1808 0.376 1.000 1.000
1809 0.376 1.000 1.000
1810 0.377 1.000 1.000
1811 0.377 1.000 1.000
1812 0.378 1.000 1.000
1813 0.378 1.000 1.000
1814 0.378 1.000 1.000
1815 0.378 1.000 1.000
1816 0.378 1.000 1.000
1817 0.378 1.000 1.000
1818 0.379 1.000 1.000
1819 0.379 1.000 1.000
1820 0.379 1.000 1.000
1821 0.379 1.000 1.000
1822 0.379 1.000 1.000
1823 0.379 1.000 1.000
1824 0.379 1.000 1.000
1825 0.379 1.000 1.000
1826 0.379 1.000 1.000
1827 0.379 1.000 1.000
1828 0.379 1.000 1.000
1829 0.380 1.000 1.000
1830 0.380 1.000 1.000
1831 0.380 1.000 1.000
1832 0.380 1.000 1.000
1833 0.380 1.000 1.000
1834 0.380 1.000 1.000
1835 0.380 1.000 1.000
1836 0.380 1.000 1.000
1837 0.380 1.000 1.000
1838 0.381 1.000 1.000
1839 0.381 1.000 1.000
1840 0.381 1.000 1.000
1841 0.382 1.000 1.000
1842 0.382 1.000 1.000
1843 0.382 1.000 1.000
1844 0.382 1.000 1.000
1845 0.382 1.000 1.000
1846 0.382 1.000 1.000
1847 0.383 1.000 1.000
1848 0.383 1.000 1.000
1849 0.383 1.000 1.000
1850 0.383 1.000 1.000
1851 0.383 1.000 1.000
1852 0.383 1.000 1.000
1853 0.383 1.000 1.000
1854 0.383 1.000 1.000
1855 0.383 1.000 1.000
1856 0.383 1.000 1.000
1857 0.383 1.000 1.000
1858 0.384 1.000 1.000
1859 0.384 1.000 1.000
1860 0.384 1.000 1.000
1861 0.384 1.000 1.000
1862 0.384 1.000 1.000
1863 0.384 1.000 1.000
1864 0.384 1.000 1.000
1865 0.384 1.000 1.000
1866 0.385 1.000 1.000
1867 0.385 1.000 1.000
1868 0.385 1.000 1.000
1869 0.385 1.000 1.000
1870 0.385 1.000 1.000
1871 0.385 1.000 1.000
1872 0.385 1.000 1.000
1873 0.385 1.000 1.000
1874 0.386 1.000 1.000
1875 0.386 1.000 1.000
1876 0.386 1.000 1.000
1877 0.386 1.000 1.000
1878 0.386 1.000 1.000
1879 0.386 1.000 1.000
1880 0.387 1.000 1.000
1881 0.387 1.000 1.000
1882 0.387 1.000 1.000
1883 0.387 1.000 1.000
1884 0.387 1.000 1.000
1885 0.387 1.000 1.000
1886 0.387 1.000 1.000
1887 0.387 1.000 1.000
1888 0.388 1.000 1.000
1889 0.388 1.000 1.000
1890 0.388 1.000 1.000
1891 0.388 1.000 1.000
1892 0.388 1.000 1.000
1893 0.388 1.000 1.000
1894 0.388 1.000 1.000
1895 0.389 1.000 1.000
1896 0.389 1.000 1.000
1897 0.389 1.000 1.000
1898 0.389 1.000 1.000
1899 0.389 1.000 1.000
1900 0.389 1.000 1.000
1901 0.389 1.000 1.000
1902 0.389 1.000 1.000
1903 0.389 1.000 1.000
1904 0.389 1.000 1.000
1905 0.389 1.000 1.000
1906 0.389 1.000 1.000
1907 0.389 1.000 1.000
1908 0.390 1.000 1.000
1909 0.390 1.000 1.000
1910 0.390 1.000 1.000
1911 0.390 1.000 1.000
1912 0.390 1.000 1.000
1913 0.390 1.000 1.000
1914 0.391 1.000 1.000
1915 0.391 1.000 1.000
1916 0.391 1.000 1.000
1917 0.391 1.000 1.000
1918 0.391 1.000 1.000
1919 0.391 1.000 1.000
1920 0.391 1.001 1.000
1921 0.391 1.001 1.000
1922 0.391 1.001 1.000
1923 0.391 1.001 1.000
1924 0.392 1.001 1.000
1925 0.392 1.001 1.000
1926 0.392 1.001 1.000
1927 0.392 1.001 1.000
1928 0.392 1.001 1.000
1929 0.392 1.001 1.000
1930 0.392 1.001 1.000
1931 0.392 1.001 1.000
1932 0.393 1.001 1.000
1933 0.393 1.001 1.000
1934 0.393 1.001 1.000
1935 0.393 1.001 1.000
1936 0.393 1.001 1.000
1937 0.393 1.001 1.000
1938 0.393 1.001 1.000
1939 0.393 1.001 1.000
1940 0.394 1.001 1.000
1941 0.394 1.001 1.000
1942 0.394 1.001 1.000
1943 0.394 1.001 1.000
1944 0.394 1.001 1.000
1945 0.394 1.001 1.000
1946 0.395 1.001 1.000
1947 0.395 1.001 1.000
1948 0.395 1.001 1.000
1949 0.395 1.001 1.000
1950 0.395 1.001 1.000
1951 0.395 1.001 1.000
1952 0.395 1.001 1.000
1953 0.396 1.001 1.000
1954 0.396 1.001 1.000
1955 0.396 1.001 1.000
1956 0.396 1.001 1.000
1957 0.396 1.001 1.000
1958 0.396 1.001 1.000
1959 0.396 1.001 1.000
1960 0.396 1.001 1.000
1961 0.396 1.001 1.000
1962 0.396 1.001 1.000
1963 0.396 1.001 1.000
1964 0.396 1.001 1.000
1965 0.397 1.001 1.000
1966 0.397 1.001 1.000
1967 0.397 1.001 1.000
1968 0.397 1.001 1.000
1969 0.397 1.001 1.000
1970 0.397 1.001 1.000
1971 0.397 1.001 1.000
1972 0.397 1.001 1.000
1973 0.397 1.001 1.000
1974 0.398 1.001 1.000
1975 0.398 1.001 1.000
1976 0.398 1.001 1.000
1977 0.398 1.001 1.000
1978 0.398 1.001 1.000
1979 0.398 1.001 1.000
1980 0.399 1.001 1.000
1981 0.399 1.001 1.000
1982 0.399 1.001 1.000
1983 0.399 1.001 1.000
1984 0.399 1.001 1.000
1985 0.400 1.001 1.000
1986 0.400 1.001 1.000
1987 0.400 1.001 1.000
1988 0.400 1.001 1.000
1989 0.401 1.001 1.000
1990 0.401 1.001 1.000
1991 0.401 1.001 1.000
1992 0.401 1.001 1.000
1993 0.401 1.001 1.000
1994 0.401 1.001 1.000
1995 0.401 1.001 1.000
1996 0.401 1.001 1.000
1997 0.401 1.001 1.000
1998 0.402 1.001 1.000
1999 0.402 1.001 1.000
2000 0.402 1.001 1.000
2001 0.403 1.001 1.000
2002 0.403 1.001 1.000
2003 0.404 1.001 1.000
2004 0.404 1.001 1.000
2005 0.404 1.001 1.000
2006 0.404 1.001 1.000
2007 0.404 1.001 1.000
2008 0.405 1.001 1.000
2009 0.405 1.001 1.000
2010 0.405 1.001 1.000
2011 0.405 1.001 1.000
2012 0.405 1.001 1.000
2013 0.405 1.001 1.000
2014 0.405 1.001 1.000
2015 0.405 1.001 1.000
2016 0.406 1.001 1.000
2017 0.406 1.001 1.000
2018 0.406 1.001 1.000
2019 0.406 1.001 1.000
2020 0.407 1.001 1.000
2021 0.408 1.001 1.000
2022 0.408 1.001 1.000
2023 0.408 1.001 1.000
2024 0.409 1.001 1.000
2025 0.409 1.001 1.000
2026 0.409 1.001 1.000
2027 0.409 1.001 1.000
2028 0.409 1.001 1.000
2029 0.409 1.001 1.000
2030 0.410 1.001 1.000
2031 0.410 1.001 1.000
2032 0.411 1.001 1.000
2033 0.411 1.001 1.000
2034 0.411 1.001 1.000
2035 0.412 1.001 1.000
2036 0.412 1.001 1.000
2037 0.412 1.001 1.000
2038 0.412 1.001 1.000
2039 0.412 1.001 1.000
2040 0.412 1.001 1.000
2041 0.412 1.001 1.000
2042 0.412 1.001 1.000
2043 0.412 1.001 1.000
2044 0.413 1.001 1.000
2045 0.413 1.001 1.000
2046 0.413 1.001 1.000
2047 0.413 1.001 1.000
2048 0.413 1.001 1.000
2049 0.413 1.001 1.000
2050 0.413 1.001 1.000
2051 0.413 1.001 1.000
2052 0.414 1.001 1.000
2053 0.414 1.001 1.000
2054 0.414 1.001 1.000
2055 0.415 1.001 1.000
2056 0.415 1.001 1.000
2057 0.415 1.001 1.000
2058 0.416 1.001 1.000
2059 0.416 1.001 1.000
2060 0.416 1.001 1.000
2061 0.416 1.001 1.000
2062 0.416 1.001 1.000
2063 0.416 1.001 1.000
2064 0.416 1.001 1.000
2065 0.417 1.001 1.000
2066 0.417 1.001 1.000
2067 0.417 1.001 1.000
2068 0.417 1.001 1.000
2069 0.417 1.001 1.000
2070 0.418 1.001 1.000
2071 0.418 1.001 1.000
2072 0.418 1.001 1.000
2073 0.418 1.001 1.000
2074 0.418 1.001 1.000
2075 0.418 1.001 1.000
2076 0.418 1.001 1.000
2077 0.418 1.001 1.000
2078 0.418 1.001 1.000
2079 0.419 1.001 1.000
2080 0.419 1.001 1.000
2081 0.419 1.001 1.000
2082 0.419 1.001 1.000
2083 0.419 1.001 1.000
2084 0.419 1.001 1.000
2085 0.419 1.001 1.000
2086 0.420 1.001 1.000
2087 0.420 1.001 1.000
2088 0.420 1.001 1.000
2089 0.420 1.001 1.000
2090 0.420 1.001 1.000
2091 0.420 1.001 1.000
2092 0.421 1.001 1.000
2093 0.421 1.001 1.000
2094 0.421 1.001 1.000
2095 0.421 1.001 1.000
2096 0.421 1.001 1.000
2097 0.422 1.001 1.000
2098 0.422 1.001 1.000
2099 0.422 1.001 1.000
2100 0.422 1.001 1.000
2101 0.423 1.001 1.000
2102 0.423 1.001 1.000
2103 0.423 1.001 1.000
2104 0.424 1.001 1.000
2105 0.424 1.001 1.000
2106 0.424 1.001 1.000
2107 0.424 1.001 1.000
2108 0.424 1.001 1.000
2109 0.424 1.001 1.000
2110 0.424 1.001 1.000
2111 0.424 1.001 1.000
2112 0.424 1.001 1.000
2113 0.424 1.001 1.000
2114 0.425 1.001 1.000
2115 0.425 1.001 1.000
2116 0.425 1.001 1.000
2117 0.425 1.001 1.000
2118 0.425 1.001 1.000
2119 0.425 1.001 1.000
2120 0.425 1.001 1.000
2121 0.425 1.001 1.000
2122 0.426 1.001 1.000
2123 0.426 1.001 1.000
2124 0.426 1.001 1.000
2125 0.426 1.001 1.000
2126 0.426 1.001 1.000
2127 0.426 1.001 1.000
2128 0.426 1.001 1.000
2129 0.426 1.001 1.000
2130 0.426 1.001 1.000
2131 0.427 1.001 1.000
2132 0.427 1.001 1.000
2133 0.427 1.001 1.000
2134 0.427 1.001 1.000
2135 0.427 1.001 1.000
2136 0.427 1.001 1.000
2137 0.427 1.001 1.000
2138 0.427 1.001 1.000
2139 0.427 1.001 1.000
2140 0.427 1.001 1.000
2141 0.427 1.001 1.000
2142 0.428 1.001 1.000
2143 0.428 1.001 1.000
2144 0.428 1.001 1.000
2145 0.428 1.001 1.000
2146 0.428 1.001 1.000
2147 0.428 1.001 1.000
2148 0.428 1.001 1.000
2149 0.428 1.001 1.000
2150 0.429 1.001 1.000
2151 0.429 1.001 1.000
2152 0.429 1.001 1.000
2153 0.429 1.001 1.000
2154 0.429 1.001 1.000
2155 0.429 1.001 1.000
2156 0.429 1.001 1.000
2157 0.429 1.001 1.000
2158 0.429 1.001 1.000
2159 0.430 1.001 1.000
2160 0.430 1.001 1.000
2161 0.430 1.001 1.000
2162 0.430 1.001 1.000
2163 0.430 1.001 1.000
2164 0.430 1.001 1.000
2165 0.431 1.001 1.000
2166 0.431 1.001 1.000
2167 0.431 1.001 1.000
2168 0.431 1.001 1.000
2169 0.431 1.001 1.000
2170 0.431 1.001 1.000
2171 0.431 1.001 1.000
2172 0.431 1.001 1.000
2173 0.431 1.001 1.000
2174 0.432 1.001 1.000
2175 0.432 1.001 1.000
2176 0.432 1.001 1.000
2177 0.432 1.001 1.000
2178 0.432 1.001 1.000
2179 0.432 1.001 1.000
2180 0.432 1.001 1.000
2181 0.432 1.001 1.000
2182 0.432 1.001 1.000
2183 0.432 1.001 1.000
2184 0.432 1.001 1.000
2185 0.432 1.001 1.000
2186 0.432 1.001 1.000
2187 0.433 1.001 1.000
2188 0.433 1.001 1.000
2189 0.433 1.001 1.000
2190 0.433 1.001 1.000
2191 0.433 1.001 1.000
2192 0.433 1.001 1.000
2193 0.433 1.001 1.000
2194 0.433 1.001 1.000
2195 0.433 1.001 1.000
2196 0.433 1.001 1.000
2197 0.434 1.001 1.000
2198 0.434 1.001 1.000
2199 0.434 1.001 1.000
2200 0.434 1.001 1.000
2201 0.435 1.001 1.000
2202 0.435 1.001 1.000
2203 0.435 1.001 1.000
2204 0.435 1.001 1.000
2205 0.435 1.001 1.000
2206 0.435 1.001 1.000
2207 0.436 1.001 1.000
2208 0.436 1.001 1.000
2209 0.436 1.001 1.000
2210 0.437 1.001 1.000
2211 0.438 1.001 1.000
2212 0.438 1.001 1.000
2213 0.438 1.001 1.000
2214 0.438 1.001 1.000
2215 0.438 1.001 1.000
2216 0.438 1.001 1.000
2217 0.438 1.001 1.000
2218 0.439 1.001 1.000
2219 0.439 1.001 1.000
2220 0.440 1.001 1.000
2221 0.440 1.001 1.000
2222 0.440 1.001 1.000
2223 0.440 1.001 1.000
2224 0.441 1.001 1.000
2225 0.441 1.001 1.000
2226 0.441 1.001 1.000
2227 0.442 1.001 1.000
2228 0.442 1.001 1.000
2229 0.442 1.001 1.000
2230 0.442 1.001 1.000
2231 0.442 1.001 1.000
2232 0.442 1.001 1.000
2233 0.442 1.001 1.000
2234 0.442 1.001 1.000
2235 0.442 1.001 1.000
2236 0.442 1.001 1.000
2237 0.442 1.001 1.000
2238 0.443 1.001 1.000
2239 0.443 1.001 1.000
2240 0.443 1.001 1.000
2241 0.443 1.001 1.000
2242 0.444 1.001 1.000
2243 0.444 1.001 1.000
2244 0.444 1.001 1.000
2245 0.444 1.001 1.000
2246 0.444 1.001 1.000
2247 0.445 1.001 1.000
2248 0.445 1.001 1.000
2249 0.445 1.001 1.000
2250 0.445 1.001 1.000
2251 0.445 1.001 1.000
2252 0.445 1.001 1.000
2253 0.446 1.001 1.000
2254 0.446 1.001 1.000
2255 0.446 1.001 1.000
2256 0.446 1.001 1.000
2257 0.446 1.001 1.000
2258 0.447 1.001 1.000
2259 0.447 1.001 1.000
2260 0.447 1.001 1.000
2261 0.447 1.001 1.000
2262 0.447 1.001 1.000
2263 0.447 1.001 1.000
2264 0.448 1.001 1.000
2265 0.448 1.001 1.000
2266 0.448 1.001 1.000
2267 0.449 1.001 1.000
2268 0.449 1.001 1.000
2269 0.449 1.001 1.000
2270 0.449 1.001 1.000
2271 0.449 1.001 1.000
2272 0.449 1.001 1.000
2273 0.449 1.001 1.000
2274 0.449 1.001 1.000
2275 0.449 1.001 1.000
2276 0.449 1.001 1.000
2277 0.449 1.001 1.000
2278 0.450 1.001 1.000
2279 0.450 1.001 1.000
2280 0.450 1.001 1.000
2281 0.450 1.001 1.000
2282 0.450 1.001 1.000
2283 0.450 1.001 1.000
2284 0.450 1.001 1.000
2285 0.451 1.001 1.000
2286 0.451 1.001 1.000
2287 0.451 1.001 1.000
2288 0.451 1.001 1.000
2289 0.451 1.001 1.000
2290 0.451 1.001 1.000
2291 0.451 1.001 1.000
2292 0.451 1.001 1.000
2293 0.452 1.001 1.000
2294 0.452 1.001 1.000
2295 0.452 1.001 1.000
2296 0.452 1.001 1.000
2297 0.453 1.001 1.000
2298 0.453 1.001 1.000
2299 0.454 1.001 1.000
2300 0.454 1.001 1.000
2301 0.454 1.001 1.000
2302 0.454 1.001 1.000
2303 0.454 1.001 1.000
2304 0.454 1.001 1.000
2305 0.454 1.001 1.000
2306 0.455 1.001 1.000
2307 0.455 1.001 1.000
2308 0.455 1.001 1.000
2309 0.455 1.001 1.000
2310 0.455 1.001 1.000
2311 0.455 1.001 1.000
2312 0.456 1.001 1.000
2313 0.456 1.001 1.000
2314 0.456 1.001 1.000
2315 0.456 1.001 1.000
2316 0.456 1.001 1.000
2317 0.456 1.001 1.000
2318 0.456 1.001 1.000
2319 0.456 1.001 1.000
2320 0.456 1.001 1.000
2321 0.457 1.001 1.000
2322 0.457 1.001 1.000
2323 0.457 1.001 1.000
2324 0.457 1.001 1.000
2325 0.457 1.001 1.000
2326 0.457 1.001 1.000
2327 0.457 1.001 1.000
2328 0.458 1.001 1.000
2329 0.458 1.001 1.000
2330 0.459 1.001 1.000
2331 0.459 1.001 1.000
2332 0.459 1.001 1.000
2333 0.459 1.001 1.000
2334 0.459 1.001 1.000
2335 0.459 1.001 1.000
2336 0.459 1.001 1.000
2337 0.459 1.001 1.000
2338 0.459 1.001 1.000
2339 0.459 1.001 1.000
2340 0.459 1.001 1.000
2341 0.459 1.001 1.000
2342 0.459 1.001 1.000
2343 0.459 1.001 1.000
2344 0.459 1.001 1.000
2345 0.459 1.001 1.000
2346 0.459 1.001 1.000
2347 0.459 1.001 1.000
2348 0.460 1.001 1.000
2349 0.460 1.001 1.000
2350 0.460 1.001 1.000
2351 0.460 1.001 1.000
2352 0.460 1.001 1.000
2353 0.461 1.001 1.000
2354 0.461 1.001 1.000
2355 0.461 1.001 1.000
2356 0.461 1.001 1.000
2357 0.461 1.001 1.000
2358 0.461 1.001 1.000
2359 0.462 1.001 1.000
2360 0.462 1.001 1.000
2361 0.462 1.001 1.000
2362 0.462 1.001 1.000
2363 0.462 1.001 1.000
2364 0.462 1.001 1.000
2365 0.462 1.001 1.000
2366 0.462 1.001 1.000
2367 0.462 1.001 1.000
2368 0.462 1.001 1.000
2369 0.463 1.001 1.000
2370 0.463 1.001 1.000
2371 0.463 1.001 1.000
2372 0.463 1.001 1.000
2373 0.463 1.001 1.000
2374 0.463 1.001 1.000
2375 0.463 1.001 1.000
2376 0.463 1.001 1.000
2377 0.463 1.001 1.000
2378 0.463 1.001 1.000
2379 0.463 1.001 1.000
2380 0.464 1.001 1.000
2381 0.464 1.001 1.000
2382 0.464 1.001 1.000
2383 0.464 1.001 1.000
2384 0.464 1.001 1.000
2385 0.464 1.001 1.000
2386 0.464 1.001 1.000
2387 0.464 1.001 1.000
2388 0.464 1.001 1.000
2389 0.465 1.001 1.000
2390 0.465 1.001 1.000
2391 0.465 1.001 1.000
2392 0.465 1.001 1.000
2393 0.465 1.001 1.000
2394 0.465 1.001 1.000
2395 0.465 1.001 1.000
2396 0.465 1.001 1.000
2397 0.466 1.001 1.000
2398 0.466 1.001 1.000
2399 0.466 1.001 1.000
2400 0.466 1.001 1.000
2401 0.466 1.001 1.000
2402 0.466 1.001 1.000
2403 0.466 1.001 1.000
2404 0.466 1.001 1.000
2405 0.467 1.001 1.000
2406 0.467 1.001 1.000
2407 0.467 1.001 1.000
2408 0.467 1.001 1.000
2409 0.467 1.001 1.000
2410 0.467 1.001 1.000
2411 0.467 1.001 1.000
2412 0.467 1.001 1.000
2413 0.467 1.001 1.000
2414 0.467 1.001 1.000
2415 0.467 1.001 1.000
2416 0.467 1.001 1.000
2417 0.467 1.001 1.000
2418 0.468 1.001 1.000
2419 0.468 1.001 1.000
2420 0.468 1.001 1.000
2421 0.468 1.001 1.000
2422 0.468 1.001 1.000
2423 0.468 1.001 1.000
2424 0.468 1.001 1.000
2425 0.468 1.001 1.000
2426 0.468 1.001 1.000
2427 0.468 1.001 1.000
2428 0.468 1.001 1.000
2429 0.469 1.001 1.000
2430 0.469 1.001 1.000
2431 0.469 1.001 1.000
2432 0.469 1.001 1.000
2433 0.469 1.001 1.000
2434 0.469 1.001 1.000
2435 0.470 1.001 1.000
2436 0.470 1.001 1.000
2437 0.470 1.001 1.000
2438 0.470 1.001 1.000
2439 0.470 1.001 1.000
2440 0.470 1.001 1.000
2441 0.470 1.001 1.000
2442 0.471 1.001 1.000
2443 0.471 1.001 1.000
2444 0.471 1.001 1.000
2445 0.471 1.001 1.000
2446 0.471 1.001 1.000
2447 0.471 1.001 1.000
2448 0.471 1.001 1.000
2449 0.471 1.001 1.000
2450 0.471 1.001 1.000
2451 0.472 1.001 1.000
2452 0.472 1.001 1.000
2453 0.472 1.001 1.000
2454 0.472 1.001 1.000
2455 0.472 1.001 1.000
2456 0.473 1.001 1.000
2457 0.473 1.001 1.000
2458 0.473 1.001 1.000
2459 0.473 1.001 1.000
2460 0.473 1.001 1.000
2461 0.473 1.001 1.000
2462 0.473 1.001 1.000
2463 0.473 1.001 1.000
2464 0.473 1.001 1.000
2465 0.473 1.001 1.000
2466 0.474 1.001 1.000
2467 0.474 1.001 1.000
2468 0.474 1.001 1.000
2469 0.474 1.001 1.000
2470 0.474 1.001 1.000
2471 0.474 1.001 1.000
2472 0.474 1.001 1.000
2473 0.474 1.001 1.000
2474 0.475 1.001 1.000
2475 0.475 1.001 1.000
2476 0.475 1.001 1.000
2477 0.475 1.001 1.000
2478 0.475 1.001 1.000
2479 0.475 1.001 1.000
2480 0.475 1.001 1.000
2481 0.475 1.001 1.000
2482 0.475 1.001 1.000
2483 0.475 1.001 1.000
2484 0.476 1.001 1.000
2485 0.476 1.001 1.000
2486 0.476 1.001 1.000
2487 0.476 1.001 1.000
2488 0.476 1.001 1.000
2489 0.476 1.001 1.000
2490 0.476 1.001 1.000
2491 0.476 1.001 1.000
2492 0.476 1.001 1.000
2493 0.477 1.001 1.000
2494 0.477 1.001 1.000
2495 0.477 1.001 1.000
2496 0.477 1.001 1.000
2497 0.477 1.001 1.000
2498 0.477 1.001 1.000
2499 0.477 1.001 1.000
2500 0.477 1.001 1.000
2501 0.477 1.001 1.000
2502 0.477 1.001 1.000
2503 0.477 1.001 1.000
2504 0.478 1.001 1.000
2505 0.478 1.001 1.000
2506 0.478 1.001 1.000
2507 0.478 1.001 1.000
2508 0.478 1.001 1.000
2509 0.478 1.001 1.000
2510 0.479 1.001 1.000
2511 0.479 1.001 1.000
2512 0.479 1.001 1.000
2513 0.480 1.001 1.000
2514 0.480 1.001 1.000
2515 0.480 1.001 1.000
2516 0.480 1.001 1.000
2517 0.480 1.001 1.000
2518 0.480 1.001 1.000
2519 0.480 1.001 1.000
2520 0.480 1.001 1.000
2521 0.480 1.001 1.000
2522 0.480 1.001 1.000
2523 0.481 1.001 1.000
2524 0.481 1.001 1.000
2525 0.481 1.001 1.000
2526 0.481 1.001 1.000
2527 0.482 1.001 1.000
2528 0.482 1.001 1.000
2529 0.482 1.001 1.000
2530 0.482 1.001 1.000
2531 0.482 1.001 1.000
2532 0.483 1.001 1.000
2533 0.483 1.001 1.000
2534 0.483 1.001 1.000
2535 0.483 1.001 1.000
2536 0.483 1.001 1.000
2537 0.483 1.001 1.000
2538 0.483 1.001 1.000
2539 0.483 1.001 1.000
2540 0.484 1.001 1.000
2541 0.484 1.001 1.000
2542 0.484 1.001 1.000
2543 0.484 1.001 1.000
2544 0.484 1.001 1.000
2545 0.485 1.001 1.000
2546 0.485 1.001 1.000
2547 0.485 1.001 1.000
2548 0.485 1.001 1.000
2549 0.485 1.001 1.000
2550 0.486 1.001 1.000
2551 0.486 1.001 1.000
2552 0.486 1.001 1.000
2553 0.486 1.001 1.000
2554 0.486 1.001 1.000
2555 0.486 1.001 1.000
2556 0.486 1.001 1.000
2557 0.486 1.001 1.000
2558 0.486 1.001 1.000
2559 0.486 1.001 1.000
2560 0.487 1.001 1.000
2561 0.487 1.001 1.000
2562 0.487 1.001 1.000
2563 0.487 1.001 1.000
2564 0.487 1.001 1.000
2565 0.487 1.001 1.000
2566 0.487 1.001 1.000
2567 0.487 1.001 1.000
2568 0.487 1.001 1.000
2569 0.488 1.001 1.000
2570 0.488 1.001 1.000
2571 0.488 1.001 1.000
2572 0.488 1.001 1.000
2573 0.488 1.001 1.000
2574 0.488 1.001 1.000
2575 0.488 1.001 1.000
2576 0.489 1.001 1.000
2577 0.489 1.001 1.000
2578 0.489 1.001 1.000
2579 0.489 1.001 1.000
2580 0.489 1.001 1.000
2581 0.489 1.001 1.000
2582 0.489 1.001 1.000
2583 0.489 1.001 1.000
2584 0.489 1.001 1.000
2585 0.489 1.001 1.000
2586 0.489 1.001 1.000
2587 0.490 1.001 1.000
2588 0.490 1.001 1.000
2589 0.490 1.001 1.000
2590 0.490 1.001 1.000
2591 0.490 1.001 1.000
2592 0.490 1.001 1.000
2593 0.490 1.001 1.000
2594 0.490 1.001 1.000
2595 0.491 1.001 1.000
2596 0.491 1.001 1.000
2597 0.491 1.001 1.000
2598 0.491 1.001 1.000
2599 0.491 1.001 1.000
2600 0.491 1.001 1.000
2601 0.491 1.001 1.000
2602 0.492 1.001 1.000
2603 0.492 1.001 1.000
2604 0.492 1.001 1.000
2605 0.492 1.001 1.000
2606 0.492 1.001 1.000
2607 0.492 1.001 1.000
2608 0.492 1.001 1.000
2609 0.492 1.001 1.000
2610 0.493 1.001 1.000
2611 0.493 1.001 1.000
2612 0.493 1.001 1.000
2613 0.493 1.001 1.000
2614 0.493 1.001 1.000
2615 0.493 1.001 1.000
2616 0.493 1.001 1.000
2617 0.493 1.001 1.000
2618 0.493 1.001 1.000
2619 0.493 1.001 1.000
2620 0.494 1.001 1.000
2621 0.494 1.001 1.000
2622 0.494 1.001 1.000
2623 0.494 1.001 1.000
2624 0.494 1.001 1.000
2625 0.494 1.001 1.000
2626 0.494 1.001 1.000
2627 0.494 1.001 1.000
2628 0.495 1.001 1.000
2629 0.495 1.001 1.000
2630 0.495 1.001 1.000
2631 0.495 1.001 1.000
2632 0.495 1.001 1.000
2633 0.495 1.001 1.000
2634 0.495 1.001 1.000
2635 0.495 1.001 1.000
2636 0.495 1.001 1.000
2637 0.495 1.001 1.000
2638 0.495 1.001 1.000
2639 0.495 1.001 1.000
2640 0.495 1.001 1.000
2641 0.495 1.001 1.000
2642 0.496 1.001 1.000
2643 0.496 1.001 1.000
2644 0.496 1.001 1.000
2645 0.496 1.001 1.000
2646 0.496 1.001 1.000
2647 0.496 1.001 1.000
2648 0.497 1.001 1.000
2649 0.497 1.001 1.000
2650 0.497 1.001 1.000
2651 0.497 1.001 1.000
2652 0.497 1.001 1.000
2653 0.497 1.001 1.001
2654 0.498 1.001 1.001
2655 0.498 1.001 1.001
2656 0.498 1.001 1.001
2657 0.498 1.001 1.001
2658 0.498 1.001 1.001
2659 0.499 1.001 1.001
2660 0.499 1.001 1.001
2661 0.499 1.001 1.001
2662 0.499 1.001 1.001
2663 0.499 1.001 1.001
2664 0.499 1.001 1.001
2665 0.499 1.001 1.001
2666 0.499 1.001 1.001
2667 0.499 1.001 1.001
2668 0.499 1.001 1.001
2669 0.499 1.001 1.001
2670 0.499 1.001 1.001
2671 0.500 1.001 1.001
2672 0.500 1.001 1.001
2673 0.500 1.001 1.001
2674 0.500 1.001 1.001
2675 0.500 1.001 1.001
2676 0.500 1.001 1.001
2677 0.500 1.001 1.001
2678 0.500 1.001 1.001
2679 0.500 1.001 1.001
2680 0.500 1.001 1.001
2681 0.500 1.001 1.001
2682 0.501 1.001 1.001
2683 0.501 1.001 1.001
2684 0.501 1.001 1.001
2685 0.501 1.001 1.001
2686 0.501 1.001 1.001
2687 0.501 1.001 1.001
2688 0.502 1.001 1.001
2689 0.502 1.001 1.001
2690 0.502 1.001 1.001
2691 0.502 1.001 1.001
2692 0.502 1.001 1.001
2693 0.502 1.001 1.001
2694 0.502 1.001 1.001
2695 0.503 1.001 1.001
2696 0.503 1.001 1.001
2697 0.503 1.001 1.001
2698 0.503 1.001 1.001
2699 0.503 1.001 1.001
2700 0.503 1.001 1.001
2701 0.503 1.001 1.001
2702 0.504 1.001 1.001
2703 0.504 1.001 1.001
2704 0.504 1.001 1.001
2705 0.504 1.001 1.001
2706 0.504 1.001 1.001
2707 0.504 1.001 1.001
2708 0.504 1.001 1.001
2709 0.504 1.001 1.001
2710 0.504 1.001 1.001
2711 0.504 1.001 1.001
2712 0.504 1.001 1.001
2713 0.504 1.001 1.001
2714 0.505 1.001 1.001
2715 0.505 1.001 1.001
2716 0.505 1.001 1.001
2717 0.505 1.001 1.001
2718 0.505 1.001 1.001
2719 0.505 1.001 1.001
2720 0.505 1.001 1.001
2721 0.506 1.001 1.001
2722 0.506 1.001 1.001
2723 0.506 1.001 1.001
2724 0.506 1.001 1.001
2725 0.507 1.001 1.001
2726 0.507 1.001 1.001
2727 0.507 1.001 1.001
2728 0.507 1.001 1.001
2729 0.507 1.001 1.001
2730 0.507 1.001 1.001
2731 0.507 1.001 1.001
2732 0.508 1.001 1.001
2733 0.508 1.001 1.001
2734 0.508 1.001 1.001
2735 0.508 1.001 1.001
2736 0.508 1.001 1.001
2737 0.508 1.001 1.001
2738 0.508 1.001 1.001
2739 0.508 1.001 1.001
2740 0.509 1.001 1.001
2741 0.509 1.001 1.001
2742 0.509 1.001 1.001
2743 0.509 1.001 1.001
2744 0.509 1.001 1.001
2745 0.509 1.001 1.001
2746 0.509 1.001 1.001
2747 0.509 1.001 1.001
2748 0.510 1.001 1.001
2749 0.510 1.001 1.001
2750 0.510 1.001 1.001
2751 0.510 1.001 1.001
2752 0.510 1.001 1.001
2753 0.510 1.001 1.001
2754 0.511 1.001 1.001
2755 0.511 1.001 1.001
2756 0.511 1.001 1.001
2757 0.511 1.001 1.001
2758 0.511 1.001 1.001
2759 0.512 1.001 1.001
2760 0.512 1.001 1.001
2761 0.512 1.001 1.001
2762 0.512 1.001 1.001
2763 0.512 1.001 1.001
2764 0.512 1.001 1.001
2765 0.513 1.001 1.001
2766 0.513 1.001 1.001
2767 0.513 1.001 1.001
2768 0.513 1.001 1.001
2769 0.513 1.001 1.001
2770 0.513 1.001 1.001
2771 0.513 1.001 1.001
2772 0.513 1.001 1.001
2773 0.513 1.001 1.001
2774 0.514 1.001 1.001
2775 0.514 1.001 1.001
2776 0.514 1.001 1.001
2777 0.514 1.001 1.001
2778 0.514 1.001 1.001
2779 0.514 1.001 1.001
2780 0.514 1.001 1.001
2781 0.514 1.001 1.001
2782 0.514 1.001 1.001
2783 0.514 1.001 1.001
2784 0.514 1.001 1.001
2785 0.514 1.001 1.001
2786 0.515 1.001 1.001
2787 0.515 1.001 1.001
2788 0.515 1.001 1.001
2789 0.515 1.001 1.001
2790 0.515 1.001 1.001
2791 0.515 1.001 1.001
2792 0.515 1.001 1.001
2793 0.515 1.001 1.001
2794 0.516 1.001 1.001
2795 0.516 1.001 1.001
2796 0.516 1.001 1.001
2797 0.516 1.001 1.001
2798 0.516 1.001 1.001
2799 0.516 1.001 1.001
2800 0.516 1.001 1.001
2801 0.516 1.001 1.001
2802 0.517 1.001 1.001
2803 0.517 1.001 1.001
2804 0.517 1.001 1.001
2805 0.517 1.001 1.001
2806 0.517 1.001 1.001
2807 0.517 1.001 1.001
2808 0.517 1.001 1.001
2809 0.517 1.001 1.001
2810 0.517 1.001 1.001
2811 0.517 1.001 1.001
2812 0.518 1.001 1.001
2813 0.518 1.001 1.001
2814 0.518 1.001 1.001
2815 0.518 1.001 1.001
2816 0.518 1.001 1.001
2817 0.518 1.001 1.001
2818 0.518 1.001 1.001
2819 0.519 1.001 1.001
2820 0.519 1.001 1.001
2821 0.519 1.001 1.001
2822 0.519 1.001 1.001
2823 0.519 1.001 1.001
2824 0.519 1.001 1.001
2825 0.519 1.001 1.001
2826 0.519 1.001 1.001
2827 0.519 1.001 1.001
2828 0.520 1.001 1.001
2829 0.520 1.001 1.001
2830 0.521 1.001 1.001
2831 0.521 1.001 1.001
2832 0.521 1.001 1.001
2833 0.521 1.001 1.001
2834 0.522 1.001 1.001
2835 0.522 1.001 1.001
2836 0.522 1.001 1.001
2837 0.522 1.001 1.001
2838 0.523 1.001 1.001
2839 0.523 1.001 1.001
2840 0.523 1.001 1.001
2841 0.524 1.001 1.001
2842 0.524 1.001 1.001
2843 0.525 1.001 1.001
2844 0.525 1.001 1.001
2845 0.525 1.001 1.001
2846 0.525 1.001 1.001
2847 0.525 1.001 1.001
2848 0.526 1.001 1.001
2849 0.526 1.001 1.001
2850 0.526 1.001 1.001
2851 0.527 1.001 1.001
2852 0.527 1.001 1.001
2853 0.527 1.001 1.001
2854 0.528 1.001 1.001
2855 0.528 1.001 1.001
2856 0.528 1.001 1.001
2857 0.528 1.001 1.001
2858 0.528 1.001 1.001
2859 0.528 1.001 1.001
2860 0.528 1.001 1.001
2861 0.528 1.001 1.001
2862 0.528 1.001 1.001
2863 0.529 1.001 1.001
2864 0.529 1.001 1.001
2865 0.529 1.001 1.001
2866 0.529 1.001 1.001
2867 0.529 1.001 1.001
2868 0.529 1.001 1.001
2869 0.529 1.001 1.001
2870 0.530 1.001 1.001
2871 0.530 1.001 1.001
2872 0.530 1.001 1.001
2873 0.531 1.001 1.001
2874 0.531 1.001 1.001
2875 0.531 1.001 1.001
2876 0.531 1.001 1.001
2877 0.531 1.001 1.001
2878 0.531 1.001 1.001
2879 0.531 1.002 1.001
2880 0.532 1.002 1.001
2881 0.532 1.002 1.001
2882 0.532 1.002 1.001
2883 0.532 1.002 1.001
2884 0.533 1.002 1.001
2885 0.533 1.002 1.001
2886 0.533 1.002 1.001
2887 0.533 1.002 1.001
2888 0.534 1.002 1.001
2889 0.534 1.002 1.001
2890 0.534 1.002 1.001
2891 0.535 1.002 1.001
2892 0.535 1.002 1.001
2893 0.535 1.002 1.001
2894 0.535 1.002 1.001
2895 0.535 1.002 1.001
2896 0.536 1.002 1.001
2897 0.536 1.002 1.001
2898 0.536 1.002 1.001
2899 0.537 1.002 1.001
2900 0.537 1.002 1.001
2901 0.537 1.002 1.001
2902 0.537 1.002 1.001
2903 0.537 1.002 1.001
2904 0.537 1.002 1.001
2905 0.538 1.002 1.001
2906 0.538 1.002 1.001
2907 0.538 1.002 1.001
2908 0.538 1.002 1.001
2909 0.539 1.002 1.001
2910 0.539 1.002 1.001
2911 0.539 1.002 1.001
2912 0.539 1.002 1.001
2913 0.540 1.002 1.001
2914 0.540 1.002 1.001
2915 0.540 1.002 1.001
2916 0.540 1.002 1.001
2917 0.540 1.002 1.001
2918 0.540 1.002 1.001
2919 0.541 1.002 1.001
2920 0.541 1.002 1.001
2921 0.541 1.002 1.001
2922 0.542 1.002 1.001
2923 0.542 1.002 1.001
2924 0.542 1.002 1.001
2925 0.543 1.002 1.001
2926 0.543 1.002 1.001
2927 0.543 1.002 1.001
2928 0.543 1.002 1.001
2929 0.544 1.002 1.001
2930 0.544 1.002 1.001
2931 0.544 1.002 1.001
2932 0.544 1.002 1.001
2933 0.544 1.002 1.001
2934 0.545 1.002 1.001
2935 0.545 1.002 1.001
2936 0.545 1.002 1.001
2937 0.545 1.002 1.001
2938 0.545 1.002 1.001
2939 0.545 1.002 1.001
2940 0.545 1.002 1.001
2941 0.546 1.002 1.001
2942 0.546 1.002 1.001
2943 0.546 1.002 1.001
2944 0.546 1.002 1.001
2945 0.546 1.002 1.001
2946 0.546 1.002 1.001
2947 0.546 1.002 1.001
2948 0.547 1.002 1.001
2949 0.547 1.002 1.001
2950 0.547 1.002 1.001
2951 0.547 1.002 1.001
2952 0.547 1.002 1.001
2953 0.548 1.002 1.001
2954 0.548 1.002 1.001
2955 0.550 1.002 1.001
2956 0.550 1.002 1.001
2957 0.550 1.002 1.001
2958 0.550 1.002 1.001
2959 0.551 1.002 1.001
2960 0.551 1.002 1.001
2961 0.551 1.002 1.001
2962 0.552 1.002 1.001
2963 0.553 1.002 1.001
2964 0.553 1.002 1.001
2965 0.553 1.002 1.001
2966 0.553 1.002 1.001
2967 0.554 1.002 1.001
2968 0.554 1.002 1.001
2969 0.555 1.002 1.001
2970 0.555 1.002 1.001
2971 0.556 1.002 1.001
2972 0.556 1.002 1.001
2973 0.556 1.002 1.001
2974 0.556 1.002 1.001
2975 0.556 1.002 1.001
2976 0.557 1.002 1.001
2977 0.557 1.002 1.001
2978 0.558 1.002 1.001
2979 0.558 1.002 1.001
2980 0.558 1.002 1.001
2981 0.558 1.002 1.001
2982 0.558 1.002 1.001
2983 0.558 1.002 1.001
2984 0.559 1.002 1.001
2985 0.559 1.002 1.001
2986 0.559 1.002 1.001
2987 0.559 1.002 1.001
2988 0.559 1.002 1.001
2989 0.559 1.002 1.001
2990 0.560 1.002 1.001
2991 0.560 1.002 1.001
2992 0.560 1.002 1.001
2993 0.560 1.002 1.001
2994 0.560 1.002 1.001
2995 0.560 1.002 1.001
2996 0.561 1.002 1.001
2997 0.561 1.002 1.001
2998 0.562 1.002 1.001
2999 0.562 1.002 1.001
3000 0.562 1.002 1.001
3001 0.562 1.002 1.001
3002 0.562 1.002 1.001
3003 0.563 1.002 1.001
3004 0.563 1.002 1.001
3005 0.563 1.002 1.001
3006 0.563 1.002 1.001
3007 0.563 1.002 1.001
3008 0.563 1.002 1.001
3009 0.564 1.002 1.001
3010 0.564 1.002 1.001
3011 0.564 1.002 1.001
3012 0.565 1.002 1.001
3013 0.565 1.002 1.001
3014 0.565 1.002 1.001
3015 0.566 1.002 1.001
3016 0.566 1.002 1.001
3017 0.566 1.002 1.001
3018 0.567 1.002 1.001
3019 0.567 1.002 1.001
3020 0.567 1.002 1.001
3021 0.568 1.002 1.001
3022 0.568 1.002 1.001
3023 0.568 1.002 1.001
3024 0.568 1.002 1.001
3025 0.569 1.002 1.001
3026 0.569 1.002 1.001
3027 0.569 1.002 1.001
3028 0.569 1.002 1.001
3029 0.570 1.002 1.001
3030 0.570 1.002 1.001
3031 0.570 1.002 1.001
3032 0.570 1.002 1.001
3033 0.570 1.002 1.001
3034 0.570 1.002 1.001
3035 0.570 1.002 1.001
3036 0.571 1.002 1.001
3037 0.571 1.002 1.001
3038 0.571 1.002 1.001
3039 0.572 1.002 1.001
3040 0.572 1.002 1.001
3041 0.572 1.002 1.001
3042 0.572 1.002 1.001
3043 0.572 1.002 1.001
3044 0.572 1.002 1.001
3045 0.572 1.002 1.001
3046 0.573 1.002 1.001
3047 0.573 1.002 1.001
3048 0.573 1.002 1.001
3049 0.573 1.002 1.001
3050 0.574 1.002 1.001
3051 0.574 1.002 1.001
3052 0.574 1.002 1.001
3053 0.574 1.002 1.001
3054 0.574 1.002 1.001
3055 0.575 1.002 1.001
3056 0.575 1.002 1.001
3057 0.575 1.002 1.001
3058 0.575 1.002 1.001
3059 0.576 1.002 1.001
3060 0.576 1.002 1.001
3061 0.576 1.002 1.001
3062 0.577 1.002 1.001
3063 0.577 1.002 1.001
3064 0.578 1.002 1.001
3065 0.579 1.002 1.001
3066 0.579 1.002 1.001
3067 0.580 1.002 1.001
3068 0.580 1.002 1.001
3069 0.580 1.002 1.001
3070 0.580 1.002 1.001
3071 0.580 1.002 1.001
3072 0.580 1.002 1.001
3073 0.580 1.002 1.001
3074 0.581 1.002 1.001
3075 0.581 1.002 1.001
3076 0.581 1.002 1.001
3077 0.581 1.002 1.001
3078 0.581 1.002 1.001
3079 0.581 1.002 1.001
3080 0.583 1.002 1.001
3081 0.583 1.002 1.001
3082 0.583 1.002 1.001
3083 0.584 1.002 1.001
3084 0.584 1.002 1.001
3085 0.585 1.002 1.001
3086 0.585 1.002 1.001
3087 0.585 1.002 1.001
3088 0.585 1.002 1.001
3089 0.585 1.002 1.001
3090 0.585 1.002 1.001
3091 0.585 1.002 1.001
3092 0.586 1.002 1.001
3093 0.586 1.002 1.001
3094 0.587 1.002 1.001
3095 0.587 1.002 1.001
3096 0.588 1.002 1.001
3097 0.588 1.002 1.001
3098 0.589 1.002 1.001
3099 0.589 1.002 1.001
3100 0.590 1.002 1.001
3101 0.590 1.002 1.001
3102 0.591 1.002 1.001
3103 0.591 1.002 1.001
3104 0.591 1.002 1.001
3105 0.591 1.002 1.001
3106 0.591 1.002 1.001
3107 0.592 1.002 1.001
3108 0.592 1.002 1.001
3109 0.592 1.002 1.001
3110 0.592 1.002 1.001
3111 0.592 1.002 1.001
3112 0.592 1.002 1.001
3113 0.592 1.002 1.001
3114 0.593 1.002 1.001
3115 0.593 1.002 1.001
3116 0.593 1.002 1.001
3117 0.593 1.002 1.001
3118 0.594 1.002 1.001
3119 0.594 1.002 1.001
3120 0.594 1.002 1.001
3121 0.594 1.002 1.001
3122 0.595 1.002 1.001
3123 0.595 1.002 1.001
3124 0.595 1.002 1.001
3125 0.596 1.002 1.001
3126 0.596 1.002 1.001
3127 0.596 1.002 1.001
3128 0.596 1.002 1.001
3129 0.596 1.002 1.001
3130 0.598 1.002 1.001
3131 0.598 1.002 1.001
3132 0.599 1.002 1.001
3133 0.600 1.002 1.001
3134 0.600 1.002 1.001
3135 0.600 1.002 1.001
3136 0.601 1.002 1.001
3137 0.601 1.002 1.001
3138 0.601 1.002 1.001
3139 0.602 1.002 1.001
3140 0.602 1.002 1.001
3141 0.602 1.002 1.001
3142 0.603 1.002 1.001
3143 0.603 1.002 1.001
3144 0.604 1.002 1.001
3145 0.604 1.002 1.001
3146 0.605 1.002 1.001
3147 0.605 1.002 1.001
3148 0.606 1.002 1.001
3149 0.606 1.002 1.001
3150 0.606 1.002 1.001
3151 0.607 1.002 1.001
3152 0.608 1.002 1.001
3153 0.610 1.002 1.001
3154 0.611 1.002 1.001
3155 0.612 1.002 1.001
3156 0.612 1.002 1.001
3157 0.612 1.002 1.001
3158 0.613 1.002 1.001
3159 0.615 1.002 1.001
3160 0.616 1.002 1.001
3161 0.616 1.002 1.001
3162 0.618 1.002 1.001
3163 0.618 1.002 1.001
3164 0.621 1.002 1.001
3165 0.622 1.002 1.001
3166 0.624 1.002 1.001
3167 0.625 1.002 1.001
3168 0.626 1.002 1.001
3169 0.626 1.002 1.001
3170 0.626 1.002 1.001
3171 0.627 1.002 1.001
3172 0.627 1.002 1.001
3173 0.627 1.002 1.001
3174 0.627 1.002 1.001
3175 0.629 1.002 1.001
3176 0.629 1.002 1.001
3177 0.631 1.002 1.001
3178 0.632 1.002 1.001
3179 0.632 1.002 1.001
3180 0.632 1.002 1.001
3181 0.633 1.002 1.001
3182 0.634 1.002 1.001
3183 0.634 1.002 1.001
3184 0.634 1.002 1.001
3185 0.635 1.002 1.001
3186 0.636 1.002 1.001
3187 0.637 1.002 1.001
3188 0.638 1.002 1.001
3189 0.638 1.002 1.001
3190 0.638 1.002 1.001
3191 0.639 1.002 1.001
3192 0.641 1.002 1.001
3193 0.641 1.002 1.001
3194 0.641 1.002 1.001
3195 0.641 1.002 1.001
3196 0.643 1.002 1.001
3197 0.644 1.002 1.001
3198 0.644 1.002 1.001
3199 0.646 1.002 1.001
3200 0.646 1.002 1.001
3201 0.646 1.002 1.001
3202 0.647 1.002 1.001
3203 0.648 1.002 1.001
3204 0.650 1.002 1.001
3205 0.650 1.002 1.001
3206 0.651 1.002 1.001
3207 0.651 1.002 1.001
3208 0.651 1.002 1.001
3209 0.652 1.002 1.001
3210 0.652 1.002 1.001
3211 0.652 1.002 1.001
3212 0.652 1.002 1.001
3213 0.653 1.002 1.001
3214 0.653 1.002 1.001
3215 0.654 1.002 1.001
3216 0.655 1.002 1.001
3217 0.655 1.002 1.001
3218 0.655 1.002 1.001
3219 0.657 1.002 1.001
3220 0.658 1.002 1.001
3221 0.658 1.002 1.001
3222 0.659 1.002 1.001
3223 0.661 1.002 1.001
3224 0.661 1.002 1.001
3225 0.661 1.002 1.001
3226 0.661 1.002 1.001
3227 0.662 1.002 1.001
3228 0.662 1.002 1.001
3229 0.662 1.002 1.001
3230 0.665 1.002 1.001
3231 0.668 1.002 1.001
3232 0.668 1.002 1.001
3233 0.668 1.002 1.001
3234 0.669 1.002 1.001
3235 0.670 1.002 1.001
3236 0.670 1.002 1.001
3237 0.675 1.002 1.001
3238 0.676 1.002 1.001
3239 0.677 1.002 1.001
3240 0.677 1.002 1.001
3241 0.677 1.002 1.001
3242 0.679 1.002 1.001
3243 0.681 1.002 1.001
3244 0.684 1.002 1.001
3245 0.685 1.002 1.001
3246 0.687 1.002 1.001
3247 0.687 1.002 1.001
3248 0.689 1.002 1.001
3249 0.690 1.002 1.001
3250 0.690 1.002 1.001
3251 0.691 1.002 1.001
3252 0.691 1.002 1.001
3253 0.691 1.002 1.001
3254 0.693 1.002 1.001
3255 0.693 1.002 1.001
3256 0.697 1.002 1.001
3257 0.697 1.002 1.001
3258 0.698 1.002 1.001
3259 0.700 1.002 1.001
3260 0.701 1.002 1.001
3261 0.701 1.002 1.001
3262 0.702 1.002 1.001
3263 0.703 1.002 1.001
3264 0.704 1.002 1.001
3265 0.704 1.002 1.001
3266 0.705 1.002 1.001
3267 0.706 1.002 1.001
3268 0.706 1.002 1.001
3269 0.706 1.002 1.001
3270 0.707 1.002 1.001
3271 0.713 1.002 1.001
3272 0.714 1.002 1.001
3273 0.714 1.002 1.001
3274 0.714 1.002 1.001
3275 0.717 1.002 1.001
3276 0.718 1.002 1.001
3277 0.718 1.002 1.001
3278 0.721 1.002 1.001
3279 0.722 1.002 1.001
3280 0.726 1.002 1.001
3281 0.727 1.002 1.001
3282 0.728 1.002 1.001
3283 0.729 1.002 1.001
3284 0.732 1.002 1.001
3285 0.733 1.002 1.001
3286 0.735 1.002 1.001
3287 0.736 1.002 1.001
3288 0.739 1.002 1.001
3289 0.740 1.002 1.001
3290 0.741 1.002 1.001
3291 0.742 1.002 1.001
3292 0.742 1.002 1.001
3293 0.746 1.002 1.001
3294 0.748 1.002 1.001
3295 0.749 1.002 1.001
3296 0.753 1.002 1.001
3297 0.753 1.002 1.001
3298 0.754 1.002 1.001
3299 0.755 1.002 1.001
3300 0.756 1.002 1.001
3301 0.757 1.002 1.001
3302 0.757 1.002 1.001
3303 0.760 1.002 1.001
3304 0.762 1.002 1.001
3305 0.764 1.002 1.001
3306 0.764 1.002 1.001
3307 0.765 1.002 1.001
3308 0.765 1.002 1.001
3309 0.773 1.002 1.001
3310 0.775 1.002 1.001
3311 0.776 1.002 1.001
3312 0.777 1.002 1.001
3313 0.781 1.002 1.001
3314 0.782 1.002 1.001
3315 0.783 1.002 1.001
3316 0.784 1.002 1.001
3317 0.785 1.002 1.001
3318 0.790 1.002 1.001
3319 0.790 1.002 1.001
3320 0.793 1.002 1.001
3321 0.796 1.002 1.001
3322 0.798 1.002 1.001
3323 0.802 1.002 1.001
3324 0.805 1.002 1.001
3325 0.806 1.002 1.001
3326 0.810 1.002 1.001
3327 0.812 1.002 1.001
3328 0.813 1.002 1.001
3329 0.813 1.002 1.001
3330 0.816 1.002 1.001
3331 0.817 1.002 1.001
3332 0.817 1.002 1.001
3333 0.822 1.002 1.001
3334 0.823 1.002 1.001
3335 0.833 1.002 1.001
3336 0.847 1.002 1.001
3337 0.848 1.002 1.001
3338 0.853 1.002 1.001
3339 0.853 1.002 1.001
3340 0.858 1.002 1.001
3341 0.859 1.002 1.001
3342 0.865 1.002 1.001
3343 0.869 1.002 1.001
3344 0.869 1.002 1.001
3345 0.873 1.002 1.001
3346 0.874 1.002 1.001
3347 0.881 1.002 1.001
3348 0.891 1.002 1.001
3349 0.899 1.002 1.001
3350 0.905 1.002 1.001
3351 0.907 1.002 1.001
3352 0.924 1.002 1.001
3353 0.932 1.002 1.001
3354 0.938 1.002 1.001
3355 0.948 1.002 1.001
3356 0.955 1.002 1.001
3357 0.974 1.002 1.001
3358 0.974 1.002 1.001
3359 0.975 1.002 1.001
3360 0.976 1.002 1.001
3361 0.996 1.002 1.001
3362 0.996 1.002 1.001
3363 0.996 1.002 1.001
3364 0.996 1.002 1.001
3365 0.996 1.002 1.001
3366 0.996 1.002 1.001
3367 0.996 1.002 1.002
3368 0.996 1.002 1.002
3369 0.996 1.002 1.002
3370 0.996 1.002 1.002
3371 1.000 1.002 1.002
3372 1.000 1.002 1.002
3373 1.000 1.002 1.002
3374 1.000 1.002 1.002
3375 1.000 1.002 1.002
3376 1.000 1.002 1.002
3377 1.000 1.002 1.002
3378 1.000 1.002 1.002
3379 1.000 1.002 1.002
3380 1.000 1.002 1.002
3381 1.000 1.002 1.002
3382 1.000 1.002 1.002
3383 1.000 1.002 1.002
3384 1.000 1.002 1.002
3385 1.000 1.002 1.002
3386 1.000 1.002 1.002
3387 1.000 1.002 1.002
3388 1.000 1.002 1.002
3389 1.000 1.002 1.002
3390 1.000 1.002 1.002
3391 1.000 1.002 1.002
3392 1.000 1.002 1.002
3393 1.000 1.002 1.002
3394 1.000 1.002 1.002
3395 1.000 1.002 1.002
3396 1.000 1.002 1.002
3397 1.000 1.002 1.002
3398 1.000 1.002 1.002
3399 1.000 1.002 1.002
3400 1.000 1.002 1.002
3401 1.000 1.002 1.002
3402 1.000 1.002 1.002
3403 1.000 1.002 1.002
3404 1.000 1.003 1.002
3405 1.000 1.003 1.002
3406 1.000 1.003 1.002
3407 1.000 1.003 1.002
3408 1.000 1.003 1.002
3409 1.000 1.003 1.002
3410 1.000 1.003 1.002
3411 1.000 1.003 1.002
3412 1.000 1.003 1.002
3413 1.000 1.003 1.002
3414 1.000 1.003 1.002
3415 1.000 1.003 1.002
3416 1.000 1.003 1.002
3417 1.000 1.003 1.002
3418 1.000 1.003 1.002
3419 1.000 1.003 1.002
3420 1.000 1.003 1.002
3421 1.000 1.003 1.002
3422 1.000 1.003 1.002
3423 1.000 1.003 1.002
3424 1.000 1.003 1.002
3425 1.000 1.003 1.002
3426 1.000 1.003 1.002
3427 1.000 1.003 1.002
3428 1.000 1.003 1.002
3429 1.000 1.003 1.002
3430 1.000 1.003 1.002
3431 1.000 1.003 1.002
3432 1.000 1.003 1.002
3433 1.000 1.003 1.002
3434 1.000 1.003 1.002
3435 1.000 1.003 1.002
3436 1.000 1.003 1.002
3437 1.000 1.003 1.002
3438 1.000 1.003 1.002
3439 1.000 1.003 1.002
3440 1.000 1.003 1.002
3441 1.000 1.003 1.002
3442 1.000 1.003 1.002
3443 1.000 1.003 1.002
3444 1.000 1.003 1.002
3445 1.000 1.003 1.002
3446 1.000 1.003 1.002
3447 1.000 1.003 1.002
3448 1.000 1.003 1.002
3449 1.000 1.003 1.002
3450 1.000 1.003 1.002
3451 1.000 1.003 1.002
3452 1.000 1.003 1.002
3453 1.000 1.003 1.002
3454 1.000 1.003 1.002
3455 1.000 1.003 1.002
3456 1.000 1.003 1.002
3457 1.000 1.003 1.002
3458 1.000 1.003 1.002
3459 1.000 1.003 1.002
3460 1.000 1.003 1.002
3461 1.000 1.003 1.002
3462 1.000 1.003 1.002
3463 1.000 1.003 1.002
3464 1.000 1.003 1.002
3465 1.000 1.003 1.002
3466 1.000 1.003 1.002
3467 1.000 1.003 1.002
3468 1.000 1.003 1.002
3469 1.000 1.003 1.002
3470 1.000 1.003 1.002
3471 1.000 1.003 1.002
3472 1.000 1.003 1.002
3473 1.000 1.003 1.002
3474 1.000 1.003 1.002
3475 1.000 1.003 1.002
3476 1.000 1.003 1.002
3477 1.000 1.003 1.002
3478 1.000 1.003 1.002
3479 1.000 1.003 1.002
3480 1.000 1.003 1.002
3481 1.000 1.003 1.002
3482 1.000 1.003 1.002
3483 1.000 1.003 1.002
3484 1.000 1.003 1.002
3485 1.000 1.003 1.002
3486 1.000 1.003 1.002
3487 1.000 1.003 1.002
3488 1.000 1.003 1.002
3489 1.000 1.003 1.002
3490 1.000 1.003 1.002
3491 1.000 1.003 1.002
3492 1.000 1.003 1.002
3493 1.000 1.003 1.002
3494 1.000 1.003 1.002
3495 1.000 1.003 1.002
3496 1.000 1.003 1.002
3497 1.000 1.003 1.002
3498 1.000 1.003 1.002
3499 1.000 1.003 1.002
3500 1.000 1.003 1.002
3501 1.000 1.003 1.002
3502 1.000 1.003 1.002
3503 1.000 1.003 1.002
3504 1.000 1.003 1.002
3505 1.000 1.003 1.002
3506 1.000 1.003 1.002
3507 1.000 1.003 1.002
3508 1.000 1.003 1.002
3509 1.000 1.003 1.002
3510 1.000 1.003 1.002
3511 1.000 1.003 1.002
3512 1.000 1.003 1.002
3513 1.000 1.003 1.002
3514 1.000 1.003 1.002
3515 1.000 1.003 1.002
3516 1.000 1.003 1.002
3517 1.000 1.003 1.002
3518 1.000 1.003 1.002
3519 1.000 1.003 1.002
3520 1.000 1.003 1.002
3521 1.000 1.003 1.002
3522 1.000 1.003 1.002
3523 1.000 1.003 1.002
3524 1.000 1.003 1.002
3525 1.000 1.003 1.002
3526 1.000 1.003 1.002
3527 1.000 1.003 1.002
3528 1.000 1.003 1.002
3529 1.000 1.003 1.002
3530 1.000 1.003 1.002
3531 1.000 1.003 1.002
3532 1.000 1.003 1.002
3533 1.000 1.003 1.002
3534 1.000 1.003 1.002
3535 1.000 1.003 1.002
3536 1.000 1.003 1.002
3537 1.000 1.003 1.002
3538 1.000 1.003 1.002
3539 1.000 1.003 1.002
3540 1.000 1.003 1.002
3541 1.000 1.003 1.002
3542 1.000 1.003 1.002
3543 1.000 1.003 1.002
3544 1.000 1.003 1.002
3545 1.000 1.003 1.002
3546 1.000 1.003 1.002
3547 1.000 1.003 1.002
3548 1.000 1.003 1.002
3549 1.000 1.003 1.002
3550 1.000 1.003 1.002
3551 1.000 1.003 1.002
3552 1.000 1.003 1.002
3553 1.000 1.003 1.002
3554 1.000 1.003 1.002
3555 1.000 1.003 1.002
3556 1.000 1.003 1.002
3557 1.000 1.003 1.002
3558 1.000 1.003 1.002
3559 1.000 1.003 1.002
3560 1.000 1.003 1.002
3561 1.000 1.003 1.002
3562 1.000 1.003 1.002
3563 1.000 1.003 1.002
3564 1.000 1.003 1.002
3565 1.000 1.003 1.002
3566 1.000 1.003 1.002
3567 1.000 1.003 1.002
3568 1.000 1.003 1.002
3569 1.000 1.003 1.002
3570 1.000 1.003 1.002
3571 1.000 1.003 1.002
3572 1.000 1.003 1.002
3573 1.000 1.003 1.002
3574 1.000 1.003 1.002
3575 1.000 1.003 1.002
3576 1.000 1.003 1.002
3577 1.000 1.003 1.002
3578 1.000 1.003 1.002
3579 1.000 1.003 1.002
3580 1.000 1.003 1.002
3581 1.000 1.003 1.002
3582 1.000 1.003 1.002
3583 1.000 1.003 1.002
3584 1.000 1.003 1.002
3585 1.000 1.003 1.002
3586 1.000 1.003 1.002
3587 1.000 1.003 1.002
3588 1.000 1.003 1.002
3589 1.000 1.003 1.002
3590 1.000 1.003 1.002
3591 1.000 1.003 1.002
3592 1.000 1.003 1.002
3593 1.000 1.003 1.002
3594 1.000 1.003 1.002
3595 1.000 1.003 1.002
3596 1.000 1.003 1.002
3597 1.000 1.003 1.002
3598 1.000 1.003 1.002
3599 1.000 1.003 1.002
3600 1.000 1.003 1.002
3601 1.000 1.003 1.002
3602 1.000 1.003 1.002
3603 1.000 1.004 1.002
3604 1.000 1.004 1.002
3605 1.000 1.004 1.002
3606 1.000 1.004 1.002
3607 1.000 1.004 1.002
3608 1.000 1.004 1.002
3609 1.000 1.004 1.002
3610 1.000 1.004 1.002
3611 1.000 1.004 1.002
3612 1.000 1.004 1.002
3613 1.000 1.004 1.002
3614 1.000 1.004 1.002
3615 1.000 1.004 1.002
3616 1.000 1.004 1.002
3617 1.000 1.004 1.002
3618 1.000 1.004 1.002
3619 1.000 1.004 1.002
3620 1.000 1.004 1.002
3621 1.000 1.004 1.002
3622 1.000 1.004 1.002
3623 1.000 1.004 1.002
3624 1.000 1.004 1.002
3625 1.000 1.004 1.002
3626 1.000 1.004 1.002
3627 1.000 1.004 1.002
3628 1.000 1.004 1.002
3629 1.000 1.004 1.002
3630 1.000 1.004 1.002
3631 1.000 1.004 1.002
3632 1.000 1.004 1.002
3633 1.000 1.004 1.002
3634 1.000 1.004 1.002
3635 1.000 1.004 1.002
3636 1.000 1.004 1.002
3637 1.000 1.004 1.002
3638 1.000 1.004 1.002
3639 1.000 1.004 1.002
3640 1.000 1.004 1.002
3641 1.000 1.004 1.002
3642 1.000 1.004 1.002
3643 1.000 1.004 1.002
3644 1.000 1.004 1.002
3645 1.000 1.004 1.002
3646 1.000 1.004 1.002
3647 1.000 1.004 1.002
3648 1.000 1.004 1.002
3649 1.000 1.004 1.002
3650 1.000 1.004 1.002
3651 1.000 1.004 1.002
3652 1.000 1.004 1.002
3653 1.000 1.004 1.002
3654 1.000 1.004 1.002
3655 1.000 1.004 1.002
3656 1.000 1.004 1.002
3657 1.000 1.004 1.002
3658 1.000 1.004 1.002
3659 1.000 1.004 1.002
3660 1.000 1.004 1.002
3661 1.000 1.004 1.002
3662 1.000 1.004 1.002
3663 1.000 1.004 1.002
3664 1.000 1.004 1.002
3665 1.000 1.004 1.002
3666 1.000 1.004 1.002
3667 1.000 1.004 1.002
3668 1.000 1.004 1.002
3669 1.000 1.004 1.002
3670 1.000 1.004 1.002
3671 1.000 1.004 1.002
3672 1.000 1.004 1.002
3673 1.000 1.004 1.002
3674 1.000 1.004 1.002
3675 1.000 1.004 1.002
3676 1.000 1.004 1.002
3677 1.000 1.004 1.002
3678 1.000 1.004 1.002
3679 1.000 1.004 1.002
3680 1.000 1.004 1.002
3681 1.000 1.004 1.002
3682 1.000 1.004 1.002
3683 1.000 1.004 1.003
3684 1.000 1.004 1.003
3685 1.000 1.004 1.003
3686 1.000 1.004 1.003
3687 1.000 1.004 1.003
3688 1.000 1.004 1.003
3689 1.000 1.004 1.003
3690 1.000 1.004 1.003
3691 1.000 1.004 1.003
3692 1.000 1.004 1.003
3693 1.000 1.004 1.003
3694 1.000 1.005 1.003
3695 1.000 1.005 1.003
3696 1.000 1.005 1.003
3697 1.000 1.005 1.003
3698 1.000 1.005 1.003
3699 1.000 1.005 1.003
3700 1.000 1.005 1.003
3701 1.000 1.005 1.003
3702 1.000 1.005 1.003
3703 1.000 1.005 1.003
3704 1.000 1.005 1.003
3705 1.000 1.005 1.003
3706 1.000 1.005 1.003
3707 1.000 1.005 1.003
3708 1.000 1.005 1.003
3709 1.000 1.005 1.003
3710 1.000 1.005 1.003
3711 1.000 1.005 1.003
3712 1.000 1.005 1.003
3713 1.000 1.005 1.003
3714 1.000 1.005 1.003
3715 1.000 1.005 1.003
3716 1.000 1.005 1.003
3717 1.000 1.005 1.003
3718 1.000 1.005 1.003
3719 1.000 1.005 1.003
3720 1.000 1.005 1.003
3721 1.000 1.005 1.003
3722 1.000 1.005 1.003
3723 1.000 1.005 1.003
3724 1.000 1.005 1.003
3725 1.000 1.005 1.003
3726 1.000 1.005 1.003
3727 1.000 1.005 1.003
3728 1.000 1.005 1.003
3729 1.000 1.005 1.003
3730 1.000 1.005 1.003
3731 1.000 1.005 1.003
3732 1.000 1.005 1.003
3733 1.000 1.005 1.003
3734 1.000 1.005 1.003
3735 1.000 1.005 1.003
3736 1.000 1.005 1.003
3737 1.000 1.005 1.003
3738 1.000 1.005 1.003
3739 1.000 1.005 1.003
3740 1.000 1.005 1.003
3741 1.000 1.005 1.003
3742 1.000 1.005 1.003
3743 1.000 1.005 1.003
3744 1.000 1.005 1.003
3745 1.000 1.005 1.003
3746 1.000 1.005 1.003
3747 1.000 1.005 1.003
3748 1.000 1.005 1.003
3749 1.000 1.005 1.003
3750 1.000 1.005 1.003
3751 1.000 1.005 1.003
3752 1.000 1.005 1.003
3753 1.000 1.005 1.003
3754 1.000 1.005 1.003
3755 1.000 1.005 1.003
3756 1.000 1.005 1.003
3757 1.000 1.005 1.003
3758 1.000 1.006 1.003
3759 1.000 1.006 1.003
3760 1.000 1.006 1.003
3761 1.000 1.006 1.003
3762 1.000 1.006 1.003
3763 1.000 1.006 1.003
3764 1.000 1.006 1.003
3765 1.000 1.006 1.003
3766 1.000 1.006 1.003
3767 1.000 1.006 1.003
3768 1.000 1.006 1.003
3769 1.000 1.006 1.003
3770 1.000 1.006 1.003
3771 1.000 1.006 1.003
3772 1.000 1.006 1.003
3773 1.000 1.006 1.003
3774 1.000 1.006 1.003
3775 1.000 1.006 1.003
3776 1.000 1.006 1.003
3777 1.000 1.006 1.003
3778 1.000 1.006 1.003
3779 1.000 1.006 1.003
3780 1.000 1.006 1.003
3781 1.000 1.006 1.003
3782 1.000 1.006 1.003
3783 1.000 1.006 1.003
3784 1.000 1.006 1.003
3785 1.000 1.006 1.003
3786 1.000 1.006 1.003
3787 1.000 1.006 1.003
3788 1.000 1.006 1.003
3789 1.000 1.006 1.003
3790 1.000 1.006 1.003
3791 1.000 1.006 1.003
3792 1.000 1.006 1.003
3793 1.000 1.006 1.003
3794 1.000 1.006 1.003
3795 1.000 1.006 1.003
3796 1.000 1.007 1.003
3797 1.000 1.007 1.003
3798 1.000 1.007 1.003
3799 1.000 1.007 1.003
3800 1.000 1.007 1.003
3801 1.000 1.007 1.003
3802 1.000 1.007 1.003
3803 1.000 1.007 1.003
3804 1.000 1.007 1.003
3805 1.000 1.007 1.004
3806 1.000 1.007 1.004
3807 1.000 1.007 1.004
3808 1.000 1.007 1.004
3809 1.000 1.007 1.004
3810 1.000 1.007 1.004
3811 1.000 1.007 1.004
3812 1.000 1.007 1.004
3813 1.000 1.007 1.004
3814 1.000 1.007 1.004
3815 1.000 1.007 1.004
3816 1.000 1.007 1.004
3817 1.000 1.007 1.004
3818 1.000 1.008 1.004
3819 1.000 1.008 1.004
3820 1.000 1.008 1.004
3821 1.000 1.008 1.004
3822 1.000 1.008 1.004
3823 1.000 1.008 1.004
3824 1.000 1.008 1.004
3825 1.000 1.008 1.004
3826 1.000 1.008 1.004
3827 1.000 1.008 1.004
3828 1.000 1.008 1.004
3829 1.000 1.008 1.004
3830 1.000 1.008 1.004
3831 1.000 1.008 1.004
3832 1.000 1.009 1.004
3833 1.000 1.009 1.004
3834 1.000 1.009 1.004
3835 1.000 1.009 1.004
3836 1.000 1.009 1.004
3837 1.000 1.009 1.004
3838 1.000 1.009 1.004
3839 1.000 1.009 1.004
3840 1.000 1.009 1.004
3841 1.000 1.009 1.004
3842 1.000 1.009 1.004
3843 1.000 1.009 1.004
3844 1.000 1.009 1.004
3845 1.000 1.009 1.004
3846 1.000 1.009 1.004
3847 1.000 1.009 1.004
3848 1.000 1.009 1.004
3849 1.000 1.009 1.004
3850 1.000 1.010 1.004
3851 1.000 1.010 1.004
3852 1.000 1.010 1.004
3853 1.000 1.010 1.004
3854 1.000 1.010 1.004
3855 1.000 1.010 1.004
3856 1.000 1.010 1.004
3857 1.000 1.010 1.004
3858 1.000 1.010 1.004
3859 1.000 1.010 1.004
3860 1.000 1.010 1.004
3861 1.000 1.010 1.004
3862 1.000 1.010 1.004
3863 1.000 1.010 1.004
3864 1.000 1.010 1.004
3865 1.000 1.010 1.004
3866 1.000 1.010 1.004
3867 1.000 1.010 1.005
3868 1.000 1.010 1.005
3869 1.000 1.010 1.005
3870 1.000 1.010 1.005
3871 1.000 1.010 1.005
3872 1.000 1.010 1.005
3873 1.000 1.010 1.005
3874 1.000 1.011 1.005
3875 1.000 1.011 1.005
3876 1.000 1.011 1.005
3877 1.000 1.011 1.005
3878 1.000 1.011 1.005
3879 1.000 1.011 1.005
3880 1.000 1.011 1.005
3881 1.000 1.011 1.005
3882 1.000 1.011 1.005
3883 1.000 1.011 1.005
3884 1.000 1.011 1.005
3885 1.000 1.011 1.005
3886 1.000 1.011 1.005
3887 1.000 1.011 1.005
3888 1.000 1.011 1.005
3889 1.000 1.011 1.005
3890 1.000 1.012 1.005
3891 1.000 1.012 1.005
3892 1.000 1.012 1.005
3893 1.000 1.012 1.005
3894 1.000 1.012 1.005
3895 1.000 1.012 1.006
3896 1.000 1.012 1.006
3897 1.000 1.012 1.006
3898 1.000 1.012 1.006
3899 1.000 1.012 1.006
3900 1.000 1.012 1.006
3901 1.000 1.012 1.006
3902 1.000 1.012 1.006
3903 1.000 1.012 1.006
3904 1.000 1.012 1.006
3905 1.000 1.012 1.006
3906 1.000 1.012 1.006
3907 1.000 1.012 1.006
3908 1.000 1.012 1.006
3909 1.000 1.012 1.006
3910 1.000 1.012 1.006
3911 1.000 1.012 1.006
3912 1.000 1.012 1.006
3913 1.000 1.012 1.006
3914 1.000 1.012 1.006
3915 1.000 1.012 1.006
3916 1.000 1.013 1.006
3917 1.000 1.013 1.007
3918 1.000 1.013 1.007
3919 1.000 1.013 1.007
3920 1.000 1.013 1.007
3921 1.000 1.013 1.007
3922 1.000 1.013 1.007
3923 1.000 1.013 1.007
3924 1.000 1.014 1.007
3925 1.000 1.014 1.007
3926 1.000 1.014 1.007
3927 1.000 1.014 1.008
3928 1.000 1.014 1.008
3929 1.000 1.014 1.008
3930 1.000 1.014 1.008
3931 1.000 1.014 1.008
3932 1.000 1.014 1.008
3933 1.000 1.015 1.008
3934 1.000 1.015 1.008
3935 1.000 1.015 1.008
3936 1.000 1.015 1.008
3937 1.000 1.015 1.008
3938 1.000 1.015 1.008
3939 1.000 1.016 1.009
3940 1.000 1.016 1.009
3941 1.000 1.016 1.009
3942 1.000 1.016 1.009
3943 1.000 1.016 1.009
3944 1.000 1.017 1.009
3945 1.000 1.017 1.009
3946 1.000 1.017 1.009
3947 1.000 1.017 1.009
3948 1.000 1.017 1.009
3949 1.000 1.017 1.009
3950 1.000 1.017 1.010
3951 1.000 1.018 1.010
3952 1.000 1.018 1.010
3953 1.000 1.018 1.010
3954 1.000 1.018 1.010
3955 1.000 1.018 1.010
3956 1.000 1.018 1.010
3957 1.000 1.018 1.010
3958 1.000 1.018 1.010
3959 1.000 1.018 1.010
3960 1.000 1.019 1.011
3961 1.000 1.019 1.011
3962 1.000 1.019 1.011
3963 1.000 1.019 1.012
3964 1.000 1.019 1.012
3965 1.000 1.019 1.012
3966 1.000 1.020 1.012
3967 1.000 1.020 1.012
3968 1.000 1.020 1.013
3969 1.000 1.020 1.013
3970 1.000 1.021 1.013
3971 1.000 1.021 1.013
3972 1.000 1.021 1.013
3973 1.000 1.021 1.013
3974 1.000 1.021 1.013
3975 1.000 1.022 1.013
3976 1.000 1.022 1.013
3977 1.000 1.022 1.014
3978 1.000 1.022 1.014
3979 1.000 1.022 1.014
3980 1.000 1.022 1.014
3981 1.000 1.023 1.014
3982 1.000 1.023 1.014
3983 1.000 1.024 1.014
3984 1.000 1.024 1.014
3985 1.000 1.024 1.014
3986 1.000 1.024 1.014
3987 1.000 1.024 1.015
3988 1.000 1.024 1.015
3989 1.000 1.024 1.015
3990 1.000 1.024 1.015
3991 1.000 1.024 1.015
3992 1.000 1.025 1.015
3993 1.000 1.025 1.015
3994 1.000 1.025 1.015
3995 1.000 1.025 1.015
3996 1.000 1.025 1.016
3997 1.000 1.025 1.016
3998 1.000 1.025 1.016
3999 1.000 1.025 1.016
4000 1.000 1.025 1.016
4001 1.000 1.025 1.016
4002 1.000 1.025 1.016
4003 1.000 1.025 1.016
4004 1.000 1.026 1.017
4005 1.000 1.026 1.017
4006 1.000 1.026 1.017
4007 1.000 1.026 1.017
4008 1.000 1.026 1.017
4009 1.000 1.026 1.017
4010 1.000 1.026 1.017
4011 1.000 1.026 1.017
4012 1.000 1.026 1.017
4013 1.000 1.027 1.017
4014 1.000 1.027 1.018
4015 1.000 1.027 1.018
4016 1.000 1.027 1.018
4017 1.000 1.027 1.018
4018 1.000 1.028 1.019
4019 1.000 1.028 1.019
4020 1.000 1.029 1.019
4021 1.000 1.029 1.019
4022 1.000 1.029 1.020
4023 1.000 1.029 1.022
4024 1.000 1.033 1.023
4025 1.000 1.034 1.024
4026 1.000 1.035 1.024
4027 1.000 1.036 1.025
4028 1.000 1.037 1.025
4029 1.000 1.037 1.027
4030 1.000 1.037 1.027
4031 1.000 1.037 1.029
4032 1.000 1.038 1.043
4033 1.000 1.048 1.048
