 accp4 accp4c accp4p
1 0.005 0.463 0.323
2 0.007 0.561 0.467
3 0.008 0.605 0.625
4 0.010 0.632 0.640
5 0.013 0.633 0.669
6 0.015 0.708 0.715
7 0.016 0.708 0.722
8 0.017 0.720 0.733
9 0.017 0.727 0.744
10 0.017 0.729 0.748
11 0.017 0.736 0.755
12 0.018 0.746 0.765
13 0.019 0.747 0.773
14 0.019 0.750 0.782
15 0.019 0.789 0.791
16 0.019 0.798 0.796
17 0.019 0.815 0.804
18 0.019 0.816 0.807
19 0.020 0.834 0.810
20 0.021 0.848 0.813
21 0.021 0.852 0.816
22 0.021 0.853 0.822
23 0.021 0.865 0.834
24 0.023 0.866 0.835
25 0.025 0.870 0.835
26 0.029 0.871 0.837
27 0.029 0.871 0.848
28 0.030 0.883 0.850
29 0.030 0.883 0.852
30 0.030 0.891 0.853
31 0.030 0.893 0.856
32 0.033 0.894 0.858
33 0.033 0.896 0.864
34 0.034 0.900 0.864
35 0.035 0.908 0.865
36 0.037 0.912 0.871
37 0.038 0.913 0.873
38 0.039 0.913 0.878
39 0.040 0.915 0.879
40 0.041 0.920 0.881
41 0.043 0.922 0.882
42 0.045 0.924 0.882
43 0.045 0.924 0.883
44 0.047 0.935 0.885
45 0.048 0.936 0.888
46 0.049 0.942 0.889
47 0.049 0.943 0.890
48 0.049 0.943 0.891
49 0.050 0.944 0.891
50 0.050 0.952 0.892
51 0.050 0.955 0.892
52 0.051 0.958 0.894
53 0.052 0.958 0.894
54 0.052 0.961 0.897
55 0.052 0.961 0.898
56 0.053 0.962 0.901
57 0.053 0.964 0.905
58 0.054 0.964 0.905
59 0.054 0.965 0.905
60 0.055 0.966 0.907
61 0.055 0.967 0.909
62 0.055 0.967 0.917
63 0.055 0.968 0.917
64 0.056 0.969 0.920
65 0.056 0.970 0.923
66 0.056 0.971 0.923
67 0.056 0.971 0.923
68 0.057 0.971 0.928
69 0.057 0.973 0.928
70 0.057 0.974 0.929
71 0.058 0.974 0.931
72 0.059 0.975 0.931
73 0.060 0.976 0.931
74 0.060 0.976 0.931
75 0.060 0.977 0.933
76 0.061 0.977 0.934
77 0.061 0.977 0.936
78 0.062 0.977 0.938
79 0.062 0.978 0.939
80 0.063 0.979 0.941
81 0.063 0.979 0.942
82 0.063 0.979 0.945
83 0.063 0.980 0.946
84 0.064 0.981 0.947
85 0.064 0.981 0.947
86 0.064 0.981 0.947
87 0.066 0.982 0.947
88 0.066 0.982 0.948
89 0.066 0.982 0.948
90 0.067 0.983 0.948
91 0.067 0.983 0.950
92 0.068 0.984 0.950
93 0.068 0.984 0.950
94 0.068 0.984 0.951
95 0.069 0.984 0.951
96 0.069 0.985 0.951
97 0.069 0.985 0.953
98 0.069 0.985 0.953
99 0.070 0.985 0.953
100 0.070 0.985 0.954
101 0.070 0.985 0.955
102 0.070 0.985 0.955
103 0.070 0.985 0.955
104 0.070 0.985 0.956
105 0.070 0.985 0.956
106 0.071 0.986 0.957
107 0.071 0.987 0.957
108 0.072 0.987 0.957
109 0.073 0.987 0.958
110 0.073 0.988 0.958
111 0.073 0.988 0.958
112 0.073 0.988 0.958
113 0.073 0.988 0.958
114 0.073 0.988 0.958
115 0.074 0.988 0.959
116 0.074 0.988 0.959
117 0.075 0.988 0.959
118 0.075 0.988 0.960
119 0.075 0.989 0.960
120 0.076 0.989 0.960
121 0.076 0.989 0.960
122 0.076 0.989 0.960
123 0.077 0.989 0.960
124 0.077 0.990 0.960
125 0.077 0.990 0.960
126 0.077 0.991 0.961
127 0.077 0.991 0.961
128 0.077 0.991 0.961
129 0.078 0.991 0.962
130 0.078 0.991 0.962
131 0.078 0.991 0.962
132 0.079 0.991 0.962
133 0.080 0.991 0.962
134 0.080 0.991 0.963
135 0.080 0.991 0.963
136 0.080 0.992 0.963
137 0.081 0.992 0.963
138 0.081 0.992 0.963
139 0.081 0.992 0.964
140 0.081 0.992 0.964
141 0.081 0.992 0.964
142 0.082 0.992 0.964
143 0.082 0.992 0.964
144 0.082 0.992 0.964
145 0.083 0.992 0.965
146 0.083 0.992 0.965
147 0.083 0.993 0.965
148 0.083 0.993 0.965
149 0.084 0.993 0.966
150 0.084 0.993 0.966
151 0.084 0.993 0.966
152 0.085 0.993 0.966
153 0.085 0.993 0.966
154 0.085 0.993 0.966
155 0.086 0.993 0.966
156 0.086 0.993 0.966
157 0.086 0.993 0.967
158 0.086 0.993 0.967
159 0.086 0.993 0.967
160 0.087 0.993 0.967
161 0.087 0.993 0.968
162 0.087 0.993 0.968
163 0.087 0.993 0.968
164 0.087 0.993 0.968
165 0.087 0.993 0.969
166 0.087 0.993 0.969
167 0.087 0.994 0.969
168 0.087 0.994 0.969
169 0.088 0.994 0.970
170 0.088 0.994 0.970
171 0.088 0.994 0.970
172 0.089 0.994 0.970
173 0.089 0.994 0.970
174 0.089 0.994 0.970
175 0.089 0.994 0.970
176 0.089 0.994 0.970
177 0.089 0.994 0.970
178 0.090 0.994 0.970
179 0.090 0.994 0.970
180 0.090 0.994 0.970
181 0.090 0.994 0.970
182 0.091 0.994 0.970
183 0.091 0.994 0.970
184 0.091 0.994 0.970
185 0.091 0.995 0.970
186 0.092 0.995 0.970
187 0.092 0.995 0.970
188 0.093 0.995 0.970
189 0.093 0.995 0.970
190 0.093 0.995 0.971
191 0.093 0.995 0.971
192 0.093 0.995 0.971
193 0.093 0.995 0.971
194 0.094 0.995 0.971
195 0.094 0.995 0.971
196 0.094 0.995 0.971
197 0.094 0.995 0.971
198 0.095 0.995 0.971
199 0.095 0.995 0.971
200 0.095 0.995 0.971
201 0.095 0.995 0.971
202 0.095 0.995 0.971
203 0.096 0.995 0.971
204 0.096 0.995 0.971
205 0.096 0.995 0.971
206 0.096 0.995 0.971
207 0.096 0.995 0.971
208 0.096 0.995 0.971
209 0.096 0.995 0.972
210 0.097 0.995 0.972
211 0.097 0.996 0.972
212 0.097 0.996 0.972
213 0.097 0.996 0.972
214 0.097 0.996 0.972
215 0.097 0.996 0.972
216 0.097 0.996 0.972
217 0.097 0.996 0.972
218 0.097 0.996 0.972
219 0.097 0.996 0.972
220 0.097 0.996 0.972
221 0.098 0.996 0.972
222 0.098 0.996 0.972
223 0.098 0.996 0.972
224 0.098 0.996 0.972
225 0.098 0.996 0.972
226 0.098 0.996 0.972
227 0.098 0.996 0.972
228 0.098 0.996 0.972
229 0.098 0.996 0.972
230 0.098 0.996 0.972
231 0.099 0.996 0.972
232 0.099 0.996 0.972
233 0.100 0.996 0.972
234 0.100 0.996 0.972
235 0.100 0.996 0.973
236 0.100 0.996 0.973
237 0.101 0.996 0.973
238 0.101 0.996 0.973
239 0.101 0.996 0.973
240 0.101 0.996 0.973
241 0.101 0.997 0.973
242 0.101 0.997 0.973
243 0.101 0.997 0.973
244 0.102 0.997 0.973
245 0.102 0.997 0.973
246 0.102 0.997 0.973
247 0.102 0.997 0.973
248 0.102 0.997 0.973
249 0.102 0.997 0.974
250 0.102 0.997 0.974
251 0.102 0.997 0.974
252 0.102 0.997 0.974
253 0.102 0.997 0.974
254 0.102 0.997 0.974
255 0.103 0.997 0.974
256 0.103 0.997 0.974
257 0.103 0.997 0.974
258 0.103 0.997 0.974
259 0.103 0.997 0.974
260 0.103 0.997 0.974
261 0.103 0.997 0.975
262 0.103 0.997 0.975
263 0.103 0.997 0.975
264 0.103 0.997 0.975
265 0.103 0.997 0.975
266 0.104 0.997 0.975
267 0.104 0.997 0.976
268 0.104 0.997 0.976
269 0.104 0.997 0.976
270 0.104 0.997 0.976
271 0.104 0.997 0.976
272 0.104 0.997 0.976
273 0.105 0.997 0.976
274 0.105 0.997 0.976
275 0.105 0.997 0.976
276 0.105 0.997 0.977
277 0.105 0.997 0.977
278 0.106 0.997 0.977
279 0.106 0.997 0.977
280 0.106 0.997 0.977
281 0.106 0.997 0.977
282 0.106 0.997 0.977
283 0.106 0.997 0.977
284 0.107 0.997 0.977
285 0.107 0.997 0.978
286 0.107 0.997 0.978
287 0.107 0.997 0.978
288 0.108 0.997 0.978
289 0.108 0.997 0.978
290 0.108 0.997 0.979
291 0.108 0.997 0.979
292 0.108 0.997 0.979
293 0.108 0.997 0.979
294 0.109 0.997 0.979
295 0.109 0.997 0.979
296 0.109 0.998 0.979
297 0.109 0.998 0.979
298 0.109 0.998 0.979
299 0.109 0.998 0.979
300 0.109 0.998 0.979
301 0.109 0.998 0.979
302 0.110 0.998 0.980
303 0.110 0.998 0.980
304 0.110 0.998 0.980
305 0.110 0.998 0.980
306 0.110 0.998 0.980
307 0.110 0.998 0.980
308 0.111 0.998 0.980
309 0.111 0.998 0.980
310 0.111 0.998 0.980
311 0.111 0.998 0.980
312 0.111 0.998 0.980
313 0.112 0.998 0.980
314 0.112 0.998 0.980
315 0.112 0.998 0.980
316 0.112 0.998 0.980
317 0.112 0.998 0.980
318 0.112 0.998 0.981
319 0.112 0.998 0.981
320 0.112 0.998 0.981
321 0.113 0.998 0.981
322 0.113 0.998 0.981
323 0.113 0.998 0.981
324 0.113 0.998 0.981
325 0.113 0.998 0.981
326 0.113 0.998 0.981
327 0.113 0.998 0.981
328 0.113 0.998 0.981
329 0.113 0.998 0.981
330 0.113 0.998 0.981
331 0.113 0.998 0.982
332 0.114 0.998 0.982
333 0.114 0.998 0.982
334 0.114 0.998 0.982
335 0.114 0.998 0.982
336 0.115 0.998 0.982
337 0.115 0.998 0.982
338 0.115 0.998 0.982
339 0.115 0.998 0.982
340 0.115 0.998 0.982
341 0.115 0.998 0.982
342 0.115 0.998 0.982
343 0.115 0.998 0.982
344 0.115 0.998 0.982
345 0.115 0.998 0.982
346 0.115 0.998 0.982
347 0.116 0.998 0.982
348 0.116 0.998 0.982
349 0.116 0.998 0.982
350 0.116 0.998 0.982
351 0.117 0.998 0.983
352 0.117 0.998 0.983
353 0.117 0.998 0.983
354 0.117 0.998 0.983
355 0.117 0.998 0.983
356 0.117 0.998 0.983
357 0.117 0.998 0.983
358 0.117 0.998 0.983
359 0.118 0.998 0.983
360 0.118 0.998 0.983
361 0.118 0.998 0.983
362 0.118 0.998 0.983
363 0.118 0.998 0.983
364 0.118 0.998 0.983
365 0.119 0.998 0.983
366 0.119 0.998 0.983
367 0.119 0.998 0.983
368 0.119 0.998 0.983
369 0.119 0.998 0.983
370 0.119 0.998 0.983
371 0.120 0.998 0.983
372 0.120 0.998 0.983
373 0.120 0.998 0.984
374 0.120 0.998 0.984
375 0.120 0.998 0.984
376 0.120 0.998 0.984
377 0.120 0.998 0.984
378 0.120 0.998 0.984
379 0.120 0.998 0.984
380 0.120 0.998 0.984
381 0.120 0.998 0.984
382 0.120 0.998 0.984
383 0.120 0.998 0.984
384 0.121 0.998 0.984
385 0.121 0.998 0.984
386 0.121 0.998 0.984
387 0.121 0.998 0.984
388 0.122 0.998 0.984
389 0.122 0.998 0.984
390 0.122 0.998 0.984
391 0.122 0.998 0.984
392 0.122 0.998 0.984
393 0.122 0.998 0.984
394 0.122 0.998 0.984
395 0.123 0.998 0.984
396 0.123 0.998 0.985
397 0.123 0.998 0.985
398 0.123 0.998 0.985
399 0.123 0.999 0.985
400 0.123 0.999 0.985
401 0.123 0.999 0.985
402 0.123 0.999 0.985
403 0.123 0.999 0.985
404 0.123 0.999 0.985
405 0.123 0.999 0.985
406 0.124 0.999 0.985
407 0.124 0.999 0.985
408 0.124 0.999 0.985
409 0.124 0.999 0.985
410 0.124 0.999 0.985
411 0.124 0.999 0.985
412 0.124 0.999 0.985
413 0.124 0.999 0.985
414 0.124 0.999 0.985
415 0.125 0.999 0.985
416 0.125 0.999 0.985
417 0.125 0.999 0.985
418 0.125 0.999 0.986
419 0.125 0.999 0.986
420 0.125 0.999 0.986
421 0.125 0.999 0.986
422 0.125 0.999 0.986
423 0.125 0.999 0.986
424 0.126 0.999 0.986
425 0.126 0.999 0.986
426 0.126 0.999 0.986
427 0.126 0.999 0.986
428 0.126 0.999 0.986
429 0.126 0.999 0.986
430 0.126 0.999 0.986
431 0.126 0.999 0.986
432 0.126 0.999 0.986
433 0.126 0.999 0.986
434 0.127 0.999 0.986
435 0.127 0.999 0.986
436 0.127 0.999 0.986
437 0.127 0.999 0.986
438 0.127 0.999 0.986
439 0.127 0.999 0.986
440 0.127 0.999 0.987
441 0.128 0.999 0.987
442 0.128 0.999 0.987
443 0.128 0.999 0.987
444 0.128 0.999 0.987
445 0.128 0.999 0.987
446 0.129 0.999 0.987
447 0.129 0.999 0.987
448 0.129 0.999 0.987
449 0.129 0.999 0.987
450 0.129 0.999 0.987
451 0.129 0.999 0.987
452 0.129 0.999 0.987
453 0.129 0.999 0.987
454 0.129 0.999 0.987
455 0.129 0.999 0.987
456 0.129 0.999 0.987
457 0.130 0.999 0.987
458 0.130 0.999 0.987
459 0.130 0.999 0.987
460 0.130 0.999 0.987
461 0.130 0.999 0.987
462 0.130 0.999 0.987
463 0.130 0.999 0.987
464 0.130 0.999 0.987
465 0.130 0.999 0.988
466 0.130 0.999 0.988
467 0.130 0.999 0.988
468 0.130 0.999 0.988
469 0.131 0.999 0.988
470 0.131 0.999 0.988
471 0.131 0.999 0.988
472 0.131 0.999 0.988
473 0.131 0.999 0.988
474 0.131 0.999 0.988
475 0.131 0.999 0.988
476 0.131 0.999 0.988
477 0.131 0.999 0.988
478 0.132 0.999 0.988
479 0.132 0.999 0.988
480 0.132 0.999 0.988
481 0.132 0.999 0.988
482 0.132 0.999 0.988
483 0.132 0.999 0.989
484 0.132 0.999 0.989
485 0.132 0.999 0.989
486 0.132 0.999 0.989
487 0.132 0.999 0.989
488 0.133 0.999 0.989
489 0.133 0.999 0.989
490 0.133 0.999 0.989
491 0.133 0.999 0.989
492 0.133 0.999 0.989
493 0.133 0.999 0.989
494 0.133 0.999 0.989
495 0.133 0.999 0.989
496 0.133 0.999 0.989
497 0.134 0.999 0.989
498 0.134 0.999 0.989
499 0.134 0.999 0.989
500 0.134 0.999 0.989
501 0.134 0.999 0.989
502 0.134 0.999 0.989
503 0.135 0.999 0.989
504 0.135 0.999 0.989
505 0.135 0.999 0.989
506 0.135 0.999 0.989
507 0.135 0.999 0.990
508 0.135 0.999 0.990
509 0.135 0.999 0.990
510 0.135 0.999 0.990
511 0.136 0.999 0.990
512 0.136 0.999 0.990
513 0.136 0.999 0.990
514 0.136 0.999 0.990
515 0.136 0.999 0.990
516 0.136 0.999 0.990
517 0.136 0.999 0.990
518 0.136 0.999 0.990
519 0.136 0.999 0.990
520 0.136 0.999 0.990
521 0.136 0.999 0.990
522 0.136 0.999 0.990
523 0.136 0.999 0.990
524 0.136 0.999 0.990
525 0.136 0.999 0.990
526 0.137 0.999 0.990
527 0.137 0.999 0.990
528 0.138 0.999 0.990
529 0.138 0.999 0.990
530 0.138 0.999 0.990
531 0.138 0.999 0.991
532 0.138 0.999 0.991
533 0.138 0.999 0.991
534 0.139 0.999 0.991
535 0.139 0.999 0.991
536 0.139 0.999 0.991
537 0.139 0.999 0.991
538 0.140 0.999 0.991
539 0.140 0.999 0.991
540 0.140 0.999 0.991
541 0.140 0.999 0.991
542 0.140 0.999 0.991
543 0.140 0.999 0.991
544 0.140 0.999 0.991
545 0.140 0.999 0.991
546 0.141 0.999 0.991
547 0.141 0.999 0.991
548 0.141 0.999 0.991
549 0.141 0.999 0.991
550 0.141 0.999 0.991
551 0.142 0.999 0.991
552 0.142 0.999 0.991
553 0.142 0.999 0.991
554 0.142 0.999 0.991
555 0.142 0.999 0.991
556 0.142 0.999 0.991
557 0.143 0.999 0.991
558 0.143 0.999 0.991
559 0.143 0.999 0.991
560 0.143 0.999 0.991
561 0.143 0.999 0.991
562 0.143 0.999 0.991
563 0.143 0.999 0.991
564 0.144 0.999 0.991
565 0.144 0.999 0.991
566 0.144 0.999 0.991
567 0.144 0.999 0.992
568 0.144 0.999 0.992
569 0.144 0.999 0.992
570 0.144 0.999 0.992
571 0.145 0.999 0.992
572 0.145 0.999 0.992
573 0.145 0.999 0.992
574 0.145 0.999 0.992
575 0.145 0.999 0.992
576 0.145 0.999 0.992
577 0.145 0.999 0.992
578 0.145 0.999 0.992
579 0.145 0.999 0.992
580 0.146 0.999 0.992
581 0.146 0.999 0.992
582 0.146 0.999 0.992
583 0.146 0.999 0.992
584 0.146 0.999 0.992
585 0.146 0.999 0.992
586 0.147 0.999 0.992
587 0.147 0.999 0.992
588 0.147 0.999 0.992
589 0.147 0.999 0.992
590 0.147 0.999 0.992
591 0.147 0.999 0.992
592 0.147 0.999 0.992
593 0.147 0.999 0.992
594 0.147 0.999 0.992
595 0.147 0.999 0.992
596 0.147 0.999 0.992
597 0.148 0.999 0.993
598 0.148 0.999 0.993
599 0.148 0.999 0.993
600 0.148 0.999 0.993
601 0.148 0.999 0.993
602 0.149 0.999 0.993
603 0.149 0.999 0.993
604 0.149 0.999 0.993
605 0.149 0.999 0.993
606 0.149 0.999 0.993
607 0.149 0.999 0.993
608 0.149 0.999 0.993
609 0.149 0.999 0.993
610 0.149 0.999 0.993
611 0.150 0.999 0.993
612 0.150 0.999 0.993
613 0.150 0.999 0.993
614 0.150 0.999 0.993
615 0.150 0.999 0.993
616 0.150 0.999 0.993
617 0.150 0.999 0.993
618 0.150 0.999 0.993
619 0.150 0.999 0.993
620 0.150 0.999 0.993
621 0.150 0.999 0.993
622 0.151 0.999 0.993
623 0.151 0.999 0.993
624 0.151 0.999 0.993
625 0.151 0.999 0.993
626 0.151 0.999 0.993
627 0.151 0.999 0.993
628 0.151 0.999 0.993
629 0.151 0.999 0.993
630 0.152 0.999 0.993
631 0.152 0.999 0.993
632 0.152 0.999 0.993
633 0.152 0.999 0.993
634 0.152 0.999 0.993
635 0.153 0.999 0.993
636 0.153 0.999 0.993
637 0.153 0.999 0.993
638 0.153 0.999 0.993
639 0.153 0.999 0.994
640 0.153 0.999 0.994
641 0.153 0.999 0.994
642 0.153 0.999 0.994
643 0.153 0.999 0.994
644 0.154 0.999 0.994
645 0.154 0.999 0.994
646 0.154 0.999 0.994
647 0.154 0.999 0.994
648 0.154 0.999 0.994
649 0.154 0.999 0.994
650 0.154 0.999 0.994
651 0.154 0.999 0.994
652 0.154 0.999 0.994
653 0.155 0.999 0.994
654 0.155 0.999 0.994
655 0.155 0.999 0.994
656 0.155 0.999 0.994
657 0.155 0.999 0.994
658 0.155 0.999 0.994
659 0.155 0.999 0.994
660 0.155 0.999 0.994
661 0.155 0.999 0.994
662 0.155 0.999 0.994
663 0.156 0.999 0.994
664 0.156 0.999 0.994
665 0.156 0.999 0.994
666 0.156 0.999 0.994
667 0.156 0.999 0.994
668 0.156 0.999 0.994
669 0.156 0.999 0.994
670 0.156 0.999 0.994
671 0.157 0.999 0.994
672 0.157 0.999 0.994
673 0.157 0.999 0.994
674 0.157 0.999 0.994
675 0.157 0.999 0.994
676 0.157 0.999 0.994
677 0.158 0.999 0.994
678 0.158 0.999 0.994
679 0.158 0.999 0.994
680 0.158 0.999 0.994
681 0.158 0.999 0.994
682 0.158 0.999 0.994
683 0.158 0.999 0.994
684 0.159 0.999 0.995
685 0.159 0.999 0.995
686 0.159 0.999 0.995
687 0.159 0.999 0.995
688 0.159 0.999 0.995
689 0.159 0.999 0.995
690 0.159 0.999 0.995
691 0.160 0.999 0.995
692 0.160 0.999 0.995
693 0.160 0.999 0.995
694 0.160 0.999 0.995
695 0.160 0.999 0.995
696 0.160 0.999 0.995
697 0.160 0.999 0.995
698 0.161 0.999 0.995
699 0.161 0.999 0.995
700 0.161 0.999 0.995
701 0.161 0.999 0.995
702 0.161 0.999 0.995
703 0.162 0.999 0.995
704 0.162 0.999 0.995
705 0.162 0.999 0.995
706 0.162 0.999 0.995
707 0.162 0.999 0.995
708 0.162 0.999 0.995
709 0.162 0.999 0.995
710 0.163 0.999 0.995
711 0.163 0.999 0.995
712 0.163 0.999 0.995
713 0.163 0.999 0.995
714 0.163 0.999 0.995
715 0.163 0.999 0.995
716 0.163 0.999 0.995
717 0.163 0.999 0.995
718 0.164 0.999 0.995
719 0.165 0.999 0.995
720 0.165 0.999 0.995
721 0.165 0.999 0.995
722 0.165 0.999 0.995
723 0.165 0.999 0.995
724 0.165 0.999 0.995
725 0.165 0.999 0.995
726 0.166 0.999 0.995
727 0.166 0.999 0.995
728 0.166 0.999 0.995
729 0.166 0.999 0.995
730 0.166 0.999 0.995
731 0.166 0.999 0.995
732 0.166 0.999 0.995
733 0.167 0.999 0.995
734 0.167 0.999 0.995
735 0.167 0.999 0.995
736 0.167 0.999 0.995
737 0.167 1.000 0.995
738 0.167 1.000 0.995
739 0.167 1.000 0.995
740 0.167 1.000 0.995
741 0.167 1.000 0.995
742 0.167 1.000 0.995
743 0.168 1.000 0.995
744 0.168 1.000 0.995
745 0.168 1.000 0.995
746 0.168 1.000 0.995
747 0.168 1.000 0.995
748 0.169 1.000 0.995
749 0.169 1.000 0.996
750 0.169 1.000 0.996
751 0.169 1.000 0.996
752 0.169 1.000 0.996
753 0.169 1.000 0.996
754 0.169 1.000 0.996
755 0.170 1.000 0.996
756 0.170 1.000 0.996
757 0.170 1.000 0.996
758 0.170 1.000 0.996
759 0.171 1.000 0.996
760 0.171 1.000 0.996
761 0.171 1.000 0.996
762 0.171 1.000 0.996
763 0.171 1.000 0.996
764 0.172 1.000 0.996
765 0.172 1.000 0.996
766 0.172 1.000 0.996
767 0.172 1.000 0.996
768 0.172 1.000 0.996
769 0.172 1.000 0.996
770 0.172 1.000 0.996
771 0.172 1.000 0.996
772 0.172 1.000 0.996
773 0.172 1.000 0.996
774 0.172 1.000 0.996
775 0.173 1.000 0.996
776 0.173 1.000 0.996
777 0.173 1.000 0.996
778 0.173 1.000 0.996
779 0.173 1.000 0.996
780 0.173 1.000 0.996
781 0.173 1.000 0.996
782 0.174 1.000 0.996
783 0.174 1.000 0.996
784 0.174 1.000 0.996
785 0.174 1.000 0.996
786 0.174 1.000 0.996
787 0.175 1.000 0.996
788 0.175 1.000 0.996
789 0.175 1.000 0.996
790 0.175 1.000 0.996
791 0.175 1.000 0.996
792 0.175 1.000 0.996
793 0.175 1.000 0.996
794 0.176 1.000 0.996
795 0.176 1.000 0.996
796 0.176 1.000 0.996
797 0.176 1.000 0.996
798 0.176 1.000 0.996
799 0.176 1.000 0.996
800 0.177 1.000 0.996
801 0.177 1.000 0.996
802 0.177 1.000 0.996
803 0.177 1.000 0.996
804 0.177 1.000 0.996
805 0.177 1.000 0.996
806 0.177 1.000 0.996
807 0.177 1.000 0.996
808 0.178 1.000 0.996
809 0.178 1.000 0.996
810 0.178 1.000 0.996
811 0.178 1.000 0.996
812 0.178 1.000 0.996
813 0.178 1.000 0.996
814 0.178 1.000 0.996
815 0.178 1.000 0.996
816 0.178 1.000 0.996
817 0.178 1.000 0.996
818 0.179 1.000 0.996
819 0.179 1.000 0.996
820 0.179 1.000 0.996
821 0.179 1.000 0.996
822 0.179 1.000 0.996
823 0.179 1.000 0.996
824 0.179 1.000 0.996
825 0.179 1.000 0.996
826 0.180 1.000 0.996
827 0.180 1.000 0.996
828 0.180 1.000 0.996
829 0.180 1.000 0.996
830 0.180 1.000 0.996
831 0.180 1.000 0.996
832 0.181 1.000 0.996
833 0.181 1.000 0.996
834 0.181 1.000 0.996
835 0.181 1.000 0.996
836 0.181 1.000 0.996
837 0.181 1.000 0.997
838 0.181 1.000 0.997
839 0.181 1.000 0.997
840 0.181 1.000 0.997
841 0.181 1.000 0.997
842 0.182 1.000 0.997
843 0.182 1.000 0.997
844 0.182 1.000 0.997
845 0.182 1.000 0.997
846 0.182 1.000 0.997
847 0.182 1.000 0.997
848 0.182 1.000 0.997
849 0.183 1.000 0.997
850 0.183 1.000 0.997
851 0.183 1.000 0.997
852 0.183 1.000 0.997
853 0.183 1.000 0.997
854 0.183 1.000 0.997
855 0.183 1.000 0.997
856 0.183 1.000 0.997
857 0.183 1.000 0.997
858 0.183 1.000 0.997
859 0.184 1.000 0.997
860 0.184 1.000 0.997
861 0.184 1.000 0.997
862 0.185 1.000 0.997
863 0.185 1.000 0.997
864 0.185 1.000 0.997
865 0.185 1.000 0.997
866 0.185 1.000 0.997
867 0.185 1.000 0.997
868 0.185 1.000 0.997
869 0.185 1.000 0.997
870 0.186 1.000 0.997
871 0.186 1.000 0.997
872 0.186 1.000 0.997
873 0.186 1.000 0.997
874 0.186 1.000 0.997
875 0.186 1.000 0.997
876 0.186 1.000 0.997
877 0.186 1.000 0.997
878 0.186 1.000 0.997
879 0.187 1.000 0.997
880 0.187 1.000 0.997
881 0.187 1.000 0.997
882 0.187 1.000 0.997
883 0.187 1.000 0.997
884 0.187 1.000 0.997
885 0.187 1.000 0.997
886 0.187 1.000 0.997
887 0.188 1.000 0.997
888 0.188 1.000 0.997
889 0.189 1.000 0.997
890 0.189 1.000 0.997
891 0.189 1.000 0.997
892 0.189 1.000 0.997
893 0.189 1.000 0.997
894 0.189 1.000 0.997
895 0.189 1.000 0.997
896 0.189 1.000 0.997
897 0.189 1.000 0.997
898 0.190 1.000 0.997
899 0.190 1.000 0.997
900 0.190 1.000 0.997
901 0.190 1.000 0.997
902 0.190 1.000 0.997
903 0.190 1.000 0.997
904 0.190 1.000 0.997
905 0.190 1.000 0.997
906 0.190 1.000 0.997
907 0.190 1.000 0.997
908 0.191 1.000 0.997
909 0.191 1.000 0.997
910 0.191 1.000 0.997
911 0.191 1.000 0.997
912 0.191 1.000 0.997
913 0.191 1.000 0.997
914 0.191 1.000 0.997
915 0.191 1.000 0.997
916 0.191 1.000 0.997
917 0.192 1.000 0.997
918 0.192 1.000 0.997
919 0.192 1.000 0.997
920 0.192 1.000 0.997
921 0.192 1.000 0.997
922 0.193 1.000 0.997
923 0.193 1.000 0.997
924 0.193 1.000 0.997
925 0.193 1.000 0.997
926 0.193 1.000 0.997
927 0.194 1.000 0.997
928 0.194 1.000 0.997
929 0.194 1.000 0.997
930 0.194 1.000 0.997
931 0.195 1.000 0.997
932 0.195 1.000 0.997
933 0.195 1.000 0.997
934 0.195 1.000 0.997
935 0.195 1.000 0.997
936 0.195 1.000 0.997
937 0.196 1.000 0.997
938 0.196 1.000 0.997
939 0.196 1.000 0.997
940 0.196 1.000 0.997
941 0.196 1.000 0.997
942 0.196 1.000 0.997
943 0.196 1.000 0.997
944 0.197 1.000 0.997
945 0.197 1.000 0.997
946 0.197 1.000 0.997
947 0.198 1.000 0.997
948 0.198 1.000 0.997
949 0.198 1.000 0.997
950 0.198 1.000 0.997
951 0.198 1.000 0.997
952 0.198 1.000 0.998
953 0.198 1.000 0.998
954 0.198 1.000 0.998
955 0.198 1.000 0.998
956 0.199 1.000 0.998
957 0.199 1.000 0.998
958 0.199 1.000 0.998
959 0.199 1.000 0.998
960 0.199 1.000 0.998
961 0.199 1.000 0.998
962 0.199 1.000 0.998
963 0.199 1.000 0.998
964 0.199 1.000 0.998
965 0.199 1.000 0.998
966 0.199 1.000 0.998
967 0.199 1.000 0.998
968 0.199 1.000 0.998
969 0.199 1.000 0.998
970 0.200 1.000 0.998
971 0.200 1.000 0.998
972 0.200 1.000 0.998
973 0.200 1.000 0.998
974 0.200 1.000 0.998
975 0.200 1.000 0.998
976 0.201 1.000 0.998
977 0.201 1.000 0.998
978 0.201 1.000 0.998
979 0.202 1.000 0.998
980 0.202 1.000 0.998
981 0.202 1.000 0.998
982 0.202 1.000 0.998
983 0.202 1.000 0.998
984 0.202 1.000 0.998
985 0.202 1.000 0.998
986 0.202 1.000 0.998
987 0.202 1.000 0.998
988 0.202 1.000 0.998
989 0.202 1.000 0.998
990 0.202 1.000 0.998
991 0.202 1.000 0.998
992 0.202 1.000 0.998
993 0.203 1.000 0.998
994 0.203 1.000 0.998
995 0.203 1.000 0.998
996 0.203 1.000 0.998
997 0.203 1.000 0.998
998 0.203 1.000 0.998
999 0.203 1.000 0.998
1000 0.203 1.000 0.998
1001 0.203 1.000 0.998
1002 0.203 1.000 0.998
1003 0.204 1.000 0.998
1004 0.204 1.000 0.998
1005 0.204 1.000 0.998
1006 0.204 1.000 0.998
1007 0.204 1.000 0.998
1008 0.204 1.000 0.998
1009 0.204 1.000 0.998
1010 0.204 1.000 0.998
1011 0.205 1.000 0.998
1012 0.205 1.000 0.998
1013 0.205 1.000 0.998
1014 0.205 1.000 0.998
1015 0.205 1.000 0.998
1016 0.205 1.000 0.998
1017 0.205 1.000 0.998
1018 0.205 1.000 0.998
1019 0.205 1.000 0.998
1020 0.206 1.000 0.998
1021 0.206 1.000 0.998
1022 0.206 1.000 0.998
1023 0.206 1.000 0.998
1024 0.206 1.000 0.998
1025 0.206 1.000 0.998
1026 0.206 1.000 0.998
1027 0.206 1.000 0.998
1028 0.206 1.000 0.998
1029 0.206 1.000 0.998
1030 0.207 1.000 0.998
1031 0.207 1.000 0.998
1032 0.207 1.000 0.998
1033 0.207 1.000 0.998
1034 0.207 1.000 0.998
1035 0.207 1.000 0.998
1036 0.207 1.000 0.998
1037 0.207 1.000 0.998
1038 0.207 1.000 0.998
1039 0.207 1.000 0.998
1040 0.207 1.000 0.998
1041 0.207 1.000 0.998
1042 0.207 1.000 0.998
1043 0.207 1.000 0.998
1044 0.207 1.000 0.998
1045 0.208 1.000 0.998
1046 0.208 1.000 0.998
1047 0.208 1.000 0.998
1048 0.208 1.000 0.998
1049 0.208 1.000 0.998
1050 0.208 1.000 0.998
1051 0.208 1.000 0.998
1052 0.208 1.000 0.998
1053 0.208 1.000 0.998
1054 0.208 1.000 0.998
1055 0.208 1.000 0.998
1056 0.208 1.000 0.998
1057 0.208 1.000 0.998
1058 0.208 1.000 0.998
1059 0.209 1.000 0.998
1060 0.209 1.000 0.998
1061 0.209 1.000 0.998
1062 0.209 1.000 0.998
1063 0.209 1.000 0.998
1064 0.209 1.000 0.998
1065 0.209 1.000 0.998
1066 0.209 1.000 0.998
1067 0.209 1.000 0.998
1068 0.209 1.000 0.998
1069 0.209 1.000 0.998
1070 0.209 1.000 0.998
1071 0.210 1.000 0.998
1072 0.210 1.000 0.998
1073 0.210 1.000 0.998
1074 0.210 1.000 0.998
1075 0.210 1.000 0.998
1076 0.210 1.000 0.998
1077 0.210 1.000 0.998
1078 0.210 1.000 0.998
1079 0.210 1.000 0.998
1080 0.211 1.000 0.998
1081 0.211 1.000 0.998
1082 0.211 1.000 0.998
1083 0.211 1.000 0.998
1084 0.211 1.000 0.998
1085 0.211 1.000 0.998
1086 0.211 1.000 0.998
1087 0.211 1.000 0.998
1088 0.211 1.000 0.998
1089 0.211 1.000 0.998
1090 0.211 1.000 0.998
1091 0.211 1.000 0.998
1092 0.211 1.000 0.998
1093 0.211 1.000 0.998
1094 0.211 1.000 0.998
1095 0.212 1.000 0.998
1096 0.212 1.000 0.998
1097 0.212 1.000 0.998
1098 0.212 1.000 0.998
1099 0.212 1.000 0.998
1100 0.212 1.000 0.998
1101 0.212 1.000 0.998
1102 0.212 1.000 0.998
1103 0.212 1.000 0.998
1104 0.212 1.000 0.998
1105 0.212 1.000 0.998
1106 0.213 1.000 0.998
1107 0.213 1.000 0.998
1108 0.213 1.000 0.998
1109 0.213 1.000 0.998
1110 0.213 1.000 0.998
1111 0.214 1.000 0.998
1112 0.214 1.000 0.998
1113 0.214 1.000 0.998
1114 0.214 1.000 0.998
1115 0.214 1.000 0.998
1116 0.214 1.000 0.998
1117 0.214 1.000 0.998
1118 0.214 1.000 0.998
1119 0.214 1.000 0.998
1120 0.214 1.000 0.998
1121 0.215 1.000 0.998
1122 0.215 1.000 0.998
1123 0.215 1.000 0.998
1124 0.215 1.000 0.998
1125 0.215 1.000 0.998
1126 0.215 1.000 0.998
1127 0.215 1.000 0.998
1128 0.215 1.000 0.998
1129 0.215 1.000 0.998
1130 0.215 1.000 0.998
1131 0.215 1.000 0.998
1132 0.215 1.000 0.998
1133 0.215 1.000 0.998
1134 0.215 1.000 0.998
1135 0.215 1.000 0.998
1136 0.216 1.000 0.998
1137 0.216 1.000 0.998
1138 0.216 1.000 0.998
1139 0.216 1.000 0.998
1140 0.216 1.000 0.998
1141 0.216 1.000 0.998
1142 0.216 1.000 0.998
1143 0.216 1.000 0.998
1144 0.216 1.000 0.998
1145 0.216 1.000 0.998
1146 0.216 1.000 0.998
1147 0.217 1.000 0.998
1148 0.217 1.000 0.998
1149 0.217 1.000 0.998
1150 0.217 1.000 0.998
1151 0.217 1.000 0.998
1152 0.217 1.000 0.998
1153 0.217 1.000 0.998
1154 0.217 1.000 0.998
1155 0.217 1.000 0.998
1156 0.218 1.000 0.998
1157 0.218 1.000 0.998
1158 0.218 1.000 0.998
1159 0.218 1.000 0.998
1160 0.218 1.000 0.998
1161 0.218 1.000 0.998
1162 0.218 1.000 0.998
1163 0.218 1.000 0.998
1164 0.218 1.000 0.998
1165 0.219 1.000 0.998
1166 0.219 1.000 0.998
1167 0.219 1.000 0.998
1168 0.219 1.000 0.998
1169 0.219 1.000 0.998
1170 0.219 1.000 0.998
1171 0.220 1.000 0.998
1172 0.220 1.000 0.998
1173 0.220 1.000 0.998
1174 0.220 1.000 0.998
1175 0.220 1.000 0.998
1176 0.220 1.000 0.998
1177 0.220 1.000 0.999
1178 0.220 1.000 0.999
1179 0.220 1.000 0.999
1180 0.220 1.000 0.999
1181 0.220 1.000 0.999
1182 0.220 1.000 0.999
1183 0.220 1.000 0.999
1184 0.220 1.000 0.999
1185 0.220 1.000 0.999
1186 0.221 1.000 0.999
1187 0.221 1.000 0.999
1188 0.221 1.000 0.999
1189 0.221 1.000 0.999
1190 0.221 1.000 0.999
1191 0.221 1.000 0.999
1192 0.221 1.000 0.999
1193 0.221 1.000 0.999
1194 0.221 1.000 0.999
1195 0.221 1.000 0.999
1196 0.222 1.000 0.999
1197 0.222 1.000 0.999
1198 0.222 1.000 0.999
1199 0.222 1.000 0.999
1200 0.222 1.000 0.999
1201 0.222 1.000 0.999
1202 0.222 1.000 0.999
1203 0.222 1.000 0.999
1204 0.222 1.000 0.999
1205 0.222 1.000 0.999
1206 0.222 1.000 0.999
1207 0.222 1.000 0.999
1208 0.222 1.000 0.999
1209 0.222 1.000 0.999
1210 0.222 1.000 0.999
1211 0.222 1.000 0.999
1212 0.223 1.000 0.999
1213 0.223 1.000 0.999
1214 0.223 1.000 0.999
1215 0.223 1.000 0.999
1216 0.223 1.000 0.999
1217 0.223 1.000 0.999
1218 0.223 1.000 0.999
1219 0.223 1.000 0.999
1220 0.223 1.000 0.999
1221 0.223 1.000 0.999
1222 0.223 1.000 0.999
1223 0.224 1.000 0.999
1224 0.224 1.000 0.999
1225 0.224 1.000 0.999
1226 0.224 1.000 0.999
1227 0.224 1.000 0.999
1228 0.224 1.000 0.999
1229 0.224 1.000 0.999
1230 0.224 1.000 0.999
1231 0.224 1.000 0.999
1232 0.224 1.000 0.999
1233 0.224 1.000 0.999
1234 0.224 1.000 0.999
1235 0.224 1.000 0.999
1236 0.225 1.000 0.999
1237 0.225 1.000 0.999
1238 0.225 1.000 0.999
1239 0.225 1.000 0.999
1240 0.225 1.000 0.999
1241 0.225 1.000 0.999
1242 0.225 1.000 0.999
1243 0.225 1.000 0.999
1244 0.225 1.000 0.999
1245 0.225 1.000 0.999
1246 0.225 1.000 0.999
1247 0.225 1.000 0.999
1248 0.225 1.000 0.999
1249 0.226 1.000 0.999
1250 0.226 1.000 0.999
1251 0.226 1.000 0.999
1252 0.226 1.000 0.999
1253 0.226 1.000 0.999
1254 0.226 1.000 0.999
1255 0.226 1.000 0.999
1256 0.226 1.000 0.999
1257 0.226 1.000 0.999
1258 0.226 1.000 0.999
1259 0.226 1.000 0.999
1260 0.226 1.000 0.999
1261 0.227 1.000 0.999
1262 0.227 1.000 0.999
1263 0.227 1.000 0.999
1264 0.227 1.000 0.999
1265 0.227 1.000 0.999
1266 0.227 1.000 0.999
1267 0.227 1.000 0.999
1268 0.227 1.000 0.999
1269 0.227 1.000 0.999
1270 0.227 1.000 0.999
1271 0.227 1.000 0.999
1272 0.227 1.000 0.999
1273 0.227 1.000 0.999
1274 0.228 1.000 0.999
1275 0.228 1.000 0.999
1276 0.228 1.000 0.999
1277 0.228 1.000 0.999
1278 0.228 1.000 0.999
1279 0.228 1.000 0.999
1280 0.228 1.000 0.999
1281 0.229 1.000 0.999
1282 0.229 1.000 0.999
1283 0.229 1.000 0.999
1284 0.229 1.000 0.999
1285 0.229 1.000 0.999
1286 0.229 1.000 0.999
1287 0.229 1.000 0.999
1288 0.229 1.000 0.999
1289 0.229 1.000 0.999
1290 0.230 1.000 0.999
1291 0.230 1.000 0.999
1292 0.230 1.000 0.999
1293 0.230 1.000 0.999
1294 0.230 1.000 0.999
1295 0.230 1.000 0.999
1296 0.230 1.000 0.999
1297 0.230 1.000 0.999
1298 0.230 1.000 0.999
1299 0.231 1.000 0.999
1300 0.231 1.000 0.999
1301 0.231 1.000 0.999
1302 0.231 1.000 0.999
1303 0.231 1.000 0.999
1304 0.231 1.000 0.999
1305 0.231 1.000 0.999
1306 0.231 1.000 0.999
1307 0.231 1.000 0.999
1308 0.231 1.000 0.999
1309 0.232 1.000 0.999
1310 0.232 1.000 0.999
1311 0.232 1.000 0.999
1312 0.232 1.000 0.999
1313 0.232 1.000 0.999
1314 0.232 1.000 0.999
1315 0.232 1.000 0.999
1316 0.233 1.000 0.999
1317 0.233 1.000 0.999
1318 0.233 1.000 0.999
1319 0.233 1.000 0.999
1320 0.233 1.000 0.999
1321 0.233 1.000 0.999
1322 0.233 1.000 0.999
1323 0.233 1.000 0.999
1324 0.233 1.000 0.999
1325 0.233 1.000 0.999
1326 0.233 1.000 0.999
1327 0.233 1.000 0.999
1328 0.233 1.000 0.999
1329 0.234 1.000 0.999
1330 0.234 1.000 0.999
1331 0.234 1.000 0.999
1332 0.234 1.000 0.999
1333 0.234 1.000 0.999
1334 0.234 1.000 0.999
1335 0.234 1.000 0.999
1336 0.234 1.000 0.999
1337 0.234 1.000 0.999
1338 0.234 1.000 0.999
1339 0.234 1.000 0.999
1340 0.234 1.000 0.999
1341 0.234 1.000 0.999
1342 0.235 1.000 0.999
1343 0.235 1.000 0.999
1344 0.235 1.000 0.999
1345 0.235 1.000 0.999
1346 0.235 1.000 0.999
1347 0.235 1.000 0.999
1348 0.235 1.000 0.999
1349 0.235 1.000 0.999
1350 0.235 1.000 0.999
1351 0.235 1.000 0.999
1352 0.235 1.000 0.999
1353 0.235 1.000 0.999
1354 0.235 1.000 0.999
1355 0.236 1.000 0.999
1356 0.236 1.000 0.999
1357 0.236 1.000 0.999
1358 0.236 1.000 0.999
1359 0.236 1.000 0.999
1360 0.236 1.000 0.999
1361 0.236 1.000 0.999
1362 0.236 1.000 0.999
1363 0.236 1.000 0.999
1364 0.236 1.000 0.999
1365 0.236 1.000 0.999
1366 0.236 1.000 0.999
1367 0.236 1.000 0.999
1368 0.237 1.000 0.999
1369 0.237 1.000 0.999
1370 0.237 1.000 0.999
1371 0.237 1.000 0.999
1372 0.237 1.000 0.999
1373 0.237 1.000 0.999
1374 0.237 1.000 0.999
1375 0.237 1.000 0.999
1376 0.237 1.000 0.999
1377 0.237 1.000 0.999
1378 0.237 1.000 0.999
1379 0.237 1.000 0.999
1380 0.237 1.000 0.999
1381 0.237 1.000 0.999
1382 0.237 1.000 0.999
1383 0.238 1.000 0.999
1384 0.238 1.000 0.999
1385 0.238 1.000 0.999
1386 0.238 1.000 0.999
1387 0.238 1.000 0.999
1388 0.238 1.000 0.999
1389 0.238 1.000 0.999
1390 0.238 1.000 0.999
1391 0.238 1.000 0.999
1392 0.238 1.000 0.999
1393 0.238 1.000 0.999
1394 0.238 1.000 0.999
1395 0.238 1.000 0.999
1396 0.238 1.000 0.999
1397 0.238 1.000 0.999
1398 0.239 1.000 0.999
1399 0.239 1.000 0.999
1400 0.239 1.000 0.999
1401 0.239 1.000 0.999
1402 0.239 1.000 0.999
1403 0.239 1.000 0.999
1404 0.239 1.000 0.999
1405 0.239 1.000 0.999
1406 0.239 1.000 0.999
1407 0.239 1.000 0.999
1408 0.239 1.000 0.999
1409 0.239 1.000 0.999
1410 0.239 1.000 0.999
1411 0.239 1.000 0.999
1412 0.239 1.000 0.999
1413 0.239 1.000 0.999
1414 0.240 1.000 0.999
1415 0.240 1.000 0.999
1416 0.240 1.000 0.999
1417 0.240 1.000 0.999
1418 0.240 1.000 0.999
1419 0.240 1.000 0.999
1420 0.240 1.000 0.999
1421 0.240 1.000 0.999
1422 0.240 1.000 0.999
1423 0.240 1.000 0.999
1424 0.240 1.000 0.999
1425 0.241 1.000 0.999
1426 0.241 1.000 0.999
1427 0.241 1.000 0.999
1428 0.241 1.000 0.999
1429 0.241 1.000 0.999
1430 0.241 1.000 0.999
1431 0.241 1.000 0.999
1432 0.241 1.000 0.999
1433 0.241 1.000 0.999
1434 0.241 1.000 0.999
1435 0.241 1.000 0.999
1436 0.241 1.000 0.999
1437 0.241 1.000 0.999
1438 0.242 1.000 0.999
1439 0.242 1.000 0.999
1440 0.242 1.000 0.999
1441 0.242 1.000 0.999
1442 0.242 1.000 0.999
1443 0.242 1.000 0.999
1444 0.242 1.000 0.999
1445 0.242 1.000 0.999
1446 0.242 1.000 0.999
1447 0.242 1.000 0.999
1448 0.242 1.000 0.999
1449 0.242 1.000 0.999
1450 0.242 1.000 0.999
1451 0.242 1.000 0.999
1452 0.242 1.000 0.999
1453 0.242 1.000 0.999
1454 0.242 1.000 0.999
1455 0.242 1.000 0.999
1456 0.242 1.000 0.999
1457 0.243 1.000 0.999
1458 0.243 1.000 0.999
1459 0.243 1.000 0.999
1460 0.243 1.000 0.999
1461 0.243 1.000 0.999
1462 0.243 1.000 0.999
1463 0.243 1.000 0.999
1464 0.243 1.000 0.999
1465 0.243 1.000 0.999
1466 0.243 1.000 0.999
1467 0.243 1.000 0.999
1468 0.243 1.000 0.999
1469 0.243 1.000 0.999
1470 0.243 1.000 0.999
1471 0.243 1.000 0.999
1472 0.244 1.000 0.999
1473 0.244 1.000 0.999
1474 0.244 1.000 0.999
1475 0.244 1.000 0.999
1476 0.244 1.000 0.999
1477 0.244 1.000 0.999
1478 0.244 1.000 0.999
1479 0.244 1.000 0.999
1480 0.244 1.000 0.999
1481 0.244 1.000 0.999
1482 0.245 1.000 0.999
1483 0.245 1.000 0.999
1484 0.245 1.000 0.999
1485 0.245 1.000 0.999
1486 0.245 1.000 0.999
1487 0.245 1.000 0.999
1488 0.245 1.000 0.999
1489 0.245 1.000 0.999
1490 0.245 1.000 0.999
1491 0.245 1.000 0.999
1492 0.245 1.000 0.999
1493 0.245 1.000 0.999
1494 0.246 1.000 0.999
1495 0.246 1.000 0.999
1496 0.246 1.000 0.999
1497 0.246 1.000 0.999
1498 0.246 1.000 0.999
1499 0.246 1.000 0.999
1500 0.246 1.000 0.999
1501 0.246 1.000 0.999
1502 0.246 1.000 0.999
1503 0.246 1.000 0.999
1504 0.247 1.000 0.999
1505 0.247 1.000 0.999
1506 0.247 1.000 0.999
1507 0.247 1.000 0.999
1508 0.247 1.000 0.999
1509 0.247 1.000 0.999
1510 0.247 1.000 0.999
1511 0.247 1.000 0.999
1512 0.247 1.000 0.999
1513 0.248 1.000 0.999
1514 0.248 1.000 0.999
1515 0.248 1.000 0.999
1516 0.248 1.000 0.999
1517 0.248 1.000 0.999
1518 0.248 1.000 0.999
1519 0.248 1.000 0.999
1520 0.248 1.000 0.999
1521 0.248 1.000 0.999
1522 0.249 1.000 0.999
1523 0.249 1.000 0.999
1524 0.249 1.000 0.999
1525 0.249 1.000 0.999
1526 0.249 1.000 0.999
1527 0.249 1.000 0.999
1528 0.249 1.000 0.999
1529 0.249 1.000 0.999
1530 0.249 1.000 0.999
1531 0.250 1.000 0.999
1532 0.250 1.000 0.999
1533 0.250 1.000 0.999
1534 0.250 1.000 0.999
1535 0.250 1.000 0.999
1536 0.250 1.000 0.999
1537 0.250 1.000 0.999
1538 0.250 1.000 0.999
1539 0.251 1.000 0.999
1540 0.251 1.000 0.999
1541 0.251 1.000 0.999
1542 0.251 1.000 0.999
1543 0.251 1.000 0.999
1544 0.251 1.000 0.999
1545 0.251 1.000 0.999
1546 0.251 1.000 0.999
1547 0.251 1.000 0.999
1548 0.251 1.000 0.999
1549 0.251 1.000 0.999
1550 0.251 1.000 0.999
1551 0.251 1.000 0.999
1552 0.251 1.000 0.999
1553 0.251 1.000 0.999
1554 0.251 1.000 0.999
1555 0.251 1.000 0.999
1556 0.252 1.000 0.999
1557 0.252 1.000 0.999
1558 0.252 1.000 0.999
1559 0.252 1.000 0.999
1560 0.252 1.000 0.999
1561 0.252 1.000 0.999
1562 0.252 1.000 0.999
1563 0.252 1.000 0.999
1564 0.252 1.000 0.999
1565 0.252 1.000 0.999
1566 0.252 1.000 0.999
1567 0.252 1.000 0.999
1568 0.252 1.000 0.999
1569 0.252 1.000 0.999
1570 0.253 1.000 0.999
1571 0.253 1.000 0.999
1572 0.253 1.000 0.999
1573 0.253 1.000 0.999
1574 0.253 1.000 0.999
1575 0.253 1.000 0.999
1576 0.253 1.000 0.999
1577 0.253 1.000 0.999
1578 0.253 1.000 0.999
1579 0.253 1.000 0.999
1580 0.253 1.000 0.999
1581 0.253 1.000 0.999
1582 0.253 1.000 0.999
1583 0.253 1.000 0.999
1584 0.254 1.000 0.999
1585 0.254 1.000 0.999
1586 0.254 1.000 0.999
1587 0.254 1.000 0.999
1588 0.254 1.000 0.999
1589 0.254 1.000 0.999
1590 0.254 1.000 0.999
1591 0.254 1.000 0.999
1592 0.254 1.000 0.999
1593 0.254 1.000 0.999
1594 0.255 1.000 0.999
1595 0.255 1.000 0.999
1596 0.255 1.000 0.999
1597 0.255 1.000 0.999
1598 0.255 1.000 0.999
1599 0.255 1.000 0.999
1600 0.255 1.000 0.999
1601 0.255 1.000 0.999
1602 0.255 1.000 0.999
1603 0.255 1.000 0.999
1604 0.255 1.000 0.999
1605 0.255 1.000 0.999
1606 0.255 1.000 0.999
1607 0.255 1.000 0.999
1608 0.255 1.000 0.999
1609 0.255 1.000 0.999
1610 0.256 1.000 0.999
1611 0.256 1.000 0.999
1612 0.256 1.000 0.999
1613 0.256 1.000 0.999
1614 0.256 1.000 0.999
1615 0.256 1.000 0.999
1616 0.256 1.000 0.999
1617 0.256 1.000 0.999
1618 0.256 1.000 0.999
1619 0.256 1.000 0.999
1620 0.256 1.000 0.999
1621 0.256 1.000 0.999
1622 0.257 1.000 0.999
1623 0.257 1.000 0.999
1624 0.257 1.000 0.999
1625 0.257 1.000 0.999
1626 0.257 1.000 0.999
1627 0.257 1.000 0.999
1628 0.257 1.000 0.999
1629 0.257 1.000 0.999
1630 0.257 1.000 0.999
1631 0.257 1.000 0.999
1632 0.257 1.000 0.999
1633 0.257 1.000 0.999
1634 0.257 1.000 0.999
1635 0.257 1.000 0.999
1636 0.257 1.000 0.999
1637 0.257 1.000 0.999
1638 0.258 1.000 0.999
1639 0.258 1.000 0.999
1640 0.258 1.000 0.999
1641 0.258 1.000 0.999
1642 0.258 1.000 0.999
1643 0.259 1.000 0.999
1644 0.259 1.000 0.999
1645 0.259 1.000 0.999
1646 0.259 1.000 0.999
1647 0.259 1.000 0.999
1648 0.259 1.000 0.999
1649 0.259 1.000 0.999
1650 0.259 1.000 0.999
1651 0.259 1.000 0.999
1652 0.260 1.000 0.999
1653 0.260 1.000 0.999
1654 0.260 1.000 0.999
1655 0.260 1.000 0.999
1656 0.260 1.000 0.999
1657 0.260 1.000 0.999
1658 0.260 1.000 0.999
1659 0.260 1.000 0.999
1660 0.260 1.000 0.999
1661 0.260 1.000 0.999
1662 0.260 1.000 0.999
1663 0.261 1.000 0.999
1664 0.261 1.000 0.999
1665 0.261 1.000 0.999
1666 0.261 1.000 0.999
1667 0.261 1.000 0.999
1668 0.261 1.000 0.999
1669 0.261 1.000 0.999
1670 0.261 1.000 0.999
1671 0.261 1.000 0.999
1672 0.261 1.000 0.999
1673 0.261 1.000 0.999
1674 0.262 1.000 0.999
1675 0.262 1.000 0.999
1676 0.262 1.000 0.999
1677 0.262 1.000 0.999
1678 0.262 1.000 0.999
1679 0.262 1.000 0.999
1680 0.262 1.000 0.999
1681 0.262 1.000 0.999
1682 0.262 1.000 0.999
1683 0.262 1.000 0.999
1684 0.262 1.000 0.999
1685 0.262 1.000 0.999
1686 0.263 1.000 0.999
1687 0.263 1.000 0.999
1688 0.263 1.000 0.999
1689 0.263 1.000 0.999
1690 0.263 1.000 0.999
1691 0.263 1.000 0.999
1692 0.263 1.000 0.999
1693 0.263 1.000 0.999
1694 0.263 1.000 0.999
1695 0.263 1.000 0.999
1696 0.263 1.000 0.999
1697 0.263 1.000 0.999
1698 0.263 1.000 0.999
1699 0.264 1.000 0.999
1700 0.264 1.000 0.999
1701 0.264 1.000 0.999
1702 0.264 1.000 0.999
1703 0.264 1.000 0.999
1704 0.264 1.000 1.000
1705 0.264 1.000 1.000
1706 0.264 1.000 1.000
1707 0.264 1.000 1.000
1708 0.264 1.000 1.000
1709 0.264 1.000 1.000
1710 0.264 1.000 1.000
1711 0.264 1.000 1.000
1712 0.264 1.000 1.000
1713 0.264 1.000 1.000
1714 0.264 1.000 1.000
1715 0.264 1.000 1.000
1716 0.265 1.000 1.000
1717 0.265 1.000 1.000
1718 0.265 1.000 1.000
1719 0.265 1.000 1.000
1720 0.265 1.000 1.000
1721 0.265 1.000 1.000
1722 0.265 1.000 1.000
1723 0.265 1.000 1.000
1724 0.265 1.000 1.000
1725 0.265 1.000 1.000
1726 0.265 1.000 1.000
1727 0.265 1.000 1.000
1728 0.265 1.000 1.000
1729 0.265 1.000 1.000
1730 0.265 1.000 1.000
1731 0.265 1.000 1.000
1732 0.265 1.000 1.000
1733 0.266 1.000 1.000
1734 0.266 1.000 1.000
1735 0.266 1.000 1.000
1736 0.266 1.000 1.000
1737 0.266 1.000 1.000
1738 0.266 1.000 1.000
1739 0.266 1.000 1.000
1740 0.266 1.000 1.000
1741 0.266 1.000 1.000
1742 0.266 1.000 1.000
1743 0.266 1.000 1.000
1744 0.266 1.000 1.000
1745 0.267 1.000 1.000
1746 0.267 1.000 1.000
1747 0.267 1.000 1.000
1748 0.267 1.000 1.000
1749 0.267 1.000 1.000
1750 0.267 1.000 1.000
1751 0.267 1.000 1.000
1752 0.267 1.000 1.000
1753 0.267 1.000 1.000
1754 0.267 1.000 1.000
1755 0.267 1.000 1.000
1756 0.267 1.000 1.000
1757 0.267 1.000 1.000
1758 0.267 1.000 1.000
1759 0.267 1.000 1.000
1760 0.267 1.000 1.000
1761 0.267 1.000 1.000
1762 0.267 1.000 1.000
1763 0.268 1.000 1.000
1764 0.268 1.000 1.000
1765 0.268 1.000 1.000
1766 0.268 1.000 1.000
1767 0.268 1.000 1.000
1768 0.268 1.000 1.000
1769 0.268 1.000 1.000
1770 0.268 1.000 1.000
1771 0.268 1.000 1.000
1772 0.268 1.000 1.000
1773 0.268 1.000 1.000
1774 0.268 1.000 1.000
1775 0.268 1.000 1.000
1776 0.268 1.000 1.000
1777 0.268 1.000 1.000
1778 0.269 1.000 1.000
1779 0.269 1.000 1.000
1780 0.269 1.000 1.000
1781 0.269 1.000 1.000
1782 0.269 1.000 1.000
1783 0.269 1.000 1.000
1784 0.269 1.000 1.000
1785 0.269 1.000 1.000
1786 0.269 1.000 1.000
1787 0.269 1.000 1.000
1788 0.269 1.000 1.000
1789 0.269 1.000 1.000
1790 0.269 1.000 1.000
1791 0.269 1.000 1.000
1792 0.270 1.000 1.000
1793 0.270 1.000 1.000
1794 0.270 1.000 1.000
1795 0.270 1.000 1.000
1796 0.270 1.000 1.000
1797 0.270 1.000 1.000
1798 0.270 1.000 1.000
1799 0.270 1.000 1.000
1800 0.270 1.000 1.000
1801 0.270 1.000 1.000
1802 0.270 1.000 1.000
1803 0.270 1.000 1.000
1804 0.270 1.000 1.000
1805 0.271 1.000 1.000
1806 0.271 1.000 1.000
1807 0.271 1.000 1.000
1808 0.271 1.000 1.000
1809 0.271 1.000 1.000
1810 0.271 1.000 1.000
1811 0.271 1.000 1.000
1812 0.271 1.000 1.000
1813 0.271 1.000 1.000
1814 0.271 1.000 1.000
1815 0.271 1.000 1.000
1816 0.271 1.000 1.000
1817 0.272 1.000 1.000
1818 0.272 1.000 1.000
1819 0.272 1.000 1.000
1820 0.272 1.000 1.000
1821 0.272 1.000 1.000
1822 0.272 1.000 1.000
1823 0.272 1.000 1.000
1824 0.272 1.000 1.000
1825 0.272 1.000 1.000
1826 0.272 1.000 1.000
1827 0.272 1.000 1.000
1828 0.272 1.000 1.000
1829 0.272 1.000 1.000
1830 0.273 1.000 1.000
1831 0.273 1.000 1.000
1832 0.273 1.000 1.000
1833 0.273 1.000 1.000
1834 0.273 1.000 1.000
1835 0.273 1.000 1.000
1836 0.273 1.000 1.000
1837 0.273 1.000 1.000
1838 0.273 1.000 1.000
1839 0.273 1.000 1.000
1840 0.273 1.000 1.000
1841 0.273 1.000 1.000
1842 0.273 1.000 1.000
1843 0.273 1.000 1.000
1844 0.273 1.000 1.000
1845 0.274 1.000 1.000
1846 0.274 1.000 1.000
1847 0.274 1.000 1.000
1848 0.274 1.000 1.000
1849 0.274 1.000 1.000
1850 0.274 1.000 1.000
1851 0.274 1.000 1.000
1852 0.274 1.000 1.000
1853 0.274 1.000 1.000
1854 0.274 1.000 1.000
1855 0.274 1.000 1.000
1856 0.274 1.000 1.000
1857 0.274 1.000 1.000
1858 0.274 1.000 1.000
1859 0.274 1.000 1.000
1860 0.274 1.000 1.000
1861 0.274 1.000 1.000
1862 0.274 1.000 1.000
1863 0.274 1.000 1.000
1864 0.275 1.000 1.000
1865 0.275 1.000 1.000
1866 0.275 1.000 1.000
1867 0.275 1.000 1.000
1868 0.275 1.000 1.000
1869 0.275 1.000 1.000
1870 0.275 1.000 1.000
1871 0.275 1.000 1.000
1872 0.275 1.000 1.000
1873 0.275 1.000 1.000
1874 0.275 1.000 1.000
1875 0.276 1.000 1.000
1876 0.276 1.000 1.000
1877 0.276 1.000 1.000
1878 0.276 1.000 1.000
1879 0.276 1.000 1.000
1880 0.276 1.000 1.000
1881 0.276 1.000 1.000
1882 0.276 1.000 1.000
1883 0.276 1.000 1.000
1884 0.276 1.000 1.000
1885 0.276 1.000 1.000
1886 0.276 1.000 1.000
1887 0.276 1.000 1.000
1888 0.277 1.000 1.000
1889 0.277 1.000 1.000
1890 0.277 1.000 1.000
1891 0.277 1.000 1.000
1892 0.277 1.000 1.000
1893 0.277 1.000 1.000
1894 0.277 1.000 1.000
1895 0.277 1.000 1.000
1896 0.277 1.000 1.000
1897 0.277 1.000 1.000
1898 0.277 1.000 1.000
1899 0.277 1.000 1.000
1900 0.277 1.000 1.000
1901 0.277 1.000 1.000
1902 0.277 1.000 1.000
1903 0.277 1.000 1.000
1904 0.278 1.000 1.000
1905 0.278 1.000 1.000
1906 0.278 1.000 1.000
1907 0.278 1.000 1.000
1908 0.278 1.000 1.000
1909 0.278 1.000 1.000
1910 0.278 1.000 1.000
1911 0.278 1.000 1.000
1912 0.278 1.000 1.000
1913 0.278 1.000 1.000
1914 0.278 1.000 1.000
1915 0.278 1.000 1.000
1916 0.278 1.000 1.000
1917 0.278 1.000 1.000
1918 0.279 1.000 1.000
1919 0.279 1.000 1.000
1920 0.279 1.000 1.000
1921 0.279 1.000 1.000
1922 0.279 1.000 1.000
1923 0.279 1.000 1.000
1924 0.279 1.000 1.000
1925 0.279 1.000 1.000
1926 0.279 1.000 1.000
1927 0.279 1.000 1.000
1928 0.279 1.000 1.000
1929 0.280 1.000 1.000
1930 0.280 1.000 1.000
1931 0.280 1.000 1.000
1932 0.280 1.000 1.000
1933 0.280 1.000 1.000
1934 0.280 1.000 1.000
1935 0.280 1.000 1.000
1936 0.280 1.000 1.000
1937 0.281 1.000 1.000
1938 0.281 1.000 1.000
1939 0.281 1.000 1.000
1940 0.281 1.000 1.000
1941 0.281 1.000 1.000
1942 0.281 1.000 1.000
1943 0.281 1.000 1.000
1944 0.281 1.000 1.000
1945 0.282 1.000 1.000
1946 0.282 1.000 1.000
1947 0.282 1.000 1.000
1948 0.282 1.000 1.000
1949 0.282 1.000 1.000
1950 0.282 1.000 1.000
1951 0.282 1.000 1.000
1952 0.282 1.000 1.000
1953 0.282 1.000 1.000
1954 0.282 1.000 1.000
1955 0.282 1.000 1.000
1956 0.282 1.000 1.000
1957 0.282 1.000 1.000
1958 0.282 1.000 1.000
1959 0.282 1.000 1.000
1960 0.283 1.000 1.000
1961 0.283 1.000 1.000
1962 0.283 1.000 1.000
1963 0.283 1.000 1.000
1964 0.283 1.000 1.000
1965 0.283 1.000 1.000
1966 0.283 1.000 1.000
1967 0.283 1.000 1.000
1968 0.283 1.000 1.000
1969 0.283 1.000 1.000
1970 0.283 1.000 1.000
1971 0.283 1.000 1.000
1972 0.283 1.000 1.000
1973 0.283 1.000 1.000
1974 0.284 1.000 1.000
1975 0.284 1.000 1.000
1976 0.284 1.000 1.000
1977 0.284 1.000 1.000
1978 0.284 1.000 1.000
1979 0.284 1.000 1.000
1980 0.284 1.000 1.000
1981 0.284 1.000 1.000
1982 0.284 1.000 1.000
1983 0.284 1.000 1.000
1984 0.284 1.000 1.000
1985 0.284 1.000 1.000
1986 0.284 1.000 1.000
1987 0.284 1.000 1.000
1988 0.284 1.000 1.000
1989 0.285 1.000 1.000
1990 0.285 1.000 1.000
1991 0.285 1.000 1.000
1992 0.285 1.000 1.000
1993 0.285 1.000 1.000
1994 0.285 1.000 1.000
1995 0.285 1.000 1.000
1996 0.285 1.000 1.000
1997 0.285 1.000 1.000
1998 0.285 1.000 1.000
1999 0.285 1.000 1.000
2000 0.285 1.000 1.000
2001 0.285 1.000 1.000
2002 0.285 1.000 1.000
2003 0.285 1.000 1.000
2004 0.286 1.000 1.000
2005 0.286 1.000 1.000
2006 0.286 1.000 1.000
2007 0.286 1.000 1.000
2008 0.286 1.000 1.000
2009 0.286 1.000 1.000
2010 0.286 1.000 1.000
2011 0.286 1.000 1.000
2012 0.286 1.000 1.000
2013 0.286 1.000 1.000
2014 0.286 1.000 1.000
2015 0.286 1.000 1.000
2016 0.287 1.000 1.000
2017 0.287 1.000 1.000
2018 0.287 1.000 1.000
2019 0.287 1.000 1.000
2020 0.287 1.000 1.000
2021 0.287 1.000 1.000
2022 0.287 1.000 1.000
2023 0.287 1.000 1.000
2024 0.288 1.000 1.000
2025 0.288 1.000 1.000
2026 0.288 1.000 1.000
2027 0.288 1.000 1.000
2028 0.288 1.000 1.000
2029 0.288 1.000 1.000
2030 0.288 1.000 1.000
2031 0.288 1.000 1.000
2032 0.288 1.000 1.000
2033 0.288 1.000 1.000
2034 0.288 1.000 1.000
2035 0.288 1.000 1.000
2036 0.288 1.000 1.000
2037 0.288 1.000 1.000
2038 0.288 1.000 1.000
2039 0.288 1.000 1.000
2040 0.289 1.000 1.000
2041 0.289 1.000 1.000
2042 0.289 1.000 1.000
2043 0.289 1.000 1.000
2044 0.289 1.000 1.000
2045 0.289 1.000 1.000
2046 0.289 1.000 1.000
2047 0.289 1.000 1.000
2048 0.289 1.000 1.000
2049 0.289 1.000 1.000
2050 0.289 1.000 1.000
2051 0.289 1.000 1.000
2052 0.290 1.000 1.000
2053 0.290 1.000 1.000
2054 0.290 1.000 1.000
2055 0.290 1.000 1.000
2056 0.290 1.000 1.000
2057 0.290 1.000 1.000
2058 0.290 1.000 1.000
2059 0.290 1.000 1.000
2060 0.291 1.000 1.000
2061 0.291 1.000 1.000
2062 0.291 1.000 1.000
2063 0.291 1.000 1.000
2064 0.291 1.000 1.000
2065 0.291 1.000 1.000
2066 0.291 1.000 1.000
2067 0.291 1.000 1.000
2068 0.291 1.000 1.000
2069 0.291 1.000 1.000
2070 0.291 1.000 1.000
2071 0.291 1.000 1.000
2072 0.291 1.000 1.000
2073 0.291 1.000 1.000
2074 0.291 1.000 1.000
2075 0.292 1.000 1.000
2076 0.292 1.000 1.000
2077 0.292 1.000 1.000
2078 0.292 1.000 1.000
2079 0.292 1.000 1.000
2080 0.292 1.000 1.000
2081 0.292 1.000 1.000
2082 0.293 1.000 1.000
2083 0.293 1.000 1.000
2084 0.293 1.000 1.000
2085 0.293 1.000 1.000
2086 0.293 1.000 1.000
2087 0.293 1.000 1.000
2088 0.293 1.000 1.000
2089 0.293 1.000 1.000
2090 0.293 1.000 1.000
2091 0.293 1.000 1.000
2092 0.293 1.000 1.000
2093 0.293 1.000 1.000
2094 0.293 1.000 1.000
2095 0.293 1.000 1.000
2096 0.294 1.000 1.000
2097 0.294 1.000 1.000
2098 0.294 1.000 1.000
2099 0.294 1.000 1.000
2100 0.294 1.000 1.000
2101 0.294 1.000 1.000
2102 0.295 1.000 1.000
2103 0.295 1.000 1.000
2104 0.295 1.000 1.000
2105 0.295 1.000 1.000
2106 0.295 1.000 1.000
2107 0.295 1.000 1.000
2108 0.295 1.000 1.000
2109 0.295 1.000 1.000
2110 0.295 1.000 1.000
2111 0.295 1.000 1.000
2112 0.295 1.000 1.000
2113 0.295 1.000 1.000
2114 0.295 1.000 1.000
2115 0.295 1.000 1.000
2116 0.296 1.000 1.000
2117 0.296 1.000 1.000
2118 0.296 1.000 1.000
2119 0.296 1.000 1.000
2120 0.296 1.000 1.000
2121 0.296 1.000 1.000
2122 0.296 1.000 1.000
2123 0.296 1.000 1.000
2124 0.296 1.000 1.000
2125 0.296 1.000 1.000
2126 0.296 1.000 1.000
2127 0.296 1.000 1.000
2128 0.296 1.000 1.000
2129 0.297 1.000 1.000
2130 0.297 1.000 1.000
2131 0.297 1.000 1.000
2132 0.297 1.000 1.000
2133 0.297 1.000 1.000
2134 0.297 1.000 1.000
2135 0.297 1.000 1.000
2136 0.297 1.000 1.000
2137 0.298 1.000 1.000
2138 0.298 1.000 1.000
2139 0.298 1.000 1.000
2140 0.298 1.000 1.000
2141 0.298 1.000 1.000
2142 0.298 1.000 1.000
2143 0.298 1.000 1.000
2144 0.299 1.000 1.000
2145 0.299 1.000 1.000
2146 0.299 1.000 1.000
2147 0.299 1.000 1.000
2148 0.299 1.000 1.000
2149 0.299 1.001 1.000
2150 0.299 1.001 1.000
2151 0.299 1.001 1.000
2152 0.300 1.001 1.000
2153 0.300 1.001 1.000
2154 0.300 1.001 1.000
2155 0.300 1.001 1.000
2156 0.300 1.001 1.000
2157 0.300 1.001 1.000
2158 0.300 1.001 1.000
2159 0.301 1.001 1.000
2160 0.301 1.001 1.000
2161 0.301 1.001 1.000
2162 0.301 1.001 1.000
2163 0.301 1.001 1.000
2164 0.301 1.001 1.000
2165 0.301 1.001 1.000
2166 0.302 1.001 1.000
2167 0.302 1.001 1.000
2168 0.302 1.001 1.000
2169 0.302 1.001 1.000
2170 0.302 1.001 1.000
2171 0.303 1.001 1.000
2172 0.303 1.001 1.000
2173 0.303 1.001 1.000
2174 0.303 1.001 1.000
2175 0.303 1.001 1.000
2176 0.303 1.001 1.000
2177 0.303 1.001 1.000
2178 0.303 1.001 1.000
2179 0.303 1.001 1.000
2180 0.303 1.001 1.000
2181 0.303 1.001 1.000
2182 0.303 1.001 1.000
2183 0.304 1.001 1.000
2184 0.304 1.001 1.000
2185 0.304 1.001 1.000
2186 0.304 1.001 1.000
2187 0.304 1.001 1.000
2188 0.304 1.001 1.000
2189 0.304 1.001 1.000
2190 0.304 1.001 1.000
2191 0.304 1.001 1.000
2192 0.304 1.001 1.000
2193 0.305 1.001 1.000
2194 0.305 1.001 1.000
2195 0.305 1.001 1.000
2196 0.305 1.001 1.000
2197 0.305 1.001 1.000
2198 0.305 1.001 1.000
2199 0.305 1.001 1.000
2200 0.305 1.001 1.000
2201 0.306 1.001 1.000
2202 0.306 1.001 1.000
2203 0.306 1.001 1.000
2204 0.306 1.001 1.000
2205 0.306 1.001 1.000
2206 0.306 1.001 1.000
2207 0.306 1.001 1.000
2208 0.308 1.001 1.000
2209 0.308 1.001 1.000
2210 0.308 1.001 1.000
2211 0.308 1.001 1.000
2212 0.308 1.001 1.000
2213 0.309 1.001 1.000
2214 0.309 1.001 1.000
2215 0.309 1.001 1.000
2216 0.309 1.001 1.000
2217 0.310 1.001 1.000
2218 0.310 1.001 1.000
2219 0.310 1.001 1.000
2220 0.310 1.001 1.000
2221 0.310 1.001 1.000
2222 0.310 1.001 1.000
2223 0.310 1.001 1.000
2224 0.310 1.001 1.000
2225 0.311 1.001 1.000
2226 0.311 1.001 1.000
2227 0.311 1.001 1.000
2228 0.311 1.001 1.000
2229 0.312 1.001 1.000
2230 0.312 1.001 1.000
2231 0.312 1.001 1.000
2232 0.312 1.001 1.000
2233 0.312 1.001 1.000
2234 0.312 1.001 1.000
2235 0.312 1.001 1.000
2236 0.313 1.001 1.000
2237 0.313 1.001 1.000
2238 0.313 1.001 1.000
2239 0.313 1.001 1.000
2240 0.313 1.001 1.000
2241 0.313 1.001 1.000
2242 0.314 1.001 1.000
2243 0.314 1.001 1.000
2244 0.314 1.001 1.000
2245 0.314 1.001 1.000
2246 0.314 1.001 1.000
2247 0.314 1.001 1.000
2248 0.314 1.001 1.000
2249 0.314 1.001 1.000
2250 0.314 1.001 1.000
2251 0.314 1.001 1.000
2252 0.315 1.001 1.000
2253 0.315 1.001 1.000
2254 0.315 1.001 1.000
2255 0.315 1.001 1.000
2256 0.315 1.001 1.000
2257 0.315 1.001 1.000
2258 0.316 1.001 1.000
2259 0.316 1.001 1.000
2260 0.316 1.001 1.000
2261 0.316 1.001 1.000
2262 0.316 1.001 1.000
2263 0.317 1.001 1.000
2264 0.317 1.001 1.000
2265 0.317 1.001 1.000
2266 0.317 1.001 1.000
2267 0.317 1.001 1.000
2268 0.317 1.001 1.000
2269 0.317 1.001 1.000
2270 0.317 1.001 1.000
2271 0.317 1.001 1.000
2272 0.317 1.001 1.000
2273 0.317 1.001 1.000
2274 0.317 1.001 1.000
2275 0.317 1.001 1.000
2276 0.317 1.001 1.000
2277 0.318 1.001 1.000
2278 0.318 1.001 1.000
2279 0.318 1.001 1.000
2280 0.318 1.001 1.000
2281 0.318 1.001 1.000
2282 0.318 1.001 1.000
2283 0.318 1.001 1.000
2284 0.318 1.001 1.000
2285 0.318 1.001 1.000
2286 0.318 1.001 1.000
2287 0.319 1.001 1.000
2288 0.319 1.001 1.000
2289 0.319 1.001 1.000
2290 0.319 1.001 1.000
2291 0.319 1.001 1.000
2292 0.319 1.001 1.000
2293 0.319 1.001 1.000
2294 0.319 1.001 1.000
2295 0.319 1.001 1.000
2296 0.320 1.001 1.000
2297 0.320 1.001 1.000
2298 0.320 1.001 1.000
2299 0.320 1.001 1.000
2300 0.320 1.001 1.000
2301 0.320 1.001 1.000
2302 0.320 1.001 1.000
2303 0.321 1.001 1.000
2304 0.321 1.001 1.000
2305 0.321 1.001 1.000
2306 0.321 1.001 1.000
2307 0.321 1.001 1.000
2308 0.321 1.001 1.000
2309 0.321 1.001 1.000
2310 0.321 1.001 1.000
2311 0.321 1.001 1.000
2312 0.321 1.001 1.000
2313 0.321 1.001 1.000
2314 0.321 1.001 1.000
2315 0.321 1.001 1.000
2316 0.321 1.001 1.000
2317 0.321 1.001 1.000
2318 0.322 1.001 1.000
2319 0.322 1.001 1.000
2320 0.322 1.001 1.000
2321 0.322 1.001 1.000
2322 0.322 1.001 1.000
2323 0.323 1.001 1.000
2324 0.323 1.001 1.000
2325 0.323 1.001 1.000
2326 0.323 1.001 1.000
2327 0.323 1.001 1.000
2328 0.323 1.001 1.000
2329 0.323 1.001 1.000
2330 0.323 1.001 1.000
2331 0.324 1.001 1.000
2332 0.324 1.001 1.000
2333 0.324 1.001 1.000
2334 0.324 1.001 1.000
2335 0.324 1.001 1.000
2336 0.324 1.001 1.000
2337 0.324 1.001 1.000
2338 0.324 1.001 1.000
2339 0.324 1.001 1.000
2340 0.325 1.001 1.000
2341 0.325 1.001 1.000
2342 0.325 1.001 1.000
2343 0.325 1.001 1.000
2344 0.325 1.001 1.000
2345 0.325 1.001 1.000
2346 0.325 1.001 1.000
2347 0.326 1.001 1.000
2348 0.326 1.001 1.000
2349 0.326 1.001 1.000
2350 0.326 1.001 1.000
2351 0.326 1.001 1.000
2352 0.326 1.001 1.000
2353 0.326 1.001 1.000
2354 0.326 1.001 1.000
2355 0.326 1.001 1.000
2356 0.326 1.001 1.000
2357 0.326 1.001 1.000
2358 0.326 1.001 1.000
2359 0.327 1.001 1.000
2360 0.327 1.001 1.000
2361 0.327 1.001 1.000
2362 0.327 1.001 1.000
2363 0.327 1.001 1.000
2364 0.327 1.001 1.000
2365 0.328 1.001 1.000
2366 0.328 1.001 1.000
2367 0.328 1.001 1.000
2368 0.328 1.001 1.000
2369 0.328 1.001 1.000
2370 0.328 1.001 1.000
2371 0.328 1.001 1.000
2372 0.328 1.001 1.000
2373 0.328 1.001 1.000
2374 0.329 1.001 1.000
2375 0.329 1.001 1.000
2376 0.329 1.001 1.000
2377 0.329 1.001 1.000
2378 0.329 1.001 1.000
2379 0.329 1.001 1.000
2380 0.329 1.001 1.000
2381 0.329 1.001 1.000
2382 0.329 1.001 1.000
2383 0.330 1.001 1.000
2384 0.330 1.001 1.000
2385 0.330 1.001 1.000
2386 0.330 1.001 1.000
2387 0.330 1.001 1.000
2388 0.330 1.001 1.000
2389 0.330 1.001 1.000
2390 0.331 1.001 1.000
2391 0.331 1.001 1.000
2392 0.331 1.001 1.000
2393 0.331 1.001 1.000
2394 0.331 1.001 1.000
2395 0.331 1.001 1.000
2396 0.331 1.001 1.000
2397 0.332 1.001 1.000
2398 0.332 1.001 1.000
2399 0.332 1.001 1.000
2400 0.332 1.001 1.000
2401 0.332 1.001 1.000
2402 0.332 1.001 1.000
2403 0.332 1.001 1.000
2404 0.332 1.001 1.000
2405 0.332 1.001 1.000
2406 0.332 1.001 1.000
2407 0.333 1.001 1.000
2408 0.333 1.001 1.000
2409 0.333 1.001 1.000
2410 0.333 1.001 1.000
2411 0.333 1.001 1.000
2412 0.333 1.001 1.000
2413 0.333 1.001 1.000
2414 0.333 1.001 1.000
2415 0.333 1.001 1.000
2416 0.333 1.001 1.000
2417 0.334 1.001 1.000
2418 0.334 1.001 1.000
2419 0.334 1.001 1.000
2420 0.334 1.001 1.000
2421 0.334 1.001 1.000
2422 0.334 1.001 1.000
2423 0.334 1.001 1.000
2424 0.334 1.001 1.000
2425 0.334 1.001 1.000
2426 0.334 1.001 1.000
2427 0.334 1.001 1.000
2428 0.334 1.001 1.000
2429 0.334 1.001 1.000
2430 0.335 1.001 1.000
2431 0.335 1.001 1.000
2432 0.335 1.001 1.000
2433 0.335 1.001 1.000
2434 0.335 1.001 1.000
2435 0.335 1.001 1.000
2436 0.335 1.001 1.000
2437 0.335 1.001 1.000
2438 0.336 1.001 1.000
2439 0.336 1.001 1.000
2440 0.336 1.001 1.000
2441 0.336 1.001 1.000
2442 0.336 1.001 1.000
2443 0.336 1.001 1.000
2444 0.337 1.001 1.000
2445 0.337 1.001 1.000
2446 0.337 1.001 1.000
2447 0.337 1.001 1.000
2448 0.337 1.001 1.000
2449 0.337 1.001 1.000
2450 0.337 1.001 1.000
2451 0.337 1.001 1.000
2452 0.338 1.001 1.000
2453 0.338 1.001 1.000
2454 0.338 1.001 1.000
2455 0.338 1.001 1.000
2456 0.338 1.001 1.000
2457 0.339 1.001 1.000
2458 0.339 1.001 1.000
2459 0.339 1.001 1.000
2460 0.339 1.001 1.000
2461 0.339 1.001 1.000
2462 0.339 1.001 1.000
2463 0.339 1.001 1.000
2464 0.339 1.001 1.000
2465 0.339 1.001 1.000
2466 0.339 1.001 1.000
2467 0.340 1.001 1.000
2468 0.340 1.001 1.000
2469 0.340 1.001 1.000
2470 0.340 1.001 1.000
2471 0.340 1.001 1.000
2472 0.340 1.001 1.000
2473 0.340 1.001 1.000
2474 0.340 1.001 1.000
2475 0.340 1.001 1.000
2476 0.340 1.001 1.000
2477 0.341 1.001 1.000
2478 0.341 1.001 1.000
2479 0.341 1.001 1.000
2480 0.341 1.001 1.000
2481 0.341 1.001 1.000
2482 0.341 1.001 1.000
2483 0.341 1.001 1.000
2484 0.341 1.001 1.000
2485 0.341 1.001 1.000
2486 0.341 1.001 1.000
2487 0.341 1.001 1.000
2488 0.341 1.001 1.000
2489 0.342 1.001 1.000
2490 0.342 1.001 1.000
2491 0.342 1.001 1.000
2492 0.342 1.001 1.000
2493 0.342 1.001 1.000
2494 0.342 1.001 1.000
2495 0.342 1.001 1.000
2496 0.342 1.001 1.000
2497 0.342 1.001 1.000
2498 0.343 1.001 1.000
2499 0.343 1.001 1.000
2500 0.343 1.001 1.000
2501 0.343 1.001 1.000
2502 0.343 1.001 1.000
2503 0.343 1.001 1.000
2504 0.343 1.001 1.000
2505 0.343 1.001 1.000
2506 0.343 1.001 1.000
2507 0.343 1.001 1.000
2508 0.343 1.001 1.000
2509 0.343 1.001 1.000
2510 0.343 1.001 1.000
2511 0.344 1.001 1.000
2512 0.344 1.001 1.000
2513 0.344 1.001 1.000
2514 0.344 1.001 1.000
2515 0.344 1.001 1.000
2516 0.344 1.001 1.000
2517 0.344 1.001 1.000
2518 0.344 1.001 1.000
2519 0.344 1.001 1.000
2520 0.344 1.001 1.000
2521 0.344 1.001 1.000
2522 0.344 1.001 1.000
2523 0.344 1.001 1.000
2524 0.344 1.001 1.000
2525 0.344 1.001 1.000
2526 0.344 1.001 1.000
2527 0.344 1.001 1.000
2528 0.344 1.001 1.000
2529 0.344 1.001 1.000
2530 0.345 1.001 1.000
2531 0.345 1.001 1.000
2532 0.345 1.001 1.000
2533 0.345 1.001 1.000
2534 0.345 1.001 1.000
2535 0.345 1.001 1.000
2536 0.345 1.001 1.000
2537 0.346 1.001 1.000
2538 0.346 1.001 1.000
2539 0.346 1.001 1.000
2540 0.346 1.001 1.000
2541 0.346 1.001 1.000
2542 0.346 1.001 1.000
2543 0.346 1.001 1.000
2544 0.346 1.001 1.000
2545 0.346 1.001 1.000
2546 0.346 1.001 1.000
2547 0.346 1.001 1.000
2548 0.346 1.001 1.000
2549 0.346 1.001 1.000
2550 0.346 1.001 1.000
2551 0.346 1.001 1.000
2552 0.346 1.001 1.000
2553 0.346 1.001 1.000
2554 0.347 1.001 1.000
2555 0.347 1.001 1.000
2556 0.347 1.001 1.000
2557 0.347 1.001 1.000
2558 0.347 1.001 1.000
2559 0.347 1.001 1.000
2560 0.347 1.001 1.000
2561 0.347 1.001 1.000
2562 0.347 1.001 1.000
2563 0.347 1.001 1.000
2564 0.347 1.001 1.000
2565 0.347 1.001 1.000
2566 0.347 1.001 1.000
2567 0.347 1.001 1.000
2568 0.347 1.001 1.000
2569 0.348 1.001 1.000
2570 0.348 1.001 1.000
2571 0.348 1.001 1.000
2572 0.348 1.001 1.000
2573 0.348 1.001 1.000
2574 0.348 1.001 1.000
2575 0.348 1.001 1.000
2576 0.348 1.001 1.000
2577 0.348 1.001 1.000
2578 0.348 1.001 1.000
2579 0.348 1.001 1.000
2580 0.348 1.001 1.000
2581 0.349 1.001 1.000
2582 0.349 1.001 1.000
2583 0.349 1.001 1.000
2584 0.349 1.001 1.000
2585 0.349 1.001 1.000
2586 0.350 1.001 1.000
2587 0.350 1.001 1.000
2588 0.350 1.001 1.000
2589 0.350 1.001 1.000
2590 0.350 1.001 1.000
2591 0.350 1.001 1.000
2592 0.350 1.001 1.000
2593 0.350 1.001 1.000
2594 0.351 1.001 1.000
2595 0.351 1.001 1.000
2596 0.351 1.001 1.000
2597 0.351 1.001 1.000
2598 0.351 1.001 1.000
2599 0.351 1.001 1.000
2600 0.351 1.001 1.000
2601 0.351 1.001 1.000
2602 0.351 1.001 1.000
2603 0.352 1.001 1.000
2604 0.352 1.001 1.000
2605 0.352 1.001 1.000
2606 0.352 1.001 1.000
2607 0.352 1.001 1.000
2608 0.352 1.001 1.000
2609 0.352 1.001 1.000
2610 0.352 1.001 1.000
2611 0.353 1.001 1.000
2612 0.353 1.001 1.000
2613 0.353 1.001 1.000
2614 0.353 1.001 1.000
2615 0.353 1.001 1.000
2616 0.353 1.001 1.000
2617 0.353 1.001 1.000
2618 0.354 1.001 1.000
2619 0.354 1.001 1.000
2620 0.354 1.001 1.000
2621 0.354 1.001 1.000
2622 0.354 1.001 1.000
2623 0.354 1.001 1.000
2624 0.354 1.001 1.000
2625 0.355 1.001 1.000
2626 0.355 1.001 1.000
2627 0.355 1.001 1.000
2628 0.355 1.001 1.000
2629 0.355 1.001 1.000
2630 0.355 1.001 1.000
2631 0.355 1.001 1.000
2632 0.355 1.001 1.000
2633 0.355 1.001 1.000
2634 0.355 1.001 1.000
2635 0.355 1.001 1.000
2636 0.355 1.001 1.000
2637 0.355 1.001 1.000
2638 0.355 1.001 1.000
2639 0.356 1.001 1.000
2640 0.356 1.001 1.000
2641 0.356 1.001 1.000
2642 0.356 1.001 1.000
2643 0.356 1.001 1.000
2644 0.356 1.001 1.000
2645 0.356 1.001 1.000
2646 0.356 1.001 1.000
2647 0.356 1.001 1.000
2648 0.356 1.001 1.000
2649 0.356 1.001 1.000
2650 0.357 1.001 1.000
2651 0.357 1.001 1.000
2652 0.357 1.001 1.000
2653 0.357 1.001 1.000
2654 0.357 1.001 1.000
2655 0.357 1.001 1.000
2656 0.358 1.001 1.000
2657 0.358 1.001 1.000
2658 0.358 1.001 1.000
2659 0.358 1.001 1.000
2660 0.358 1.001 1.000
2661 0.358 1.001 1.000
2662 0.358 1.001 1.000
2663 0.358 1.001 1.000
2664 0.358 1.001 1.000
2665 0.358 1.001 1.000
2666 0.358 1.001 1.000
2667 0.358 1.001 1.000
2668 0.359 1.001 1.000
2669 0.359 1.001 1.000
2670 0.359 1.001 1.000
2671 0.359 1.001 1.000
2672 0.359 1.001 1.000
2673 0.359 1.001 1.000
2674 0.359 1.001 1.000
2675 0.359 1.001 1.000
2676 0.360 1.001 1.000
2677 0.360 1.001 1.000
2678 0.360 1.001 1.000
2679 0.360 1.001 1.000
2680 0.360 1.001 1.000
2681 0.360 1.001 1.000
2682 0.360 1.001 1.000
2683 0.360 1.001 1.000
2684 0.360 1.001 1.000
2685 0.360 1.001 1.000
2686 0.361 1.001 1.000
2687 0.361 1.001 1.000
2688 0.361 1.001 1.000
2689 0.361 1.001 1.000
2690 0.361 1.001 1.000
2691 0.361 1.001 1.000
2692 0.361 1.001 1.000
2693 0.361 1.001 1.000
2694 0.362 1.001 1.000
2695 0.363 1.001 1.000
2696 0.363 1.001 1.000
2697 0.363 1.001 1.000
2698 0.363 1.001 1.000
2699 0.363 1.001 1.000
2700 0.363 1.001 1.000
2701 0.364 1.001 1.000
2702 0.364 1.001 1.000
2703 0.364 1.001 1.000
2704 0.364 1.001 1.000
2705 0.364 1.001 1.000
2706 0.364 1.001 1.000
2707 0.364 1.001 1.000
2708 0.364 1.001 1.000
2709 0.364 1.001 1.000
2710 0.364 1.001 1.000
2711 0.364 1.001 1.000
2712 0.365 1.001 1.000
2713 0.365 1.001 1.000
2714 0.365 1.001 1.000
2715 0.365 1.001 1.000
2716 0.365 1.001 1.000
2717 0.365 1.001 1.000
2718 0.365 1.001 1.000
2719 0.365 1.001 1.000
2720 0.366 1.001 1.000
2721 0.366 1.001 1.000
2722 0.366 1.001 1.000
2723 0.366 1.001 1.000
2724 0.366 1.001 1.000
2725 0.367 1.001 1.000
2726 0.367 1.001 1.000
2727 0.367 1.001 1.000
2728 0.367 1.001 1.000
2729 0.368 1.001 1.000
2730 0.368 1.001 1.000
2731 0.368 1.001 1.000
2732 0.368 1.001 1.000
2733 0.368 1.001 1.000
2734 0.368 1.001 1.000
2735 0.368 1.001 1.000
2736 0.369 1.001 1.000
2737 0.369 1.001 1.000
2738 0.369 1.001 1.000
2739 0.369 1.001 1.000
2740 0.369 1.001 1.000
2741 0.369 1.001 1.000
2742 0.369 1.001 1.000
2743 0.369 1.001 1.000
2744 0.369 1.001 1.000
2745 0.369 1.001 1.000
2746 0.369 1.001 1.000
2747 0.370 1.001 1.000
2748 0.370 1.001 1.000
2749 0.370 1.001 1.000
2750 0.370 1.001 1.000
2751 0.371 1.001 1.000
2752 0.371 1.001 1.000
2753 0.371 1.001 1.000
2754 0.371 1.001 1.000
2755 0.371 1.001 1.000
2756 0.371 1.001 1.000
2757 0.371 1.001 1.000
2758 0.371 1.001 1.000
2759 0.371 1.001 1.000
2760 0.372 1.001 1.000
2761 0.372 1.001 1.000
2762 0.372 1.001 1.000
2763 0.372 1.001 1.000
2764 0.372 1.001 1.000
2765 0.372 1.001 1.000
2766 0.372 1.001 1.000
2767 0.372 1.001 1.000
2768 0.373 1.001 1.000
2769 0.373 1.001 1.000
2770 0.373 1.001 1.000
2771 0.374 1.001 1.000
2772 0.374 1.001 1.000
2773 0.374 1.001 1.000
2774 0.374 1.001 1.000
2775 0.374 1.001 1.000
2776 0.374 1.001 1.000
2777 0.374 1.001 1.000
2778 0.374 1.001 1.000
2779 0.375 1.001 1.000
2780 0.375 1.001 1.000
2781 0.375 1.001 1.000
2782 0.375 1.001 1.000
2783 0.375 1.001 1.000
2784 0.375 1.001 1.000
2785 0.375 1.001 1.000
2786 0.375 1.001 1.000
2787 0.376 1.001 1.000
2788 0.376 1.001 1.000
2789 0.376 1.001 1.000
2790 0.376 1.001 1.000
2791 0.376 1.001 1.000
2792 0.376 1.001 1.000
2793 0.376 1.001 1.000
2794 0.377 1.001 1.000
2795 0.377 1.001 1.000
2796 0.377 1.001 1.000
2797 0.377 1.001 1.000
2798 0.377 1.001 1.000
2799 0.377 1.001 1.000
2800 0.377 1.001 1.000
2801 0.378 1.001 1.000
2802 0.378 1.001 1.000
2803 0.378 1.001 1.000
2804 0.378 1.001 1.000
2805 0.378 1.001 1.000
2806 0.378 1.001 1.000
2807 0.378 1.001 1.000
2808 0.379 1.001 1.000
2809 0.379 1.001 1.000
2810 0.379 1.001 1.000
2811 0.379 1.001 1.000
2812 0.379 1.001 1.000
2813 0.380 1.001 1.000
2814 0.380 1.001 1.000
2815 0.380 1.001 1.000
2816 0.380 1.001 1.000
2817 0.380 1.001 1.000
2818 0.380 1.001 1.000
2819 0.380 1.001 1.000
2820 0.380 1.001 1.000
2821 0.381 1.001 1.000
2822 0.381 1.001 1.000
2823 0.381 1.001 1.000
2824 0.381 1.001 1.000
2825 0.382 1.001 1.000
2826 0.382 1.001 1.000
2827 0.382 1.001 1.000
2828 0.382 1.001 1.000
2829 0.382 1.001 1.000
2830 0.382 1.001 1.000
2831 0.382 1.001 1.000
2832 0.382 1.001 1.000
2833 0.382 1.001 1.000
2834 0.383 1.001 1.000
2835 0.383 1.001 1.000
2836 0.383 1.001 1.000
2837 0.383 1.001 1.000
2838 0.383 1.001 1.000
2839 0.383 1.001 1.000
2840 0.383 1.001 1.000
2841 0.384 1.001 1.000
2842 0.384 1.001 1.000
2843 0.385 1.001 1.000
2844 0.385 1.001 1.000
2845 0.385 1.001 1.000
2846 0.385 1.001 1.000
2847 0.385 1.001 1.000
2848 0.386 1.001 1.000
2849 0.386 1.001 1.000
2850 0.386 1.001 1.000
2851 0.386 1.001 1.000
2852 0.386 1.001 1.000
2853 0.386 1.001 1.000
2854 0.386 1.001 1.000
2855 0.387 1.001 1.000
2856 0.387 1.001 1.000
2857 0.387 1.001 1.000
2858 0.387 1.001 1.000
2859 0.388 1.001 1.000
2860 0.388 1.001 1.000
2861 0.388 1.001 1.000
2862 0.388 1.001 1.000
2863 0.388 1.001 1.000
2864 0.388 1.001 1.000
2865 0.388 1.001 1.000
2866 0.388 1.001 1.000
2867 0.388 1.001 1.000
2868 0.388 1.001 1.000
2869 0.388 1.001 1.000
2870 0.388 1.001 1.000
2871 0.388 1.001 1.000
2872 0.389 1.001 1.000
2873 0.389 1.001 1.000
2874 0.389 1.001 1.000
2875 0.389 1.001 1.000
2876 0.389 1.001 1.000
2877 0.389 1.001 1.000
2878 0.389 1.001 1.000
2879 0.390 1.001 1.000
2880 0.390 1.001 1.000
2881 0.390 1.001 1.000
2882 0.390 1.001 1.000
2883 0.390 1.001 1.000
2884 0.390 1.001 1.000
2885 0.390 1.001 1.000
2886 0.390 1.001 1.000
2887 0.390 1.001 1.000
2888 0.390 1.001 1.000
2889 0.391 1.001 1.000
2890 0.391 1.001 1.000
2891 0.391 1.001 1.000
2892 0.391 1.001 1.000
2893 0.391 1.001 1.000
2894 0.391 1.001 1.000
2895 0.392 1.001 1.000
2896 0.392 1.001 1.000
2897 0.392 1.001 1.000
2898 0.392 1.001 1.000
2899 0.392 1.001 1.000
2900 0.392 1.001 1.000
2901 0.392 1.001 1.000
2902 0.392 1.001 1.000
2903 0.392 1.001 1.000
2904 0.392 1.001 1.000
2905 0.393 1.001 1.000
2906 0.393 1.001 1.000
2907 0.393 1.001 1.000
2908 0.393 1.001 1.000
2909 0.393 1.001 1.000
2910 0.393 1.001 1.000
2911 0.394 1.001 1.000
2912 0.394 1.001 1.000
2913 0.394 1.001 1.000
2914 0.394 1.001 1.000
2915 0.394 1.001 1.000
2916 0.394 1.001 1.000
2917 0.394 1.001 1.000
2918 0.394 1.001 1.000
2919 0.394 1.001 1.000
2920 0.394 1.001 1.000
2921 0.394 1.001 1.000
2922 0.394 1.001 1.000
2923 0.394 1.001 1.000
2924 0.395 1.001 1.000
2925 0.395 1.001 1.000
2926 0.395 1.001 1.000
2927 0.395 1.001 1.000
2928 0.395 1.001 1.000
2929 0.395 1.001 1.000
2930 0.395 1.001 1.000
2931 0.395 1.001 1.000
2932 0.396 1.001 1.000
2933 0.396 1.001 1.000
2934 0.396 1.001 1.000
2935 0.396 1.001 1.000
2936 0.396 1.001 1.000
2937 0.396 1.001 1.000
2938 0.396 1.001 1.000
2939 0.396 1.001 1.000
2940 0.397 1.001 1.000
2941 0.397 1.001 1.000
2942 0.397 1.001 1.000
2943 0.397 1.001 1.000
2944 0.397 1.001 1.000
2945 0.397 1.001 1.000
2946 0.397 1.001 1.000
2947 0.397 1.001 1.000
2948 0.398 1.001 1.000
2949 0.398 1.001 1.000
2950 0.398 1.001 1.000
2951 0.398 1.001 1.000
2952 0.398 1.001 1.000
2953 0.398 1.001 1.000
2954 0.399 1.001 1.000
2955 0.399 1.001 1.000
2956 0.399 1.001 1.000
2957 0.400 1.001 1.000
2958 0.400 1.001 1.000
2959 0.400 1.001 1.000
2960 0.400 1.001 1.000
2961 0.400 1.001 1.000
2962 0.400 1.001 1.000
2963 0.400 1.001 1.000
2964 0.401 1.001 1.000
2965 0.401 1.001 1.000
2966 0.402 1.001 1.000
2967 0.402 1.001 1.000
2968 0.402 1.001 1.000
2969 0.402 1.001 1.000
2970 0.402 1.001 1.000
2971 0.402 1.001 1.000
2972 0.403 1.001 1.000
2973 0.403 1.001 1.000
2974 0.403 1.001 1.000
2975 0.403 1.001 1.000
2976 0.403 1.001 1.000
2977 0.404 1.001 1.000
2978 0.404 1.001 1.000
2979 0.404 1.001 1.000
2980 0.404 1.001 1.000
2981 0.404 1.001 1.000
2982 0.404 1.001 1.000
2983 0.405 1.001 1.000
2984 0.405 1.001 1.000
2985 0.405 1.001 1.000
2986 0.406 1.001 1.000
2987 0.406 1.001 1.000
2988 0.406 1.001 1.000
2989 0.406 1.001 1.000
2990 0.406 1.001 1.000
2991 0.406 1.001 1.000
2992 0.406 1.001 1.000
2993 0.406 1.001 1.000
2994 0.406 1.001 1.000
2995 0.406 1.001 1.000
2996 0.406 1.001 1.000
2997 0.407 1.001 1.000
2998 0.407 1.001 1.000
2999 0.407 1.001 1.000
3000 0.407 1.001 1.000
3001 0.408 1.001 1.000
3002 0.408 1.001 1.000
3003 0.409 1.001 1.000
3004 0.409 1.001 1.000
3005 0.409 1.001 1.000
3006 0.409 1.001 1.000
3007 0.410 1.001 1.000
3008 0.410 1.001 1.000
3009 0.410 1.001 1.000
3010 0.410 1.001 1.000
3011 0.410 1.001 1.000
3012 0.411 1.001 1.000
3013 0.411 1.001 1.000
3014 0.411 1.001 1.000
3015 0.411 1.001 1.000
3016 0.411 1.001 1.000
3017 0.411 1.001 1.000
3018 0.412 1.001 1.000
3019 0.412 1.001 1.000
3020 0.412 1.001 1.000
3021 0.412 1.001 1.000
3022 0.412 1.001 1.000
3023 0.412 1.001 1.000
3024 0.413 1.001 1.000
3025 0.413 1.001 1.000
3026 0.413 1.001 1.000
3027 0.413 1.001 1.000
3028 0.413 1.001 1.000
3029 0.414 1.001 1.000
3030 0.414 1.001 1.000
3031 0.414 1.001 1.000
3032 0.414 1.001 1.000
3033 0.414 1.001 1.000
3034 0.414 1.001 1.000
3035 0.414 1.001 1.000
3036 0.415 1.001 1.000
3037 0.415 1.001 1.000
3038 0.415 1.001 1.000
3039 0.415 1.001 1.000
3040 0.415 1.001 1.000
3041 0.415 1.001 1.000
3042 0.415 1.001 1.000
3043 0.415 1.001 1.000
3044 0.415 1.001 1.000
3045 0.416 1.001 1.000
3046 0.416 1.001 1.000
3047 0.416 1.001 1.000
3048 0.416 1.001 1.001
3049 0.416 1.001 1.001
3050 0.417 1.001 1.001
3051 0.417 1.001 1.001
3052 0.417 1.001 1.001
3053 0.417 1.001 1.001
3054 0.418 1.001 1.001
3055 0.418 1.001 1.001
3056 0.418 1.002 1.001
3057 0.418 1.002 1.001
3058 0.418 1.002 1.001
3059 0.418 1.002 1.001
3060 0.418 1.002 1.001
3061 0.419 1.002 1.001
3062 0.419 1.002 1.001
3063 0.419 1.002 1.001
3064 0.420 1.002 1.001
3065 0.420 1.002 1.001
3066 0.420 1.002 1.001
3067 0.420 1.002 1.001
3068 0.420 1.002 1.001
3069 0.420 1.002 1.001
3070 0.420 1.002 1.001
3071 0.420 1.002 1.001
3072 0.420 1.002 1.001
3073 0.420 1.002 1.001
3074 0.421 1.002 1.001
3075 0.421 1.002 1.001
3076 0.421 1.002 1.001
3077 0.421 1.002 1.001
3078 0.421 1.002 1.001
3079 0.422 1.002 1.001
3080 0.422 1.002 1.001
3081 0.422 1.002 1.001
3082 0.422 1.002 1.001
3083 0.423 1.002 1.001
3084 0.423 1.002 1.001
3085 0.423 1.002 1.001
3086 0.423 1.002 1.001
3087 0.423 1.002 1.001
3088 0.423 1.002 1.001
3089 0.423 1.002 1.001
3090 0.424 1.002 1.001
3091 0.424 1.002 1.001
3092 0.424 1.002 1.001
3093 0.424 1.002 1.001
3094 0.424 1.002 1.001
3095 0.424 1.002 1.001
3096 0.424 1.002 1.001
3097 0.424 1.002 1.001
3098 0.424 1.002 1.001
3099 0.424 1.002 1.001
3100 0.424 1.002 1.001
3101 0.424 1.002 1.001
3102 0.424 1.002 1.001
3103 0.424 1.002 1.001
3104 0.424 1.002 1.001
3105 0.424 1.002 1.001
3106 0.424 1.002 1.001
3107 0.424 1.002 1.001
3108 0.425 1.002 1.001
3109 0.425 1.002 1.001
3110 0.425 1.002 1.001
3111 0.425 1.002 1.001
3112 0.425 1.002 1.001
3113 0.425 1.002 1.001
3114 0.425 1.002 1.001
3115 0.425 1.002 1.001
3116 0.425 1.002 1.001
3117 0.425 1.002 1.001
3118 0.425 1.002 1.001
3119 0.426 1.002 1.001
3120 0.426 1.002 1.001
3121 0.426 1.002 1.001
3122 0.427 1.002 1.001
3123 0.427 1.002 1.001
3124 0.427 1.002 1.001
3125 0.427 1.002 1.001
3126 0.427 1.002 1.001
3127 0.427 1.002 1.001
3128 0.427 1.002 1.001
3129 0.427 1.002 1.001
3130 0.427 1.002 1.001
3131 0.428 1.002 1.001
3132 0.428 1.002 1.001
3133 0.428 1.002 1.001
3134 0.428 1.002 1.001
3135 0.428 1.002 1.001
3136 0.429 1.002 1.001
3137 0.429 1.002 1.001
3138 0.429 1.002 1.001
3139 0.429 1.002 1.001
3140 0.430 1.002 1.001
3141 0.430 1.002 1.001
3142 0.430 1.002 1.001
3143 0.431 1.002 1.001
3144 0.431 1.002 1.001
3145 0.431 1.002 1.001
3146 0.431 1.002 1.001
3147 0.431 1.002 1.001
3148 0.431 1.002 1.001
3149 0.431 1.002 1.001
3150 0.431 1.002 1.001
3151 0.431 1.002 1.001
3152 0.432 1.002 1.001
3153 0.432 1.002 1.001
3154 0.432 1.002 1.001
3155 0.432 1.002 1.001
3156 0.432 1.002 1.001
3157 0.432 1.002 1.001
3158 0.432 1.002 1.001
3159 0.432 1.002 1.001
3160 0.433 1.002 1.001
3161 0.433 1.002 1.001
3162 0.433 1.002 1.001
3163 0.433 1.002 1.001
3164 0.433 1.002 1.001
3165 0.434 1.002 1.001
3166 0.434 1.002 1.001
3167 0.434 1.002 1.001
3168 0.434 1.002 1.001
3169 0.434 1.002 1.001
3170 0.435 1.002 1.001
3171 0.435 1.002 1.001
3172 0.435 1.002 1.001
3173 0.436 1.002 1.001
3174 0.436 1.002 1.001
3175 0.436 1.002 1.001
3176 0.436 1.002 1.001
3177 0.436 1.002 1.001
3178 0.436 1.002 1.001
3179 0.436 1.002 1.001
3180 0.436 1.002 1.001
3181 0.437 1.002 1.001
3182 0.437 1.002 1.001
3183 0.437 1.002 1.001
3184 0.437 1.002 1.001
3185 0.437 1.002 1.001
3186 0.437 1.002 1.001
3187 0.437 1.002 1.001
3188 0.438 1.002 1.001
3189 0.438 1.002 1.001
3190 0.438 1.002 1.001
3191 0.438 1.002 1.001
3192 0.438 1.002 1.001
3193 0.438 1.002 1.001
3194 0.439 1.002 1.001
3195 0.439 1.002 1.001
3196 0.440 1.002 1.001
3197 0.440 1.002 1.001
3198 0.440 1.002 1.001
3199 0.440 1.002 1.001
3200 0.440 1.002 1.001
3201 0.440 1.002 1.001
3202 0.441 1.002 1.001
3203 0.441 1.002 1.001
3204 0.441 1.002 1.001
3205 0.441 1.002 1.001
3206 0.442 1.002 1.001
3207 0.442 1.002 1.001
3208 0.442 1.002 1.001
3209 0.442 1.002 1.001
3210 0.442 1.002 1.001
3211 0.442 1.002 1.001
3212 0.442 1.002 1.001
3213 0.442 1.002 1.001
3214 0.442 1.002 1.001
3215 0.442 1.002 1.001
3216 0.443 1.002 1.001
3217 0.443 1.002 1.001
3218 0.443 1.002 1.001
3219 0.443 1.002 1.001
3220 0.443 1.002 1.001
3221 0.443 1.002 1.001
3222 0.444 1.002 1.001
3223 0.444 1.002 1.001
3224 0.445 1.002 1.001
3225 0.445 1.002 1.001
3226 0.446 1.002 1.001
3227 0.446 1.002 1.001
3228 0.446 1.002 1.001
3229 0.446 1.002 1.001
3230 0.446 1.002 1.001
3231 0.446 1.002 1.001
3232 0.446 1.002 1.001
3233 0.447 1.002 1.001
3234 0.447 1.002 1.001
3235 0.447 1.002 1.001
3236 0.447 1.002 1.001
3237 0.448 1.002 1.001
3238 0.448 1.002 1.001
3239 0.448 1.002 1.001
3240 0.448 1.002 1.001
3241 0.448 1.002 1.001
3242 0.448 1.002 1.001
3243 0.448 1.002 1.001
3244 0.448 1.002 1.001
3245 0.448 1.002 1.001
3246 0.448 1.002 1.001
3247 0.448 1.002 1.001
3248 0.448 1.002 1.001
3249 0.448 1.002 1.001
3250 0.449 1.002 1.001
3251 0.449 1.002 1.001
3252 0.449 1.002 1.001
3253 0.449 1.002 1.001
3254 0.449 1.002 1.001
3255 0.449 1.002 1.001
3256 0.450 1.002 1.001
3257 0.450 1.002 1.001
3258 0.450 1.002 1.001
3259 0.450 1.002 1.001
3260 0.450 1.002 1.001
3261 0.450 1.002 1.001
3262 0.450 1.002 1.001
3263 0.450 1.002 1.001
3264 0.450 1.002 1.001
3265 0.450 1.002 1.001
3266 0.451 1.002 1.001
3267 0.451 1.002 1.001
3268 0.451 1.002 1.001
3269 0.451 1.002 1.001
3270 0.452 1.002 1.001
3271 0.452 1.002 1.001
3272 0.452 1.002 1.001
3273 0.452 1.002 1.001
3274 0.452 1.002 1.001
3275 0.452 1.002 1.001
3276 0.452 1.002 1.001
3277 0.452 1.002 1.001
3278 0.452 1.002 1.001
3279 0.453 1.002 1.001
3280 0.453 1.002 1.001
3281 0.453 1.002 1.001
3282 0.453 1.002 1.001
3283 0.453 1.002 1.001
3284 0.453 1.002 1.001
3285 0.453 1.002 1.001
3286 0.454 1.002 1.001
3287 0.454 1.002 1.001
3288 0.454 1.002 1.001
3289 0.454 1.002 1.001
3290 0.454 1.002 1.001
3291 0.455 1.002 1.001
3292 0.455 1.002 1.001
3293 0.455 1.002 1.001
3294 0.455 1.002 1.001
3295 0.455 1.002 1.001
3296 0.455 1.002 1.001
3297 0.455 1.002 1.001
3298 0.455 1.002 1.001
3299 0.455 1.002 1.001
3300 0.455 1.002 1.001
3301 0.455 1.002 1.001
3302 0.455 1.002 1.001
3303 0.455 1.002 1.001
3304 0.456 1.002 1.001
3305 0.456 1.002 1.001
3306 0.456 1.002 1.001
3307 0.456 1.002 1.001
3308 0.456 1.002 1.001
3309 0.456 1.002 1.001
3310 0.456 1.002 1.001
3311 0.456 1.002 1.001
3312 0.456 1.002 1.001
3313 0.456 1.002 1.001
3314 0.456 1.002 1.001
3315 0.457 1.002 1.001
3316 0.457 1.002 1.001
3317 0.457 1.002 1.001
3318 0.457 1.002 1.001
3319 0.457 1.002 1.001
3320 0.457 1.002 1.001
3321 0.457 1.002 1.001
3322 0.457 1.002 1.001
3323 0.457 1.002 1.001
3324 0.457 1.002 1.001
3325 0.457 1.002 1.001
3326 0.458 1.002 1.001
3327 0.458 1.002 1.001
3328 0.458 1.002 1.001
3329 0.458 1.002 1.001
3330 0.458 1.002 1.001
3331 0.458 1.002 1.001
3332 0.458 1.002 1.001
3333 0.458 1.002 1.001
3334 0.458 1.002 1.001
3335 0.459 1.002 1.001
3336 0.459 1.002 1.001
3337 0.459 1.002 1.001
3338 0.459 1.002 1.001
3339 0.459 1.002 1.001
3340 0.459 1.002 1.001
3341 0.459 1.002 1.001
3342 0.459 1.002 1.001
3343 0.459 1.002 1.001
3344 0.459 1.002 1.001
3345 0.459 1.002 1.001
3346 0.459 1.002 1.001
3347 0.459 1.002 1.001
3348 0.460 1.002 1.001
3349 0.460 1.002 1.001
3350 0.460 1.002 1.001
3351 0.460 1.002 1.001
3352 0.460 1.002 1.001
3353 0.460 1.002 1.001
3354 0.460 1.002 1.001
3355 0.460 1.002 1.001
3356 0.460 1.002 1.001
3357 0.460 1.002 1.001
3358 0.460 1.002 1.001
3359 0.460 1.002 1.001
3360 0.460 1.002 1.001
3361 0.461 1.002 1.001
3362 0.461 1.002 1.001
3363 0.461 1.002 1.001
3364 0.461 1.002 1.001
3365 0.461 1.002 1.001
3366 0.462 1.002 1.001
3367 0.462 1.002 1.001
3368 0.462 1.002 1.001
3369 0.462 1.002 1.001
3370 0.462 1.002 1.001
3371 0.462 1.002 1.001
3372 0.462 1.002 1.001
3373 0.463 1.002 1.001
3374 0.463 1.002 1.001
3375 0.463 1.002 1.001
3376 0.463 1.002 1.001
3377 0.463 1.002 1.001
3378 0.463 1.002 1.001
3379 0.463 1.002 1.001
3380 0.464 1.002 1.001
3381 0.464 1.002 1.001
3382 0.464 1.002 1.001
3383 0.464 1.002 1.001
3384 0.464 1.002 1.001
3385 0.464 1.002 1.001
3386 0.464 1.002 1.001
3387 0.464 1.002 1.001
3388 0.465 1.002 1.001
3389 0.465 1.002 1.001
3390 0.465 1.002 1.001
3391 0.465 1.002 1.001
3392 0.465 1.002 1.001
3393 0.465 1.002 1.001
3394 0.465 1.002 1.001
3395 0.465 1.002 1.001
3396 0.465 1.002 1.001
3397 0.465 1.002 1.001
3398 0.465 1.002 1.001
3399 0.465 1.002 1.001
3400 0.466 1.002 1.001
3401 0.466 1.002 1.001
3402 0.466 1.002 1.001
3403 0.466 1.002 1.001
3404 0.466 1.002 1.001
3405 0.467 1.002 1.001
3406 0.467 1.002 1.001
3407 0.467 1.002 1.001
3408 0.467 1.002 1.001
3409 0.467 1.002 1.001
3410 0.467 1.002 1.001
3411 0.467 1.002 1.001
3412 0.467 1.002 1.001
3413 0.467 1.002 1.001
3414 0.468 1.002 1.001
3415 0.468 1.002 1.001
3416 0.468 1.002 1.001
3417 0.468 1.002 1.001
3418 0.468 1.002 1.001
3419 0.468 1.002 1.001
3420 0.468 1.002 1.001
3421 0.468 1.002 1.001
3422 0.468 1.002 1.001
3423 0.469 1.002 1.001
3424 0.469 1.002 1.001
3425 0.469 1.002 1.001
3426 0.469 1.002 1.001
3427 0.470 1.002 1.001
3428 0.470 1.002 1.001
3429 0.470 1.002 1.001
3430 0.470 1.002 1.001
3431 0.470 1.002 1.001
3432 0.470 1.002 1.001
3433 0.470 1.002 1.001
3434 0.471 1.002 1.001
3435 0.471 1.002 1.001
3436 0.471 1.002 1.001
3437 0.471 1.002 1.001
3438 0.471 1.002 1.001
3439 0.471 1.002 1.001
3440 0.471 1.002 1.001
3441 0.471 1.002 1.001
3442 0.471 1.002 1.001
3443 0.471 1.002 1.001
3444 0.472 1.002 1.001
3445 0.472 1.002 1.001
3446 0.472 1.002 1.001
3447 0.472 1.002 1.001
3448 0.472 1.002 1.001
3449 0.472 1.002 1.001
3450 0.472 1.002 1.001
3451 0.472 1.002 1.001
3452 0.472 1.002 1.001
3453 0.472 1.002 1.001
3454 0.473 1.002 1.001
3455 0.473 1.002 1.001
3456 0.473 1.002 1.001
3457 0.473 1.002 1.001
3458 0.473 1.002 1.001
3459 0.473 1.002 1.001
3460 0.473 1.002 1.001
3461 0.474 1.002 1.001
3462 0.474 1.002 1.001
3463 0.474 1.002 1.001
3464 0.474 1.002 1.001
3465 0.474 1.002 1.001
3466 0.474 1.002 1.001
3467 0.475 1.002 1.001
3468 0.475 1.002 1.001
3469 0.475 1.002 1.001
3470 0.475 1.002 1.001
3471 0.475 1.002 1.001
3472 0.475 1.002 1.001
3473 0.475 1.003 1.001
3474 0.476 1.003 1.001
3475 0.476 1.003 1.001
3476 0.476 1.003 1.001
3477 0.476 1.003 1.001
3478 0.477 1.003 1.001
3479 0.477 1.003 1.001
3480 0.477 1.003 1.001
3481 0.477 1.003 1.001
3482 0.477 1.003 1.001
3483 0.477 1.003 1.001
3484 0.478 1.003 1.001
3485 0.478 1.003 1.001
3486 0.478 1.003 1.001
3487 0.478 1.003 1.001
3488 0.479 1.003 1.001
3489 0.479 1.003 1.001
3490 0.479 1.003 1.001
3491 0.479 1.003 1.001
3492 0.479 1.003 1.001
3493 0.479 1.003 1.001
3494 0.479 1.003 1.001
3495 0.479 1.003 1.001
3496 0.480 1.003 1.001
3497 0.480 1.003 1.001
3498 0.480 1.003 1.001
3499 0.480 1.003 1.001
3500 0.480 1.003 1.001
3501 0.480 1.003 1.001
3502 0.481 1.003 1.001
3503 0.481 1.003 1.001
3504 0.481 1.003 1.001
3505 0.481 1.003 1.001
3506 0.481 1.003 1.001
3507 0.481 1.003 1.001
3508 0.481 1.003 1.001
3509 0.481 1.003 1.001
3510 0.481 1.003 1.001
3511 0.482 1.003 1.001
3512 0.482 1.003 1.001
3513 0.482 1.003 1.001
3514 0.482 1.003 1.001
3515 0.482 1.003 1.001
3516 0.482 1.003 1.001
3517 0.482 1.003 1.001
3518 0.482 1.003 1.001
3519 0.483 1.003 1.001
3520 0.483 1.003 1.001
3521 0.483 1.003 1.001
3522 0.484 1.003 1.001
3523 0.484 1.003 1.001
3524 0.484 1.003 1.001
3525 0.484 1.003 1.001
3526 0.484 1.003 1.001
3527 0.485 1.003 1.001
3528 0.485 1.003 1.001
3529 0.485 1.003 1.001
3530 0.486 1.003 1.001
3531 0.486 1.003 1.001
3532 0.486 1.003 1.001
3533 0.486 1.003 1.001
3534 0.486 1.003 1.001
3535 0.486 1.003 1.001
3536 0.486 1.003 1.001
3537 0.486 1.003 1.001
3538 0.487 1.003 1.001
3539 0.487 1.003 1.001
3540 0.488 1.003 1.001
3541 0.488 1.003 1.001
3542 0.488 1.003 1.001
3543 0.488 1.003 1.001
3544 0.488 1.003 1.001
3545 0.489 1.003 1.001
3546 0.489 1.003 1.001
3547 0.489 1.003 1.001
3548 0.490 1.003 1.001
3549 0.490 1.003 1.001
3550 0.490 1.003 1.001
3551 0.490 1.003 1.001
3552 0.490 1.003 1.001
3553 0.490 1.003 1.001
3554 0.491 1.003 1.001
3555 0.491 1.003 1.001
3556 0.491 1.003 1.001
3557 0.491 1.003 1.001
3558 0.491 1.003 1.001
3559 0.491 1.003 1.001
3560 0.492 1.003 1.001
3561 0.492 1.003 1.001
3562 0.492 1.003 1.001
3563 0.492 1.003 1.001
3564 0.492 1.003 1.001
3565 0.492 1.003 1.002
3566 0.492 1.003 1.002
3567 0.493 1.003 1.002
3568 0.493 1.003 1.002
3569 0.493 1.003 1.002
3570 0.493 1.003 1.002
3571 0.493 1.003 1.002
3572 0.493 1.003 1.002
3573 0.493 1.003 1.002
3574 0.494 1.003 1.002
3575 0.494 1.003 1.002
3576 0.494 1.003 1.002
3577 0.494 1.003 1.002
3578 0.494 1.003 1.002
3579 0.495 1.003 1.002
3580 0.495 1.003 1.002
3581 0.495 1.003 1.002
3582 0.495 1.003 1.002
3583 0.495 1.003 1.002
3584 0.495 1.003 1.002
3585 0.495 1.003 1.002
3586 0.496 1.003 1.002
3587 0.496 1.003 1.002
3588 0.496 1.003 1.002
3589 0.497 1.003 1.002
3590 0.497 1.003 1.002
3591 0.498 1.003 1.002
3592 0.499 1.003 1.002
3593 0.499 1.003 1.002
3594 0.499 1.003 1.002
3595 0.500 1.003 1.002
3596 0.500 1.003 1.002
3597 0.500 1.003 1.002
3598 0.500 1.003 1.002
3599 0.500 1.003 1.002
3600 0.501 1.003 1.002
3601 0.502 1.003 1.002
3602 0.503 1.003 1.002
3603 0.503 1.003 1.002
3604 0.503 1.003 1.002
3605 0.503 1.003 1.002
3606 0.503 1.003 1.002
3607 0.504 1.003 1.002
3608 0.504 1.003 1.002
3609 0.504 1.003 1.002
3610 0.504 1.003 1.002
3611 0.504 1.003 1.002
3612 0.505 1.003 1.002
3613 0.505 1.003 1.002
3614 0.505 1.003 1.002
3615 0.505 1.003 1.002
3616 0.505 1.003 1.002
3617 0.505 1.003 1.002
3618 0.506 1.003 1.002
3619 0.506 1.003 1.002
3620 0.507 1.003 1.002
3621 0.507 1.003 1.002
3622 0.507 1.003 1.002
3623 0.508 1.003 1.002
3624 0.508 1.003 1.002
3625 0.509 1.003 1.002
3626 0.509 1.003 1.002
3627 0.509 1.003 1.002
3628 0.510 1.003 1.002
3629 0.510 1.003 1.002
3630 0.510 1.003 1.002
3631 0.510 1.003 1.002
3632 0.510 1.003 1.002
3633 0.510 1.003 1.002
3634 0.510 1.003 1.002
3635 0.511 1.003 1.002
3636 0.511 1.003 1.002
3637 0.511 1.003 1.002
3638 0.511 1.003 1.002
3639 0.511 1.003 1.002
3640 0.512 1.003 1.002
3641 0.512 1.003 1.002
3642 0.512 1.003 1.002
3643 0.512 1.003 1.002
3644 0.512 1.003 1.002
3645 0.512 1.003 1.002
3646 0.513 1.003 1.002
3647 0.513 1.003 1.002
3648 0.513 1.003 1.002
3649 0.514 1.003 1.002
3650 0.515 1.003 1.002
3651 0.515 1.003 1.002
3652 0.516 1.003 1.002
3653 0.516 1.004 1.002
3654 0.517 1.004 1.002
3655 0.517 1.004 1.002
3656 0.517 1.004 1.002
3657 0.517 1.004 1.002
3658 0.518 1.004 1.002
3659 0.518 1.004 1.002
3660 0.518 1.004 1.002
3661 0.518 1.004 1.002
3662 0.518 1.004 1.002
3663 0.519 1.004 1.002
3664 0.520 1.004 1.002
3665 0.520 1.004 1.002
3666 0.520 1.004 1.002
3667 0.521 1.004 1.002
3668 0.521 1.004 1.002
3669 0.522 1.004 1.002
3670 0.522 1.004 1.002
3671 0.522 1.004 1.002
3672 0.522 1.004 1.002
3673 0.522 1.004 1.002
3674 0.522 1.004 1.002
3675 0.523 1.004 1.002
3676 0.523 1.004 1.002
3677 0.523 1.004 1.002
3678 0.523 1.004 1.002
3679 0.523 1.004 1.002
3680 0.523 1.004 1.002
3681 0.524 1.004 1.002
3682 0.524 1.004 1.002
3683 0.524 1.004 1.002
3684 0.524 1.004 1.002
3685 0.524 1.004 1.002
3686 0.524 1.004 1.002
3687 0.524 1.004 1.002
3688 0.524 1.004 1.002
3689 0.525 1.004 1.002
3690 0.525 1.004 1.002
3691 0.526 1.004 1.002
3692 0.526 1.004 1.002
3693 0.526 1.004 1.002
3694 0.526 1.004 1.002
3695 0.527 1.004 1.002
3696 0.527 1.004 1.002
3697 0.527 1.004 1.002
3698 0.527 1.004 1.002
3699 0.527 1.004 1.002
3700 0.528 1.004 1.002
3701 0.528 1.004 1.002
3702 0.528 1.004 1.002
3703 0.528 1.004 1.002
3704 0.528 1.004 1.002
3705 0.529 1.004 1.002
3706 0.529 1.004 1.002
3707 0.529 1.004 1.002
3708 0.530 1.004 1.002
3709 0.530 1.004 1.002
3710 0.530 1.004 1.002
3711 0.531 1.004 1.002
3712 0.531 1.004 1.002
3713 0.531 1.004 1.002
3714 0.532 1.004 1.002
3715 0.532 1.004 1.002
3716 0.532 1.004 1.002
3717 0.532 1.004 1.002
3718 0.533 1.004 1.002
3719 0.533 1.004 1.002
3720 0.534 1.004 1.002
3721 0.534 1.004 1.002
3722 0.534 1.004 1.002
3723 0.534 1.004 1.002
3724 0.535 1.004 1.002
3725 0.535 1.004 1.002
3726 0.535 1.004 1.002
3727 0.535 1.004 1.002
3728 0.536 1.004 1.002
3729 0.536 1.004 1.002
3730 0.537 1.004 1.002
3731 0.537 1.004 1.002
3732 0.538 1.004 1.002
3733 0.538 1.004 1.002
3734 0.538 1.004 1.003
3735 0.538 1.004 1.003
3736 0.538 1.004 1.003
3737 0.539 1.004 1.003
3738 0.539 1.004 1.003
3739 0.539 1.004 1.003
3740 0.539 1.004 1.003
3741 0.539 1.004 1.003
3742 0.540 1.004 1.003
3743 0.540 1.004 1.003
3744 0.540 1.004 1.003
3745 0.540 1.004 1.003
3746 0.541 1.004 1.003
3747 0.541 1.004 1.003
3748 0.541 1.004 1.003
3749 0.541 1.004 1.003
3750 0.541 1.004 1.003
3751 0.542 1.004 1.003
3752 0.542 1.004 1.003
3753 0.543 1.004 1.003
3754 0.543 1.004 1.003
3755 0.543 1.004 1.003
3756 0.544 1.004 1.003
3757 0.544 1.004 1.003
3758 0.544 1.004 1.003
3759 0.544 1.004 1.003
3760 0.544 1.004 1.003
3761 0.544 1.004 1.003
3762 0.544 1.004 1.003
3763 0.544 1.004 1.003
3764 0.544 1.004 1.003
3765 0.545 1.004 1.003
3766 0.545 1.004 1.003
3767 0.545 1.004 1.003
3768 0.546 1.004 1.003
3769 0.547 1.004 1.003
3770 0.547 1.005 1.003
3771 0.547 1.005 1.003
3772 0.548 1.005 1.003
3773 0.548 1.005 1.003
3774 0.548 1.005 1.003
3775 0.548 1.005 1.003
3776 0.548 1.005 1.003
3777 0.548 1.005 1.003
3778 0.549 1.005 1.003
3779 0.549 1.005 1.003
3780 0.550 1.005 1.003
3781 0.550 1.005 1.003
3782 0.550 1.005 1.003
3783 0.551 1.005 1.003
3784 0.552 1.005 1.003
3785 0.552 1.005 1.003
3786 0.552 1.005 1.003
3787 0.552 1.005 1.003
3788 0.552 1.005 1.003
3789 0.553 1.005 1.003
3790 0.553 1.005 1.003
3791 0.553 1.005 1.003
3792 0.553 1.005 1.003
3793 0.554 1.005 1.003
3794 0.554 1.005 1.003
3795 0.555 1.005 1.003
3796 0.555 1.005 1.003
3797 0.555 1.005 1.003
3798 0.555 1.005 1.003
3799 0.556 1.005 1.003
3800 0.556 1.005 1.003
3801 0.556 1.005 1.003
3802 0.557 1.005 1.003
3803 0.557 1.005 1.003
3804 0.558 1.005 1.003
3805 0.559 1.005 1.003
3806 0.559 1.005 1.003
3807 0.559 1.005 1.003
3808 0.559 1.005 1.003
3809 0.560 1.005 1.003
3810 0.561 1.005 1.003
3811 0.561 1.005 1.003
3812 0.562 1.005 1.003
3813 0.562 1.005 1.003
3814 0.562 1.005 1.003
3815 0.563 1.005 1.003
3816 0.564 1.005 1.003
3817 0.564 1.005 1.003
3818 0.564 1.005 1.003
3819 0.565 1.005 1.003
3820 0.565 1.005 1.003
3821 0.567 1.005 1.003
3822 0.567 1.005 1.003
3823 0.567 1.005 1.003
3824 0.568 1.005 1.003
3825 0.569 1.005 1.003
3826 0.569 1.005 1.003
3827 0.570 1.005 1.003
3828 0.570 1.005 1.003
3829 0.570 1.005 1.003
3830 0.571 1.005 1.003
3831 0.572 1.005 1.003
3832 0.572 1.005 1.003
3833 0.572 1.005 1.003
3834 0.572 1.005 1.004
3835 0.573 1.006 1.004
3836 0.574 1.006 1.004
3837 0.575 1.006 1.004
3838 0.576 1.006 1.004
3839 0.577 1.006 1.004
3840 0.578 1.006 1.004
3841 0.579 1.006 1.004
3842 0.579 1.006 1.004
3843 0.581 1.006 1.004
3844 0.582 1.006 1.004
3845 0.582 1.006 1.004
3846 0.582 1.006 1.004
3847 0.582 1.006 1.004
3848 0.583 1.006 1.004
3849 0.583 1.006 1.004
3850 0.584 1.006 1.004
3851 0.584 1.006 1.004
3852 0.585 1.006 1.004
3853 0.585 1.006 1.004
3854 0.585 1.006 1.004
3855 0.585 1.006 1.004
3856 0.586 1.006 1.004
3857 0.586 1.006 1.004
3858 0.586 1.006 1.004
3859 0.586 1.006 1.004
3860 0.586 1.006 1.004
3861 0.586 1.006 1.004
3862 0.587 1.006 1.004
3863 0.587 1.006 1.004
3864 0.588 1.006 1.004
3865 0.589 1.006 1.004
3866 0.589 1.006 1.004
3867 0.589 1.006 1.004
3868 0.591 1.006 1.004
3869 0.592 1.006 1.004
3870 0.592 1.006 1.004
3871 0.592 1.006 1.004
3872 0.593 1.006 1.004
3873 0.594 1.006 1.004
3874 0.595 1.006 1.004
3875 0.595 1.006 1.004
3876 0.596 1.006 1.004
3877 0.597 1.006 1.004
3878 0.599 1.006 1.004
3879 0.600 1.006 1.004
3880 0.600 1.006 1.004
3881 0.601 1.006 1.004
3882 0.604 1.006 1.004
3883 0.604 1.006 1.004
3884 0.605 1.006 1.004
3885 0.605 1.006 1.004
3886 0.606 1.006 1.004
3887 0.606 1.006 1.004
3888 0.606 1.006 1.004
3889 0.606 1.006 1.004
3890 0.607 1.006 1.004
3891 0.607 1.006 1.004
3892 0.608 1.006 1.004
3893 0.608 1.006 1.004
3894 0.610 1.006 1.004
3895 0.611 1.006 1.004
3896 0.611 1.006 1.004
3897 0.612 1.007 1.004
3898 0.614 1.007 1.004
3899 0.615 1.007 1.004
3900 0.616 1.007 1.004
3901 0.617 1.007 1.004
3902 0.618 1.007 1.004
3903 0.618 1.007 1.004
3904 0.618 1.007 1.004
3905 0.618 1.007 1.004
3906 0.620 1.007 1.004
3907 0.621 1.007 1.004
3908 0.622 1.007 1.004
3909 0.623 1.007 1.004
3910 0.624 1.007 1.004
3911 0.625 1.007 1.005
3912 0.626 1.007 1.005
3913 0.628 1.007 1.005
3914 0.628 1.007 1.005
3915 0.628 1.007 1.005
3916 0.630 1.007 1.005
3917 0.631 1.007 1.005
3918 0.635 1.007 1.005
3919 0.635 1.007 1.005
3920 0.639 1.007 1.005
3921 0.640 1.007 1.005
3922 0.643 1.007 1.005
3923 0.644 1.007 1.005
3924 0.646 1.007 1.005
3925 0.646 1.007 1.005
3926 0.646 1.008 1.005
3927 0.649 1.008 1.005
3928 0.653 1.008 1.005
3929 0.654 1.008 1.005
3930 0.658 1.008 1.005
3931 0.659 1.008 1.005
3932 0.660 1.008 1.005
3933 0.660 1.008 1.005
3934 0.661 1.008 1.005
3935 0.662 1.008 1.005
3936 0.666 1.008 1.005
3937 0.666 1.008 1.005
3938 0.668 1.008 1.005
3939 0.672 1.008 1.005
3940 0.673 1.009 1.005
3941 0.674 1.009 1.005
3942 0.675 1.009 1.006
3943 0.675 1.009 1.006
3944 0.675 1.009 1.006
3945 0.676 1.009 1.006
3946 0.677 1.009 1.006
3947 0.679 1.009 1.006
3948 0.680 1.009 1.006
3949 0.686 1.009 1.006
3950 0.688 1.009 1.006
3951 0.692 1.009 1.006
3952 0.695 1.009 1.006
3953 0.696 1.009 1.006
3954 0.698 1.009 1.006
3955 0.699 1.009 1.006
3956 0.700 1.009 1.006
3957 0.706 1.009 1.007
3958 0.710 1.009 1.007
3959 0.711 1.009 1.007
3960 0.712 1.009 1.007
3961 0.712 1.009 1.007
3962 0.715 1.009 1.007
3963 0.715 1.010 1.007
3964 0.718 1.010 1.007
3965 0.721 1.010 1.007
3966 0.723 1.010 1.007
3967 0.730 1.010 1.007
3968 0.736 1.010 1.007
3969 0.738 1.010 1.007
3970 0.740 1.011 1.008
3971 0.741 1.011 1.008
3972 0.741 1.011 1.008
3973 0.742 1.011 1.008
3974 0.742 1.011 1.008
3975 0.745 1.011 1.008
3976 0.752 1.011 1.008
3977 0.753 1.011 1.008
3978 0.759 1.012 1.008
3979 0.761 1.012 1.008
3980 0.761 1.012 1.008
3981 0.764 1.012 1.009
3982 0.765 1.012 1.009
3983 0.766 1.013 1.009
3984 0.769 1.013 1.009
3985 0.770 1.013 1.009
3986 0.771 1.013 1.009
3987 0.776 1.013 1.009
3988 0.777 1.014 1.009
3989 0.782 1.014 1.009
3990 0.792 1.014 1.009
3991 0.794 1.014 1.009
3992 0.795 1.014 1.010
3993 0.796 1.014 1.010
3994 0.799 1.014 1.010
3995 0.810 1.015 1.011
3996 0.817 1.016 1.011
3997 0.827 1.016 1.011
3998 0.859 1.017 1.011
3999 0.864 1.018 1.012
4000 0.892 1.018 1.012
4001 0.919 1.018 1.012
4002 0.920 1.018 1.012
4003 0.922 1.018 1.013
4004 0.930 1.018 1.013
4005 0.941 1.019 1.014
4006 0.942 1.019 1.014
4007 0.966 1.019 1.014
4008 0.969 1.019 1.014
4009 0.989 1.020 1.014
4010 0.989 1.021 1.015
4011 0.989 1.022 1.015
4012 0.989 1.023 1.015
4013 0.989 1.025 1.015
4014 0.989 1.025 1.015
4015 0.989 1.026 1.016
4016 0.989 1.026 1.018
4017 0.989 1.027 1.019
4018 0.989 1.027 1.020
4019 1.000 1.027 1.021
4020 1.000 1.028 1.021
4021 1.000 1.028 1.022
4022 1.000 1.029 1.025
4023 1.000 1.029 1.027
4024 1.000 1.031 1.027
4025 1.000 1.032 1.027
4026 1.000 1.037 1.028
4027 1.000 1.039 1.033
4028 1.000 1.040 1.036
4029 1.000 1.044 1.037
4030 1.000 1.049 1.040
4031 1.000 1.053 1.042
4032 1.000 1.061 1.050
4033 1.000 1.075 1.058
