trace_name fifo-mr fifo-wa flex-mr flex-wa s3fifo-mr s3fifo-wa
w01.oracleGeneral.bin.zst 0.7866 1.2126 0.6805 0.3342 0.8292 0.0738
w02.oracleGeneral.bin.zst 0.0229 4.8275 0.0082 0.8642 0.0094 0.8101
w03.oracleGeneral.bin.zst 0.5309 2.7979 0.4561 0.8889 0.4955 0.6619
w04.oracleGeneral.bin.zst 0.4010 2.5500 0.3654 1.0548 0.3885 0.6938
w05.oracleGeneral.bin.zst 0.6743 1.6675 0.6691 0.6825 0.7036 0.6218
w06.oracleGeneral.bin.zst 0.0280 1.1006 0.0273 0.5240 0.0299 0.2382
w07.oracleGeneral.bin.zst 0.2615 1.6814 0.1901 0.4684 0.2368 0.3842
w08.oracleGeneral.bin.zst 0.6836 3.2575 0.5738 1.0166 0.7269 0.5804
w09.oracleGeneral.bin.zst 0.4972 2.9850 0.4107 1.0061 0.4736 0.2120
w10.oracleGeneral.bin.zst 0.4084 1.5044 0.3735 0.6455 0.4324 0.5833
w100.oracleGeneral.bin.zst 0.5829 1.2036 0.5494 0.3760 0.6193 0.0894
w101.oracleGeneral.bin.zst 0.5870 1.1863 0.5529 0.3591 0.6181 0.0886
w102.oracleGeneral.bin.zst 0.1397 1.5101 0.1099 0.6011 0.1232 0.4645
w103.oracleGeneral.bin.zst 0.1748 1.4021 0.1598 0.5679 0.1854 0.4475
w104.oracleGeneral.bin.zst 0.7043 1.6257 0.7273 0.4606 0.7732 0.1553
w105.oracleGeneral.bin.zst 0.6709 4.4289 0.4710 0.4470 0.5786 0.2078
w106.oracleGeneral.bin.zst 0.1316 1.2187 0.1076 0.3805 0.1300 0.2521
w11.oracleGeneral.bin.zst 0.3141 5.6401 0.3137 2.8459 0.3213 2.6984
w12.oracleGeneral.bin.zst 0.0147 1.4978 0.0103 0.5224 0.0122 0.3791
w13.oracleGeneral.bin.zst 0.1753 1.1752 0.1436 0.3390 0.1929 0.2718
w14.oracleGeneral.bin.zst 0.4870 3.2128 0.3836 0.5059 0.4653 0.1871
w15.oracleGeneral.bin.zst 0.7332 3.1559 0.4457 1.0529 0.5361 0.9218
w16.oracleGeneral.bin.zst 0.7244 2.5597 0.5893 0.6162 0.6730 0.2545
w17.oracleGeneral.bin.zst 0.1253 1.4044 0.1149 0.5725 0.1307 0.4031
w18.oracleGeneral.bin.zst 0.4050 1.9334 0.3418 0.7136 0.4331 0.6174
w19.oracleGeneral.bin.zst 0.1156 4.9230 0.0917 2.1136 0.0964 1.9431
w20.oracleGeneral.bin.zst 0.5984 2.2398 0.5210 0.7700 0.6009 0.5372
w21.oracleGeneral.bin.zst 0.8621 6.8712 0.7370 1.0875 0.7902 0.4280
w22.oracleGeneral.bin.zst 0.8774 2.4103 0.6783 0.3419 0.8708 0.0394
w23.oracleGeneral.bin.zst 0.3353 5.4895 0.2750 0.5547 0.2714 0.2570
w24.oracleGeneral.bin.zst 0.4157 2.3306 0.3196 0.7650 0.3554 0.6113
w25.oracleGeneral.bin.zst 0.1745 1.2938 0.1896 0.7786 0.2115 0.6827
w26.oracleGeneral.bin.zst 0.2108 1.4181 0.1512 0.5751 0.1815 0.3306
w27.oracleGeneral.bin.zst 0.3208 1.2038 0.2655 0.5269 0.3419 0.3470
w28.oracleGeneral.bin.zst 0.3667 1.2020 0.3721 0.5411 0.4092 0.4061
w29.oracleGeneral.bin.zst 0.3893 1.2442 0.3244 0.5164 0.3844 0.2660
w30.oracleGeneral.bin.zst 0.0969 1.4620 0.0785 0.6493 0.0889 0.5841
w31.oracleGeneral.bin.zst 0.7545 1.7692 0.6836 0.3603 0.7251 0.2096
w32.oracleGeneral.bin.zst 0.3915 1.7949 0.3389 1.2305 0.3270 0.2755
w33.oracleGeneral.bin.zst 0.1368 2.7527 0.1187 1.1909 0.1208 0.7557
w34.oracleGeneral.bin.zst 0.4142 2.4912 0.3704 0.9242 0.4210 0.5451
w35.oracleGeneral.bin.zst 0.0667 1.8051 0.0583 0.7651 0.0654 0.5540
w36.oracleGeneral.bin.zst 0.1258 2.9127 0.1082 1.2434 0.1097 0.7870
w37.oracleGeneral.bin.zst 0.3842 1.2667 0.2859 0.3365 0.3831 0.2039
w38.oracleGeneral.bin.zst 0.6202 3.5211 0.3993 1.1333 0.5590 0.2499
w39.oracleGeneral.bin.zst 0.0662 1.8923 0.0537 0.8207 0.0581 0.6811
w40.oracleGeneral.bin.zst 0.0844 1.9601 0.0769 0.8945 0.0797 0.5871
w41.oracleGeneral.bin.zst 0.0691 2.0502 0.0489 0.6273 0.0534 0.4928
w42.oracleGeneral.bin.zst 0.5365 2.3484 0.4051 0.9974 0.5074 0.8992
w43.oracleGeneral.bin.zst 0.4217 1.8633 0.3377 0.6424 0.3653 0.4935
w44.oracleGeneral.bin.zst 0.8700 5.0875 0.7721 0.3645 0.8438 0.1472
w45.oracleGeneral.bin.zst 0.0800 5.1669 0.0523 1.8333 0.0542 1.6077
w46.oracleGeneral.bin.zst 0.4224 1.0635 0.4471 0.4419 0.4829 0.2210
w47.oracleGeneral.bin.zst 0.0736 5.3629 0.0466 1.9763 0.0485 1.7179
w48.oracleGeneral.bin.zst 0.8383 4.7414 0.7888 0.4873 0.8349 0.2022
w49.oracleGeneral.bin.zst 0.5128 3.0895 0.2862 0.8468 0.3164 0.6970
w50.oracleGeneral.bin.zst 0.2178 2.6926 0.1181 0.4071 0.1897 0.2070
w51.oracleGeneral.bin.zst 0.2237 1.3799 0.1901 0.4317 0.2111 0.3563
w52.oracleGeneral.bin.zst 0.1427 2.8868 0.0781 0.5499 0.0876 0.4495
w53.oracleGeneral.bin.zst 0.6524 1.1550 0.6355 0.3963 0.6764 0.0624
w54.oracleGeneral.bin.zst 0.8419 1.0070 0.8404 0.3166 0.8453 0.0102
w55.oracleGeneral.bin.zst 0.8315 1.0414 0.8313 0.3578 0.8590 0.0954
w56.oracleGeneral.bin.zst 0.1003 2.1339 0.0655 0.7458 0.0722 0.5881
w57.oracleGeneral.bin.zst 0.1067 2.0393 0.0590 0.6238 0.0677 0.4860
w58.oracleGeneral.bin.zst 0.2366 2.0915 0.2129 0.4458 0.2052 0.5023
w59.oracleGeneral.bin.zst 0.3227 3.2724 0.3501 1.6957 0.3518 1.5599
w60.oracleGeneral.bin.zst 0.7339 2.7608 0.3793 0.8472 0.3974 0.6945
w61.oracleGeneral.bin.zst 0.3700 4.3589 0.2463 0.6905 0.2840 0.5045
w62.oracleGeneral.bin.zst 0.6962 1.4202 0.5686 0.3371 0.6488 0.0702
w63.oracleGeneral.bin.zst 0.5858 1.1447 0.5300 0.3593 0.6162 0.1846
w64.oracleGeneral.bin.zst 0.8705 1.0062 0.8904 0.3326 0.8963 0.0376
w66.oracleGeneral.bin.zst 0.1305 11.7855 0.0441 1.1951 0.0477 1.9043
w67.oracleGeneral.bin.zst 0.1078 3.3961 0.0713 0.9849 0.0754 0.8152
w68.oracleGeneral.bin.zst 0.1590 1.4639 0.1040 0.4244 0.1284 0.2446
w69.oracleGeneral.bin.zst 0.2924 1.6684 0.2340 0.5235 0.2722 0.4330
w70.oracleGeneral.bin.zst 0.1177 1.2324 0.0875 0.5142 0.1054 0.3317
w71.oracleGeneral.bin.zst 0.2036 2.2009 0.1276 0.5060 0.1480 0.4411
w72.oracleGeneral.bin.zst 0.1862 2.8605 0.1309 0.9244 0.1394 0.7636
w73.oracleGeneral.bin.zst 0.1948 1.7970 0.1702 0.6707 0.1891 0.5599
w74.oracleGeneral.bin.zst 0.1191 3.5596 0.0917 1.1328 0.0954 0.9609
w75.oracleGeneral.bin.zst 0.1025 1.2760 0.0762 0.5138 0.0902 0.3382
w76.oracleGeneral.bin.zst 0.1578 1.3120 0.1291 0.5258 0.1639 0.3468
w77.oracleGeneral.bin.zst 0.2937 1.6641 0.2487 0.6046 0.2773 0.4149
w78.oracleGeneral.bin.zst 0.2555 1.4147 0.2300 0.7397 0.2564 0.5926
w79.oracleGeneral.bin.zst 0.8938 1.0456 0.8619 0.3109 0.8926 0.0117
w80.oracleGeneral.bin.zst 0.4599 6.5055 0.3814 2.5063 0.3590 1.6064
w81.oracleGeneral.bin.zst 0.6912 5.8621 0.4183 0.3340 0.6218 0.0404
w82.oracleGeneral.bin.zst 0.2951 16.8416 0.1300 3.3541 0.1230 2.8384
w83.oracleGeneral.bin.zst 0.3465 1.9643 0.2882 0.3480 0.3390 0.1163
w84.oracleGeneral.bin.zst 0.2181 1.3048 0.1777 0.4336 0.2084 0.3306
w85.oracleGeneral.bin.zst 0.8110 6.6049 0.5175 0.3097 0.7707 0.0222
w86.oracleGeneral.bin.zst 0.9257 1.0424 0.9105 0.3055 0.9337 0.0318
w87.oracleGeneral.bin.zst 0.7006 1.4154 0.6456 0.4045 0.7019 0.2448
w88.oracleGeneral.bin.zst 0.1778 2.1268 0.1512 0.7924 0.1657 0.6373
w89.oracleGeneral.bin.zst 0.2635 1.1316 0.2561 0.4299 0.2847 0.1926
w90.oracleGeneral.bin.zst 0.2442 2.5720 0.2533 0.9391 0.4021 0.2894
w91.oracleGeneral.bin.zst 0.2113 1.2876 0.1555 0.3816 0.2180 0.2819
w92.oracleGeneral.bin.zst 0.8249 5.8817 0.5515 0.3171 0.8086 0.0142
w93.oracleGeneral.bin.zst 0.7353 3.4408 0.5314 0.4585 0.6212 0.2370
w94.oracleGeneral.bin.zst 0.3803 2.5363 0.3380 0.6663 0.3752 0.8753
w95.oracleGeneral.bin.zst 0.2043 1.8688 0.1714 0.5959 0.1889 0.5293
w96.oracleGeneral.bin.zst 0.2981 1.5485 0.2084 0.6369 0.2629 0.4958
w97.oracleGeneral.bin.zst 0.5771 1.1975 0.5477 0.3780 0.6201 0.1048
w98.oracleGeneral.bin.zst 0.5787 1.2213 0.5443 0.3881 0.6146 0.0960
w99.oracleGeneral.bin.zst 0.6411 5.2840 0.4341 0.3394 0.6136 0.0301
