freq num average numcdf
1 517530 0.000 517530
2 270371 1494720.000 787901
3 139644 1887500.000 927545
4 98128 1981150.000 1025673
5 88133 1788010.000 1113806
6 73078 1673730.000 1186884
7 54896 1611570.000 1241780
8 42058 1490040.000 1283838
9 32969 1343630.000 1316807
10 27239 1253900.000 1344046
11 25518 1321230.000 1369564
12 19590 1146890.000 1389154
13 15566 1039670.000 1404720
14 13052 980544.000 1417772
15 10536 913653.000 1428308
16 9084 872570.000 1437392
17 7663 818263.000 1445055
18 6737 782845.000 1451792
19 5708 747268.000 1457500
20 5075 695600.000 1462575
21 4436 671632.000 1467011
22 4248 642225.000 1471259
23 4008 634569.000 1475267
24 3464 614484.000 1478731
25 3109 570895.000 1481840
26 3387 606308.000 1485227
27 4495 701511.000 1489722
28 6266 736754.000 1495988
29 4314 661376.000 1500302
30 3123 602487.000 1503425
31 1993 488520.000 1505418
32 1525 399043.000 1506943
33 1392 373107.000 1508335
34 1442 396983.000 1509777
35 1231 345569.000 1511008
36 1189 372690.000 1512197
37 1316 386551.000 1513513
38 1077 347688.000 1514590
39 1080 347691.000 1515670
40 1028 334424.000 1516698
41 956 342907.000 1517654
42 937 323010.000 1518591
43 941 324422.000 1519532
44 882 310845.000 1520414
45 780 314578.000 1521194
46 826 297393.000 1522020
47 821 305419.000 1522841
48 769 301347.000 1523610
49 749 295234.000 1524359
50 794 300950.000 1525153
51 786 290114.000 1525939
52 842 308617.000 1526781
53 754 280991.000 1527535
54 715 280684.000 1528250
55 777 292134.000 1529027
56 759 289355.000 1529786
57 745 287480.000 1530531
58 718 285309.000 1531249
59 735 286596.000 1531984
60 721 284691.000 1532705
61 823 300330.000 1533528
62 780 280954.000 1534308
63 823 294221.000 1535131
64 904 298334.000 1536035
65 826 281597.000 1536861
66 789 284785.000 1537650
67 865 275402.000 1538515
68 996 279899.000 1539511
69 937 277614.000 1540448
70 1905 317350.000 1542353
71 928 275521.000 1543281
72 1082 284106.000 1544363
73 1050 279632.000 1545413
74 1044 283766.000 1546457
75 1228 280796.000 1547685
76 1274 283406.000 1548959
77 1338 281175.000 1550297
78 1454 283426.000 1551751
79 1398 281432.000 1553149
80 1421 280792.000 1554570
81 1501 275375.000 1556071
82 1396 273129.000 1557467
83 1423 270492.000 1558890
84 1327 263750.000 1560217
85 1384 266656.000 1561601
86 1321 260796.000 1562922
87 1140 255687.000 1564062
88 984 248691.000 1565046
89 833 239179.000 1565879
90 800 235084.000 1566679
91 680 226155.000 1567359
92 687 222111.000 1568046
93 536 208068.000 1568582
94 449 202512.000 1569031
95 411 181830.000 1569442
96 353 189884.000 1569795
97 419 186732.000 1570214
98 299 156905.000 1570513
99 274 148533.000 1570787
100 311 157640.000 1571098
101 559 199362.000 1571657
102 283 153898.000 1571940
103 314 159812.000 1572254
104 775 206753.000 1573029
105 236 144922.000 1573265
106 816 210323.000 1574081
107 214 129144.000 1574295
108 223 118846.000 1574518
109 186 126575.000 1574704
110 181 116673.000 1574885
111 167 118296.000 1575052
112 175 111073.000 1575227
113 194 102899.000 1575421
114 159 102780.000 1575580
115 177 100361.000 1575757
116 160 101581.000 1575917
117 183 100634.000 1576100
118 181 115957.000 1576281
119 175 99492.100 1576456
120 157 97128.900 1576613
121 169 106057.000 1576782
122 169 91026.100 1576951
123 157 97587.700 1577108
124 153 94234.600 1577261
125 168 102084.000 1577429
126 150 95427.500 1577579
127 178 85768.900 1577757
128 151 96870.700 1577908
129 156 88523.200 1578064
130 156 87270.400 1578220
131 130 88123.900 1578350
132 139 87767.300 1578489
133 134 99228.200 1578623
134 155 82792.800 1578778
135 130 89592.100 1578908
136 152 93951.000 1579060
137 123 94565.800 1579183
138 141 95067.800 1579324
139 113 84388.300 1579437
140 143 79762.900 1579580
141 143 92160.900 1579723
142 133 82398.600 1579856
143 137 78842.300 1579993
144 132 75114.100 1580125
145 150 90147.500 1580275
146 155 94446.200 1580430
147 120 95426.200 1580550
148 137 81700.000 1580687
149 118 77820.900 1580805
150 109 95094.400 1580914
151 146 105138.000 1581060
152 124 86213.500 1581184
153 126 88291.400 1581310
154 126 88205.800 1581436
155 129 97415.100 1581565
156 103 83651.800 1581668
157 123 94313.300 1581791
158 129 79344.100 1581920
159 114 84466.300 1582034
160 127 97378.200 1582161
161 132 96646.800 1582293
162 121 83366.400 1582414
163 123 76193.700 1582537
164 126 89571.800 1582663
165 112 83300.400 1582775
166 120 82213.100 1582895
167 135 99199.700 1583030
168 123 94657.000 1583153
169 116 81933.200 1583269
170 135 95783.500 1583404
171 123 89034.900 1583527
172 128 89815.600 1583655
173 182 107084.000 1583837
174 363 123332.000 1584200
175 134 91897.900 1584334
176 362 126331.000 1584696
177 108 82092.900 1584804
178 81 80094.700 1584885
179 90 81682.800 1584975
180 94 76600.800 1585069
181 125 72286.300 1585194
182 102 75136.200 1585296
183 101 66456.900 1585397
184 61 71285.200 1585458
185 88 73553.300 1585546
186 82 77319.200 1585628
187 88 62440.200 1585716
188 102 70056.600 1585818
189 81 62888.200 1585899
190 74 63847.400 1585973
191 83 68520.700 1586056
192 73 71860.200 1586129
193 81 64651.800 1586210
194 98 68087.800 1586308
195 99 73701.000 1586407
196 97 63258.200 1586504
197 63 60942.300 1586567
198 66 67764.200 1586633
199 85 69501.000 1586718
200 305 109660.000 1587023
201 159 97655.300 1587182
202 80 68058.100 1587262
203 61 56497.000 1587323
204 72 55305.800 1587395
205 76 63107.600 1587471
206 76 58792.000 1587547
207 68 57536.200 1587615
208 69 55040.900 1587684
209 78 54280.100 1587762
210 79 63360.400 1587841
211 60 56100.900 1587901
212 67 53268.800 1587968
213 68 59876.900 1588036
214 63 52191.700 1588099
215 58 53063.800 1588157
216 78 61166.500 1588235
217 63 51334.500 1588298
218 59 56883.000 1588357
219 69 54733.700 1588426
220 71 63358.000 1588497
221 71 54924.100 1588568
222 77 61212.500 1588645
223 69 55407.300 1588714
224 72 54979.800 1588786
225 65 56413.000 1588851
226 64 52603.400 1588915
227 70 45749.900 1588985
228 57 61059.000 1589042
229 57 56281.900 1589099
230 70 57600.800 1589169
231 72 48097.100 1589241
232 56 51842.800 1589297
233 62 54584.800 1589359
234 69 61524.900 1589428
235 52 42638.900 1589480
236 72 48315.000 1589552
237 41 48070.000 1589593
238 54 41909.400 1589647
239 52 41229.500 1589699
240 48 48786.400 1589747
241 56 44398.600 1589803
242 51 60587.900 1589854
243 54 39182.400 1589908
244 55 45747.200 1589963
245 41 47677.500 1590004
246 54 37552.500 1590058
247 54 38731.200 1590112
248 45 36043.500 1590157
249 57 44307.300 1590214
250 50 45523.100 1590264
251 37 52305.600 1590301
252 68 44288.100 1590369
253 58 50756.200 1590427
254 56 49160.000 1590483
255 54 36657.900 1590537
256 58 48361.400 1590595
257 55 49130.500 1590650
258 43 40797.600 1590693
259 52 43578.900 1590745
260 42 37934.000 1590787
261 51 56234.400 1590838
262 56 42917.300 1590894
263 53 43989.300 1590947
264 53 53965.300 1591000
265 42 34875.300 1591042
266 46 43920.100 1591088
267 38 44394.300 1591126
268 36 45455.400 1591162
269 44 48611.900 1591206
270 44 44670.100 1591250
271 41 43947.800 1591291
272 26 56092.800 1591317
273 40 47034.400 1591357
274 36 40167.100 1591393
275 39 44776.300 1591432
276 38 44618.700 1591470
277 32 36246.200 1591502
278 30 32554.800 1591532
279 43 43437.200 1591575
280 46 43060.100 1591621
281 37 54287.900 1591658
282 50 41813.200 1591708
283 37 46766.500 1591745
284 30 27931.400 1591775
285 28 36164.000 1591803
286 28 51402.400 1591831
287 49 42023.600 1591880
288 38 44598.700 1591918
289 30 39808.600 1591948
290 25 41970.500 1591973
291 24 32751.000 1591997
292 41 34334.900 1592038
293 29 25047.300 1592067
294 26 37082.700 1592093
295 31 38917.400 1592124
296 27 33831.700 1592151
297 29 49740.800 1592180
298 35 35104.100 1592215
299 32 30163.800 1592247
300 36 41116.700 1592283
301 18 32946.100 1592301
302 25 39875.600 1592326
303 25 42065.100 1592351
304 30 38600.300 1592381
305 26 34219.600 1592407
306 25 43352.700 1592432
307 24 44521.700 1592456
308 27 41915.400 1592483
309 26 36954.700 1592509
310 29 38484.900 1592538
311 24 42418.000 1592562
312 26 37768.700 1592588
313 27 37536.700 1592615
314 21 27699.100 1592636
315 20 52821.100 1592656
316 28 37332.200 1592684
317 29 53926.000 1592713
318 29 50706.300 1592742
319 28 43407.600 1592770
320 31 45036.800 1592801
321 31 49888.200 1592832
322 27 41390.100 1592859
323 29 45657.600 1592888
324 30 48103.100 1592918
325 30 53642.000 1592948
326 30 51117.500 1592978
327 36 47474.000 1593014
328 30 46811.900 1593044
329 21 54142.100 1593065
330 27 58624.800 1593092
331 28 45171.400 1593120
332 23 47701.200 1593143
333 38 54963.500 1593181
334 35 56524.300 1593216
335 49 65966.800 1593265
336 20 33067.700 1593285
337 15 41095.300 1593300
338 23 44632.800 1593323
339 17 35810.600 1593340
340 17 39915.500 1593357
341 11 50338.400 1593368
342 12 40187.800 1593380
343 18 40356.300 1593398
344 13 30192.300 1593411
345 24 25767.600 1593435
346 17 33286.600 1593452
347 11 42678.800 1593463
348 31 40273.500 1593494
349 13 36566.500 1593507
350 11 39476.900 1593518
351 11 36346.500 1593529
352 16 29250.600 1593545
353 18 42942.400 1593563
354 12 31817.900 1593575
355 18 36015.600 1593593
356 15 25574.100 1593608
357 15 33482.700 1593623
358 14 27931.800 1593637
359 16 44452.500 1593653
360 15 31007.100 1593668
361 10 38898.100 1593678
362 14 34421.100 1593692
363 19 34252.900 1593711
364 8 35426.400 1593719
365 16 42908.900 1593735
366 17 33052.500 1593752
367 10 34232.400 1593762
368 11 45935.900 1593773
369 12 27260.700 1593785
370 23 39075.400 1593808
371 17 38381.500 1593825
372 13 39988.000 1593838
373 16 39735.800 1593854
374 15 35843.300 1593869
375 9 16877.900 1593878
376 10 27424.300 1593888
377 18 44410.700 1593906
378 13 38591.600 1593919
379 17 35603.500 1593936
380 22 47855.500 1593958
381 38 51464.100 1593996
382 15 47882.100 1594011
383 23 46779.700 1594034
384 20 44707.800 1594054
385 12 41341.900 1594066
386 17 42677.100 1594083
387 10 39264.200 1594093
388 15 36812.100 1594108
389 14 22522.400 1594122
390 11 32314.500 1594133
391 10 20269.500 1594143
392 10 30655.100 1594153
393 10 38305.800 1594163
394 8 25677.000 1594171
395 9 40869.200 1594180
396 8 27556.600 1594188
397 14 30575.000 1594202
398 6 47011.200 1594208
399 14 32178.100 1594222
400 10 32012.100 1594232
401 14 35031.000 1594246
402 11 20110.600 1594257
403 11 29816.300 1594268
404 10 40107.200 1594278
405 13 46051.200 1594291
406 12 37647.700 1594303
407 10 38477.600 1594313
408 7 39914.700 1594320
409 13 51141.300 1594333
410 7 35579.900 1594340
411 10 31050.200 1594350
412 9 47192.900 1594359
413 9 38397.900 1594368
414 10 40045.300 1594378
415 10 38535.900 1594388
416 6 46663.300 1594394
417 9 30915.400 1594403
418 11 22829.100 1594414
419 9 22873.600 1594423
420 10 24925.600 1594433
421 10 29268.300 1594443
422 4 34562.000 1594447
423 2 15634.000 1594449
424 8 31917.800 1594457
425 4 26556.000 1594461
426 11 39378.800 1594472
427 15 43895.500 1594487
428 11 33592.700 1594498
429 6 30242.700 1594504
430 11 37520.400 1594515
431 7 26638.000 1594522
432 5 40287.400 1594527
433 10 22702.200 1594537
434 8 32461.400 1594545
435 6 34723.500 1594551
436 8 34351.100 1594559
437 10 37453.100 1594569
438 9 46228.200 1594578
439 10 35083.400 1594588
440 7 45259.100 1594595
441 12 32379.200 1594607
442 8 41071.400 1594615
443 7 42898.300 1594622
444 9 40032.600 1594631
445 8 36917.400 1594639
446 8 15494.400 1594647
447 12 36216.200 1594659
448 7 27336.100 1594666
449 7 39218.300 1594673
450 11 41631.300 1594684
451 9 36657.900 1594693
452 16 33063.600 1594709
453 13 33109.900 1594722
454 8 39664.000 1594730
455 5 33332.400 1594735
456 4 39844.000 1594739
457 10 31404.600 1594749
458 13 37160.200 1594762
459 15 43349.700 1594777
460 8 33790.100 1594785
461 7 41469.300 1594792
462 11 34252.300 1594803
463 8 23955.000 1594811
464 7 32453.400 1594818
465 10 45510.900 1594828
466 7 27336.100 1594835
467 10 27216.900 1594845
468 16 35463.600 1594861
469 4 31269.000 1594865
470 6 29873.000 1594871
471 12 31340.800 1594883
472 14 37437.100 1594897
473 9 37456.900 1594906
474 11 37909.800 1594917
475 7 44873.000 1594924
476 8 34036.500 1594932
477 7 29724.700 1594939
478 8 31109.400 1594947
479 6 48683.800 1594953
480 9 32526.100 1594962
481 5 31181.000 1594967
482 9 37602.200 1594976
483 5 32241.000 1594981
484 12 32524.400 1594993
485 5 12177.400 1594998
486 11 28106.500 1595009
487 7 27568.300 1595016
488 16 37538.600 1595032
489 4 33310.200 1595036
490 9 37014.000 1595045
491 13 32741.400 1595058
492 9 29936.600 1595067
493 15 39325.300 1595082
494 8 31264.400 1595090
495 8 36635.100 1595098
496 8 43765.600 1595106
497 3 42485.000 1595109
498 9 22630.000 1595118
499 8 35145.200 1595126
500 3 35350.700 1595129
501 7 14432.900 1595136
502 12 31481.100 1595148
503 10 32196.600 1595158
504 7 32835.400 1595165
505 7 30745.700 1595172
506 11 34826.800 1595183
507 4 47890.500 1595187
508 8 30028.200 1595195
509 4 33304.000 1595199
510 7 23804.000 1595206
511 8 19285.100 1595214
512 5 29894.800 1595219
513 1 44014.000 1595220
514 8 27930.200 1595228
515 8 25632.900 1595236
516 8 29666.400 1595244
517 13 31614.400 1595257
518 5 42135.600 1595262
519 5 35995.200 1595267
520 6 20735.800 1595273
521 7 26834.900 1595280
522 7 40628.900 1595287
523 10 33533.800 1595297
524 3 26773.700 1595300
525 12 26433.200 1595312
526 8 24310.400 1595320
527 4 21899.500 1595324
528 5 20211.800 1595329
529 4 29660.500 1595333
530 8 19218.900 1595341
531 6 29765.800 1595347
532 4 31038.200 1595351
533 6 24761.700 1595357
534 5 30298.800 1595362
535 8 29360.400 1595370
536 6 26965.700 1595376
537 9 30726.000 1595385
538 5 37032.400 1595390
539 3 30170.700 1595393
540 1 35673.000 1595394
541 8 36225.800 1595402
542 3 35219.700 1595405
543 2 40794.500 1595407
544 6 25282.500 1595413
546 7 33800.300 1595420
548 5 22725.800 1595425
549 5 40836.200 1595430
550 2 44596.000 1595432
551 8 21603.400 1595440
552 5 28558.600 1595445
553 3 40585.000 1595448
554 5 38930.200 1595453
555 4 44185.800 1595457
556 6 31015.500 1595463
557 3 26709.700 1595466
558 3 39736.700 1595469
559 2 25013.500 1595471
560 4 28817.200 1595475
561 2 38602.500 1595477
562 3 20275.000 1595480
563 1 6497.000 1595481
565 3 27920.300 1595484
566 4 17353.800 1595488
567 5 20975.200 1595493
568 3 40071.700 1595496
569 5 22223.000 1595501
570 4 37278.000 1595505
571 1 31975.000 1595506
572 4 32019.800 1595510
573 4 21921.200 1595514
574 5 29393.000 1595519
575 4 26022.500 1595523
576 3 26482.000 1595526
577 5 22380.000 1595531
578 1 43272.000 1595532
579 5 28211.800 1595537
580 3 41117.000 1595540
582 3 15499.000 1595543
583 2 27454.000 1595545
584 5 36256.200 1595550
585 4 25805.800 1595554
586 3 39727.300 1595557
587 3 40396.000 1595560
588 2 32634.500 1595562
589 7 25525.900 1595569
591 4 25017.800 1595573
592 2 17508.000 1595575
593 2 20095.000 1595577
594 8 16882.100 1595585
595 5 38334.800 1595590
596 5 21881.000 1595595
597 1 16499.000 1595596
598 2 16412.500 1595598
599 1 37704.000 1595599
600 1 4709.000 1595600
602 4 35249.800 1595604
603 3 19380.700 1595607
604 2 28340.000 1595609
605 1 38975.000 1595610
606 3 29234.300 1595613
607 3 31356.700 1595616
608 2 37509.000 1595618
609 3 25347.300 1595621
610 1 36242.000 1595622
611 4 25485.500 1595626
612 4 30673.500 1595630
613 3 39616.300 1595633
614 4 31859.800 1595637
615 7 30866.400 1595644
616 2 19305.500 1595646
617 5 20679.000 1595651
618 4 27410.800 1595655
619 2 39312.000 1595657
620 4 30173.000 1595661
621 3 13557.000 1595664
622 3 18908.300 1595667
623 7 38688.000 1595674
624 4 23534.000 1595678
625 5 15967.800 1595683
626 7 33158.700 1595690
627 6 21370.300 1595696
628 2 4463.000 1595698
629 3 37393.000 1595701
630 3 25171.000 1595704
631 2 33207.500 1595706
632 4 37363.200 1595710
633 2 27386.500 1595712
634 5 30240.000 1595717
635 5 25412.600 1595722
636 9 30667.800 1595731
637 4 28519.500 1595735
638 3 25924.300 1595738
639 5 19001.200 1595743
640 9 37615.100 1595752
641 3 25201.300 1595755
642 7 31375.100 1595762
643 4 31069.000 1595766
644 5 28816.800 1595771
645 7 24232.400 1595778
646 4 36833.000 1595782
647 8 29813.800 1595790
648 8 35414.600 1595798
649 4 36579.800 1595802
650 7 33350.900 1595809
652 8 21738.900 1595817
653 3 26291.000 1595820
654 2 37314.000 1595822
655 6 26480.200 1595828
656 4 36689.800 1595832
657 3 34587.000 1595835
658 4 36047.000 1595839
659 10 29203.600 1595849
660 3 36688.000 1595852
661 7 33168.700 1595859
662 9 21519.700 1595868
663 2 23860.000 1595870
664 7 31034.300 1595877
665 11 32792.400 1595888
666 7 34607.600 1595895
667 5 37229.800 1595900
668 5 31399.200 1595905
669 8 35353.900 1595913
670 3 23831.300 1595916
671 7 33072.100 1595923
672 4 31938.200 1595927
673 5 29887.400 1595932
674 6 30903.200 1595938
675 4 35383.000 1595942
676 7 33975.000 1595949
677 11 27059.600 1595960
678 4 35593.500 1595964
679 6 31852.700 1595970
680 8 25669.800 1595978
681 6 34842.500 1595984
682 3 35114.700 1595987
683 6 30213.200 1595993
684 6 35331.800 1595999
685 5 34846.200 1596004
686 6 29533.700 1596010
687 8 20624.200 1596018
688 5 27869.200 1596023
689 8 28409.400 1596031
690 7 33169.900 1596038
691 4 34501.800 1596042
692 7 30343.600 1596049
693 11 26450.300 1596060
694 7 33421.100 1596067
695 4 34460.500 1596071
696 7 29689.300 1596078
697 10 30904.600 1596088
698 5 29117.000 1596093
699 3 34196.700 1596096
700 4 27271.000 1596100
701 5 28001.800 1596105
702 5 28951.400 1596110
703 3 27952.700 1596113
704 5 30964.200 1596118
705 6 30094.700 1596124
706 7 24863.300 1596131
707 5 27644.200 1596136
708 7 30544.300 1596143
709 4 32146.500 1596147
710 3 33401.300 1596150
711 6 28528.700 1596156
712 4 24734.000 1596160
713 6 20343.800 1596166
714 5 31410.400 1596171
715 2 9932.500 1596173
716 2 33566.000 1596175
717 5 29954.400 1596180
718 4 24281.200 1596184
719 4 18594.500 1596188
720 9 26391.900 1596197
721 9 33156.000 1596206
722 3 34589.000 1596209
723 6 17243.300 1596215
724 5 28245.000 1596220
725 6 22799.700 1596226
726 4 32660.000 1596230
727 5 26932.400 1596235
728 6 28111.200 1596241
729 2 33019.000 1596243
730 5 27100.400 1596248
731 2 32192.000 1596250
732 6 32593.500 1596256
733 3 23689.300 1596259
734 3 22373.700 1596262
735 3 27027.700 1596265
736 4 26265.200 1596269
737 6 30300.800 1596275
738 3 32476.000 1596278
739 2 33002.500 1596280
740 4 27601.500 1596284
741 3 23991.700 1596287
742 7 23450.900 1596294
743 3 29487.000 1596297
744 3 23757.700 1596300
745 4 26182.500 1596304
746 3 32488.700 1596307
747 2 17460.500 1596309
748 3 22401.000 1596312
749 3 11547.300 1596315
750 1 13034.000 1596316
751 3 32372.300 1596319
752 5 18153.400 1596324
753 4 27829.800 1596328
754 5 21999.600 1596333
756 1 31306.000 1596334
757 3 31580.300 1596337
758 1 4188.000 1596338
759 4 22228.800 1596342
760 3 32302.700 1596345
761 2 31242.500 1596347
762 1 32522.000 1596348
763 3 13812.700 1596351
764 2 15207.000 1596353
766 3 23466.000 1596356
767 2 31794.000 1596358
768 1 20770.000 1596359
769 3 16204.300 1596362
770 2 17880.000 1596364
771 5 23941.800 1596369
772 2 30666.000 1596371
773 3 21788.000 1596374
775 8 21829.500 1596382
777 2 20653.500 1596384
779 1 5337.000 1596385
780 3 8387.670 1596388
781 2 27254.500 1596390
782 2 21615.000 1596392
783 2 11534.500 1596394
784 3 14239.000 1596397
785 2 30686.500 1596399
786 2 10441.000 1596401
787 2 31234.000 1596403
788 1 1314.000 1596404
789 1 31038.000 1596405
790 2 18790.000 1596407
791 3 16387.300 1596410
793 2 31515.500 1596412
794 3 18616.300 1596415
795 1 30709.000 1596416
796 3 13954.300 1596419
797 3 20533.000 1596422
798 5 21894.600 1596427
800 1 28871.000 1596428
801 2 30710.500 1596430
802 1 30533.000 1596431
803 2 18847.000 1596433
804 2 13739.500 1596435
805 2 23990.500 1596437
807 4 21567.200 1596441
808 1 31317.000 1596442
809 2 29779.500 1596444
811 1 9488.000 1596445
813 2 22176.500 1596447
814 2 18269.000 1596449
815 2 15225.500 1596451
817 2 29968.500 1596453
818 1 13611.000 1596454
819 4 29636.500 1596458
820 1 29863.000 1596459
821 3 21143.700 1596462
822 2 22746.500 1596464
823 2 25620.000 1596466
824 3 20439.700 1596469
825 1 29354.000 1596470
826 2 20737.000 1596472
827 1 3882.000 1596473
828 1 29574.000 1596474
829 2 20556.500 1596476
830 2 29470.500 1596478
831 4 15367.800 1596482
832 3 16378.700 1596485
833 3 25792.700 1596488
834 1 29235.000 1596489
835 2 27902.500 1596491
836 2 18969.000 1596493
837 3 24463.300 1596496
838 2 25368.000 1596498
840 1 29151.000 1596499
841 3 15618.300 1596502
842 2 29149.000 1596504
844 1 12216.000 1596505
845 1 23656.000 1596506
846 2 28969.000 1596508
847 1 28910.000 1596509
848 1 12254.000 1596510
849 2 28324.500 1596512
851 1 29655.000 1596513
852 2 29036.000 1596515
854 2 7862.500 1596517
855 1 28638.000 1596518
856 3 16930.700 1596521
857 2 25774.000 1596523
859 1 28462.000 1596524
860 1 26382.000 1596525
861 2 26339.500 1596527
862 1 6847.000 1596528
863 2 24306.500 1596530
864 1 28097.000 1596531
865 1 21520.000 1596532
866 2 28388.500 1596534
867 2 14200.000 1596536
869 1 28151.000 1596537
870 1 428.000 1596538
871 2 26325.000 1596540
873 2 28372.500 1596542
875 1 28615.000 1596543
876 2 28447.500 1596545
877 2 28383.000 1596547
878 1 28750.000 1596548
879 1 812.000 1596549
880 1 27824.000 1596550
881 2 28080.000 1596552
883 2 4867.000 1596554
884 4 17329.800 1596558
885 3 27628.700 1596561
886 1 28205.000 1596562
889 1 27536.000 1596563
891 2 3623.000 1596565
892 1 3060.000 1596566
893 1 26610.000 1596567
895 2 27654.500 1596569
897 1 6339.000 1596570
899 1 10888.000 1596571
900 1 14420.000 1596572
902 1 6695.000 1596573
903 2 11610.500 1596575
904 2 6149.000 1596577
906 1 13463.000 1596578
908 2 14001.000 1596580
909 2 25572.000 1596582
912 1 19967.000 1596583
916 2 13693.500 1596585
917 1 27045.000 1596586
918 1 27279.000 1596587
919 2 16514.500 1596589
920 1 26616.000 1596590
922 1 4987.000 1596591
925 2 22421.500 1596593
926 1 19714.000 1596594
929 2 23632.000 1596596
931 3 19041.700 1596599
932 1 12867.000 1596600
933 1 4547.000 1596601
934 1 19532.000 1596602
936 1 26775.000 1596603
937 2 25296.000 1596605
938 1 19463.000 1596606
941 2 9393.000 1596608
942 1 4900.000 1596609
943 1 24826.000 1596610
945 1 26835.000 1596611
946 2 22098.500 1596613
947 1 25258.000 1596614
950 2 8951.000 1596616
951 2 16637.500 1596618
952 2 4007.500 1596620
953 1 26259.000 1596621
954 1 8029.000 1596622
957 2 24097.500 1596624
958 1 26122.000 1596625
959 2 25906.000 1596627
960 1 25504.000 1596628
962 2 20281.500 1596630
963 1 25606.000 1596631
965 3 20141.000 1596634
966 2 4216.500 1596636
967 1 26350.000 1596637
969 2 25492.500 1596639
970 2 24495.000 1596641
972 1 5296.000 1596642
974 1 25723.000 1596643
975 1 12023.000 1596644
976 5 10790.000 1596649
977 1 144.000 1596650
979 1 25562.000 1596651
980 1 22730.000 1596652
983 2 16114.000 1596654
986 1 24306.000 1596655
988 1 25164.000 1596656
990 1 22952.000 1596657
993 1 22088.000 1596658
994 1 25509.000 1596659
997 1 9545.000 1596660
1001 1 25014.000 1596661
1003 1 24407.000 1596662
1004 1 24954.000 1596663
1007 2 25199.500 1596665
1009 2 18902.500 1596667
1011 1 23657.000 1596668
1013 1 4389.000 1596669
1017 1 9646.000 1596670
1021 2 13152.000 1596672
1022 1 24526.000 1596673
1025 1 17792.000 1596674
1028 1 24775.000 1596675
1029 2 19922.500 1596677
1034 1 1746.000 1596678
1037 1 4501.000 1596679
1038 1 2839.000 1596680
1040 1 9749.000 1596681
1044 1 24450.000 1596682
1048 1 24276.000 1596683
1053 2 20051.500 1596685
1054 1 11989.000 1596686
1057 2 23057.500 1596688
1059 2 17006.500 1596690
1062 1 6848.000 1596691
1064 1 23169.000 1596692
1065 1 9776.000 1596693
1066 1 10632.000 1596694
1070 3 23813.000 1596697
1073 1 20700.000 1596698
1074 1 5283.000 1596699
1075 1 22098.000 1596700
1076 1 23681.000 1596701
1078 1 8575.000 1596702
1082 1 19231.000 1596703
1083 1 7072.000 1596704
1084 1 20823.000 1596705
1090 1 5639.000 1596706
1093 1 22923.000 1596707
1095 1 16595.000 1596708
1099 2 21714.000 1596710
1100 1 5615.000 1596711
1101 1 1361.000 1596712
1102 2 22117.500 1596714
1106 1 22620.000 1596715
1108 1 22864.000 1596716
1109 1 22863.000 1596717
1111 2 12733.000 1596719
1116 1 22853.000 1596720
1117 1 17881.000 1596721
1120 1 20608.000 1596722
1125 1 21122.000 1596723
1126 1 21887.000 1596724
1132 1 22601.000 1596725
1135 1 19876.000 1596726
1143 1 21569.000 1596727
1154 1 15732.000 1596728
1159 1 19149.000 1596729
1163 1 20126.000 1596730
1167 1 21923.000 1596731
1178 1 210.000 1596732
1183 2 12691.000 1596734
1188 1 11785.000 1596735
1189 1 5425.000 1596736
1191 2 8394.500 1596738
1192 1 21188.000 1596739
1197 3 16066.700 1596742
1198 1 7506.000 1596743
1201 1 20751.000 1596744
1202 1 5760.000 1596745
1206 1 14956.000 1596746
1207 1 7694.000 1596747
1209 1 20911.000 1596748
1211 2 10630.000 1596750
1212 2 20634.500 1596752
1215 1 12873.000 1596753
1217 1 5137.000 1596754
1223 1 20650.000 1596755
1225 2 13159.500 1596757
1233 2 10312.500 1596759
1235 2 11087.500 1596761
1238 1 1034.000 1596762
1239 1 20467.000 1596763
1242 1 2775.000 1596764
1244 1 15207.000 1596765
1247 1 6760.000 1596766
1257 1 432.000 1596767
1262 1 4816.000 1596768
1263 1 16010.000 1596769
1264 1 14119.000 1596770
1275 1 19569.000 1596771
1279 2 13844.000 1596773
1282 1 19926.000 1596774
1283 1 19924.000 1596775
1285 2 14614.000 1596777
1287 1 19704.000 1596778
1291 1 8257.000 1596779
1293 1 18260.000 1596780
1295 1 17871.000 1596781
1303 1 10347.000 1596782
1305 1 17544.000 1596783
1306 1 18616.000 1596784
1307 1 19345.000 1596785
1309 1 8675.000 1596786
1311 1 819.000 1596787
1314 1 15034.000 1596788
1318 1 19418.000 1596789
1320 1 19365.000 1596790
1322 2 11617.000 1596792
1324 2 15416.000 1596794
1326 1 15146.000 1596795
1327 1 6733.000 1596796
1328 1 19154.000 1596797
1330 1 13747.000 1596798
1331 1 14189.000 1596799
1337 1 10162.000 1596800
1341 1 3773.000 1596801
1348 1 6576.000 1596802
1352 1 15499.000 1596803
1353 1 4274.000 1596804
1354 1 4151.000 1596805
1357 2 15468.000 1596807
1362 1 127.000 1596808
1363 1 8496.000 1596809
1368 1 184.000 1596810
1381 1 18368.000 1596811
1383 1 18221.000 1596812
1387 1 18397.000 1596813
1392 1 18345.000 1596814
1394 1 2369.000 1596815
1410 1 8826.000 1596816
1412 1 6025.000 1596817
1421 1 167.000 1596818
1423 1 5118.000 1596819
1427 1 17913.000 1596820
1428 1 15168.000 1596821
1433 1 13965.000 1596822
1447 1 17202.000 1596823
1452 1 8253.000 1596824
1459 1 131.000 1596825
1460 1 2426.000 1596826
1473 1 855.000 1596827
1474 1 2681.000 1596828
1476 1 16476.000 1596829
1482 1 16129.000 1596830
1485 1 17195.000 1596831
1491 1 16278.000 1596832
1495 1 2416.000 1596833
1498 1 17064.000 1596834
1512 3 16876.000 1596837
1523 1 4391.000 1596838
1525 1 16684.000 1596839
1529 3 16426.700 1596842
1538 1 16621.000 1596843
1540 1 14725.000 1596844
1543 1 16490.000 1596845
1550 1 4106.000 1596846
1551 1 16303.000 1596847
1559 1 4960.000 1596848
1561 1 12869.000 1596849
1569 1 16267.000 1596850
1572 1 14426.000 1596851
1580 3 16178.000 1596854
1587 1 16107.000 1596855
1588 1 15916.000 1596856
1595 1 6703.000 1596857
1596 1 15705.000 1596858
1600 2 7245.000 1596860
1604 1 15936.000 1596861
1608 1 15897.000 1596862
1611 1 8699.000 1596863
1643 1 14849.000 1596864
1653 1 15343.000 1596865
1665 1 754.000 1596866
1666 1 7708.000 1596867
1668 1 15325.000 1596868
1671 2 9204.500 1596870
1672 1 5232.000 1596871
1689 1 6098.000 1596872
1706 1 9023.000 1596873
1720 1 13179.000 1596874
1723 1 14346.000 1596875
1727 2 13788.500 1596877
1735 1 10889.000 1596878
1758 1 14533.000 1596879
1767 1 3525.000 1596880
1774 1 4435.000 1596881
1776 1 7943.000 1596882
1790 1 11611.000 1596883
1792 1 4066.000 1596884
1793 1 14157.000 1596885
1798 1 14216.000 1596886
1799 1 14173.000 1596887
1802 1 2502.000 1596888
1814 1 13803.000 1596889
1816 1 13485.000 1596890
1834 1 13841.000 1596891
1836 1 13605.000 1596892
1854 1 13718.000 1596893
1856 2 11684.000 1596895
1858 1 12206.000 1596896
1861 1 13440.000 1596897
1875 1 9741.000 1596898
1885 1 13466.000 1596899
1899 1 13367.000 1596900
1900 1 3676.000 1596901
1901 1 13437.000 1596902
1913 1 2985.000 1596903
1918 1 11767.000 1596904
1925 1 6747.000 1596905
1931 1 13055.000 1596906
1940 1 13084.000 1596907
1944 4 13142.000 1596911
1947 1 10680.000 1596912
1959 1 12958.000 1596913
1961 1 11445.000 1596914
1962 1 6215.000 1596915
1965 1 12918.000 1596916
1971 1 6188.000 1596917
1973 1 10741.000 1596918
1976 1 3682.000 1596919
1985 1 7051.000 1596920
2019 2 10791.000 1596922
2023 1 12329.000 1596923
2052 1 3267.000 1596924
2059 1 6530.000 1596925
2063 1 6067.000 1596926
2069 1 4699.000 1596927
2075 1 10827.000 1596928
2084 1 7784.000 1596929
2091 2 8988.500 1596931
2095 1 8891.000 1596932
2099 1 2796.000 1596933
2111 1 1446.000 1596934
2121 1 6829.000 1596935
2126 1 11495.000 1596936
2131 1 10633.000 1596937
2136 1 5270.000 1596938
2141 1 11682.000 1596939
2168 1 11753.000 1596940
2172 1 10436.000 1596941
2186 1 11678.000 1596942
2193 1 9526.000 1596943
2205 1 9851.000 1596944
2221 1 5342.000 1596945
2230 1 11077.000 1596946
2251 1 5691.000 1596947
2273 1 4687.000 1596948
2332 1 5256.000 1596949
2354 1 5935.000 1596950
2420 1 10118.000 1596951
2538 1 10083.000 1596952
2561 1 5733.000 1596953
2579 1 7785.000 1596954
2580 1 6551.000 1596955
2592 1 9564.000 1596956
2598 1 5389.000 1596957
2620 2 9070.500 1596959
2640 1 8313.000 1596960
2677 1 2819.000 1596961
2688 1 9509.000 1596962
2697 1 9407.000 1596963
2703 1 3281.000 1596964
2712 1 4032.000 1596965
2715 1 8304.000 1596966
2717 1 7652.000 1596967
2753 1 5276.000 1596968
2763 1 9245.000 1596969
2783 1 7141.000 1596970
2786 1 8957.000 1596971
2809 1 6701.000 1596972
2817 1 9075.000 1596973
2828 1 9006.000 1596974
2854 2 7122.000 1596976
2856 1 8841.000 1596977
2869 1 7859.000 1596978
2895 1 8798.000 1596979
2922 1 2373.000 1596980
2941 1 4751.000 1596981
2945 1 7917.000 1596982
2946 1 8167.000 1596983
2955 1 8122.000 1596984
2961 1 8621.000 1596985
2999 1 8523.000 1596986
3070 1 8311.000 1596987
3093 1 1179.000 1596988
3096 1 7873.000 1596989
3146 1 1939.000 1596990
3161 1 4140.000 1596991
3194 1 5476.000 1596992
3195 1 6572.000 1596993
3202 1 7983.000 1596994
3207 1 7083.000 1596995
3212 1 2125.000 1596996
3221 1 5777.000 1596997
3242 1 6057.000 1596998
3290 1 6894.000 1596999
3295 1 3765.000 1597000
3298 1 7294.000 1597001
3328 1 6902.000 1597002
3345 1 7312.000 1597003
3377 1 6839.000 1597004
3391 1 7297.000 1597005
3409 1 5635.000 1597006
3414 1 7235.000 1597007
3419 1 5166.000 1597008
3488 1 3202.000 1597009
3523 1 7241.000 1597010
3553 1 2533.000 1597011
3558 1 4881.000 1597012
3576 1 3624.000 1597013
3604 1 4413.000 1597014
3624 1 5467.000 1597015
3631 1 6957.000 1597016
3662 1 4166.000 1597017
3714 1 4050.000 1597018
3719 1 3999.000 1597019
3743 1 5883.000 1597020
3774 1 1821.000 1597021
3779 1 1775.000 1597022
3781 1 6736.000 1597023
3829 1 1647.000 1597024
3889 1 6569.000 1597025
3952 1 2701.000 1597026
3990 1 6271.000 1597027
4014 1 5213.000 1597028
4048 1 6096.000 1597029
4064 1 4087.000 1597030
4142 1 2504.000 1597031
4173 1 5816.000 1597032
4191 1 5562.000 1597033
4205 1 6006.000 1597034
4213 1 5571.000 1597035
4243 1 704.000 1597036
4250 1 4494.000 1597037
4601 1 5235.000 1597038
4643 1 3486.000 1597039
4647 1 1412.000 1597040
4807 1 2499.000 1597041
4896 1 1411.000 1597042
5091 1 5025.000 1597043
5141 1 3536.000 1597044
5148 1 196.000 1597045
5219 1 1310.000 1597046
5325 1 1302.000 1597047
5436 1 4605.000 1597048
5492 1 1116.000 1597049
5532 1 2821.000 1597050
5696 1 3823.000 1597051
5770 1 4397.000 1597052
5968 1 3782.000 1597053
6013 1 4249.000 1597054
6174 1 3517.000 1597055
6886 1 3713.000 1597056
7211 1 2581.000 1597057
7287 1 2972.000 1597058
7939 1 2854.000 1597059
8445 1 820.000 1597060
8492 1 816.000 1597061
8494 1 816.000 1597062
8538 1 2952.000 1597063
8663 1 2940.000 1597064
9974 1 1336.000 1597065
10148 1 761.000 1597066
10151 1 1825.000 1597067
10277 1 2488.000 1597068
10332 1 2474.000 1597069
10404 1 637.000 1597070
10968 1 2334.000 1597071
11584 1 2126.000 1597072
12126 1 2023.000 1597073
12175 1 2102.000 1597074
12316 1 2071.000 1597075
12533 1 2024.000 1597076
12990 1 1970.000 1597077
13167 1 1900.000 1597078
13256 3 1931.000 1597081
13259 1 1930.000 1597082
13290 1 1437.000 1597083
13291 1 1437.000 1597084
13297 2 521.000 1597086
13324 1 579.000 1597087
17343 1 1411.000 1597088
17355 1 1410.000 1597089
17356 1 1410.000 1597090
18339 1 957.000 1597091
18511 1 1354.000 1597092
19758 1 1267.000 1597093
22676 1 1128.000 1597094
23118 1 1084.000 1597095
24665 1 1028.000 1597096
25437 1 985.000 1597097
25853 1 969.000 1597098
26060 1 982.000 1597099
26242 1 955.000 1597100
26528 1 965.000 1597101
28192 1 889.000 1597102
29138 1 859.000 1597103
29152 1 859.000 1597104
31563 1 811.000 1597105
32123 1 780.000 1597106
33116 1 772.000 1597107
34005 1 752.000 1597108
38178 1 656.000 1597109
39879 1 628.000 1597110
39908 1 628.000 1597111
39910 1 628.000 1597112
39920 1 628.000 1597113
45722 1 559.000 1597114
48538 1 516.000 1597115
48554 1 516.000 1597116
52026 1 470.000 1597117
55387 1 452.000 1597118
62434 1 401.000 1597119
62439 1 401.000 1597120
74106 1 337.000 1597121
126323 2 202.000 1597123
152132 1 164.000 1597124
259413 1 96.000 1597125
563282 1 44.000 1597126
572249 1 43.000 1597127
572297 1 43.000 1597128
572313 1 43.000 1597129
572314 1 43.000 1597130
1557420 1 16.000 1597131
1557421 1 16.000 1597132
