index FlexCache S3-FIFO ARC Cacheus LeCaR LIRS WTinyLFU GDSF
w70.oracleGeneral.bin.zst_6928385 0.994 0.996 0.994 0.990 0.966 0.985 0.912 0.949
w94.oracleGeneral.bin.zst_4118188 0.959 0.954 0.814 0.882 0.685 1.000 0.832 0.697
w105.oracleGeneral.bin.zst_3375344 0.945 1.000 0.946 0.848 0.814 0.964 0.869 0.788
w35.oracleGeneral.bin.zst_15415663 0.998 1.000 0.999 0.991 0.991 0.998 0.994 0.989
w19.oracleGeneral.bin.zst_31116216 0.909 0.910 0.812 0.983 0.594 1.000 0.971 0.697
w75.oracleGeneral.bin.zst_6152624 0.997 1.000 0.993 0.977 0.961 0.995 0.971 0.956
w50.oracleGeneral.bin.zst_13448032 0.971 0.196 0.268 0.287 0.104 0.871 1.000 0.126
w97.oracleGeneral.bin.zst_3768450 0.990 1.000 0.954 0.948 0.921 0.949 1.000 0.938
w83.oracleGeneral.bin.zst_3880481 0.968 0.974 0.947 0.952 0.945 0.951 1.000 0.940
w81.oracleGeneral.bin.zst_5026619 0.999 0.999 0.993 0.965 0.940 0.994 0.978 0.947
w63.oracleGeneral.bin.zst_9380316 0.978 0.961 0.973 0.963 0.780 0.946 0.881 0.857
w86.oracleGeneral.bin.zst_4749563 0.917 0.926 0.969 0.985 0.754 0.872 0.767 0.778
w60.oracleGeneral.bin.zst_9898835 0.950 1.000 0.910 0.898 0.850 0.871 0.833 0.886
w30.oracleGeneral.bin.zst_21390010 0.936 0.962 0.967 0.884 0.855 1.000 0.873 0.829
w102.oracleGeneral.bin.zst_3558215 0.992 0.989 0.993 0.993 0.992 0.977 0.968 0.986
w78.oracleGeneral.bin.zst_5493106 0.996 0.997 0.994 0.982 0.953 0.989 0.951 0.977
w18.oracleGeneral.bin.zst_22466283 1.000 0.996 0.990 0.962 0.907 0.987 0.940 0.927
w99.oracleGeneral.bin.zst_3660840 0.983 0.988 0.993 0.946 0.940 1.000 0.963 0.941
w03.oracleGeneral.bin.zst_84712978 0.974 1.000 0.952 0.953 0.947 0.918 0.973 0.962
w42.oracleGeneral.bin.zst_16894445 0.987 1.000 0.974 0.934 0.871 0.953 0.922 0.904
w44.oracleGeneral.bin.zst_12116074 0.979 0.948 1.000 0.941 0.788 0.980 0.783 0.833
w98.oracleGeneral.bin.zst_3664418 0.990 0.999 0.953 0.943 0.919 0.949 1.000 0.934
w68.oracleGeneral.bin.zst_8875971 0.995 0.985 0.966 0.888 0.891 0.998 1.000 0.933
w27.oracleGeneral.bin.zst_19501541 1.000 0.977 0.967 0.966 0.924 0.895 0.753 0.948
w101.oracleGeneral.bin.zst_3587707 0.988 1.000 0.948 0.941 0.924 0.945 0.994 0.935
w28.oracleGeneral.bin.zst_19739621 0.964 0.980 0.951 0.855 0.768 1.000 0.853 0.795
w23.oracleGeneral.bin.zst_27914470 0.987 0.998 0.976 0.911 0.784 0.989 1.000 0.880
w54.oracleGeneral.bin.zst_8832954 1.000 0.997 0.998 0.999 0.921 0.944 0.948 0.982
w13.oracleGeneral.bin.zst_39822877 0.937 0.931 0.990 0.992 1.000 0.901 0.778 0.962
w22.oracleGeneral.bin.zst_22248591 1.000 0.862 0.894 0.890 0.813 0.994 0.992 0.822
w51.oracleGeneral.bin.zst_9551283 0.998 0.964 0.986 0.989 0.939 1.000 0.982 0.927
w84.oracleGeneral.bin.zst_4814234 0.983 0.992 0.976 0.959 0.939 0.976 1.000 0.936
w37.oracleGeneral.bin.zst_18840688 0.994 1.000 0.947 0.881 0.825 0.939 0.968 0.897
w87.oracleGeneral.bin.zst_3788806 1.000 0.943 0.911 0.874 0.759 0.836 0.863 0.836
w34.oracleGeneral.bin.zst_19553551 0.985 0.983 1.000 0.965 0.944 0.910 0.862 0.932
w66.oracleGeneral.bin.zst_9169631 0.988 1.000 0.989 0.947 0.915 0.984 0.970 0.954
w06.oracleGeneral.bin.zst_69392150 0.990 0.990 0.991 0.989 0.994 0.997 1.000 0.980
w91.oracleGeneral.bin.zst_4316605 1.000 0.964 0.964 0.911 0.882 0.961 0.995 0.895
w79.oracleGeneral.bin.zst_5411394 1.000 0.933 0.964 0.966 0.552 0.974 0.972 0.819
w41.oracleGeneral.bin.zst_17004738 0.988 0.988 0.981 0.976 0.982 0.984 1.000 0.965
w72.oracleGeneral.bin.zst_6407185 0.985 0.981 0.991 0.994 1.000 0.966 0.986 0.988
w10.oracleGeneral.bin.zst_48342350 0.989 1.000 0.976 0.797 0.959 0.933 0.862 0.975
w08.oracleGeneral.bin.zst_44464937 0.952 1.000 0.935 0.868 0.651 0.913 0.909 0.725
w103.oracleGeneral.bin.zst_3442094 0.993 0.987 0.998 1.000 0.989 0.992 0.958 0.978
w58.oracleGeneral.bin.zst_10530695 0.998 0.995 1.000 0.977 0.938 0.998 0.930 0.967
w52.oracleGeneral.bin.zst_11451546 0.938 0.934 0.918 0.886 0.869 0.931 1.000 0.883
w16.oracleGeneral.bin.zst_26702188 1.000 0.977 0.995 0.969 0.871 0.996 0.920 0.889
w40.oracleGeneral.bin.zst_17657232 0.981 0.988 0.973 0.970 0.972 0.973 1.000 0.971
w25.oracleGeneral.bin.zst_26569398 1.000 0.876 0.827 0.989 0.374 0.938 0.962 0.555
w38.oracleGeneral.bin.zst_18535323 0.986 0.969 0.957 0.973 0.948 0.877 0.816 0.967
w71.oracleGeneral.bin.zst_6840776 0.969 0.977 0.956 0.920 0.873 0.969 1.000 0.896
w20.oracleGeneral.bin.zst_29842317 0.955 0.950 0.938 0.923 0.905 0.936 1.000 0.913
w93.oracleGeneral.bin.zst_3351357 1.000 0.948 0.923 0.888 0.784 0.932 0.997 0.796
w15.oracleGeneral.bin.zst_33628757 0.907 0.652 0.756 0.596 0.435 0.782 0.945 0.438
w21.oracleGeneral.bin.zst_29416348 0.994 0.860 0.886 0.920 0.749 1.000 0.925 0.756
w02.oracleGeneral.bin.zst_122181000 0.980 0.421 0.561 0.396 0.058 0.847 0.914 0.083
w26.oracleGeneral.bin.zst_26532121 0.935 0.948 0.905 0.914 0.911 0.890 1.000 0.924
w64.oracleGeneral.bin.zst_7458266 1.000 0.955 0.977 0.977 0.903 0.996 0.965 0.915
w39.oracleGeneral.bin.zst_17920022 0.986 0.985 0.980 0.981 0.974 0.982 1.000 0.974
w32.oracleGeneral.bin.zst_20776392 0.965 1.000 0.954 0.922 0.887 0.905 0.966 0.903
w24.oracleGeneral.bin.zst_27165370 0.997 0.998 0.997 0.983 0.953 0.984 0.942 0.962
w59.oracleGeneral.bin.zst_10223136 0.969 0.961 0.997 0.911 0.690 1.000 0.712 0.770
w106.oracleGeneral.bin.zst_3275919 0.988 0.998 0.984 0.977 0.968 0.977 0.996 0.975
w17.oracleGeneral.bin.zst_31398089 0.989 0.989 1.000 0.992 0.989 0.989 0.973 0.924
w88.oracleGeneral.bin.zst_4711053 0.994 0.997 0.992 0.992 0.990 0.971 0.978 0.993
w85.oracleGeneral.bin.zst_4790048 0.990 0.996 1.000 0.960 0.757 0.990 0.908 0.808
w80.oracleGeneral.bin.zst_5256246 0.951 1.000 0.963 0.817 0.854 0.966 0.993 0.864
w65.oracleGeneral.bin.zst_9316229 1.000 0.475 0.500 0.527 0.331 0.985 0.884 0.347
w31.oracleGeneral.bin.zst_21166982 1.000 0.690 0.714 0.744 0.572 0.979 0.821 0.609
w46.oracleGeneral.bin.zst_11550125 0.992 0.986 1.000 0.998 0.957 0.978 0.931 0.981
w76.oracleGeneral.bin.zst_6076272 0.976 1.000 0.956 0.960 0.954 0.959 0.983 0.965
w100.oracleGeneral.bin.zst_3645877 0.992 0.999 0.954 0.943 0.921 0.950 1.000 0.936
w14.oracleGeneral.bin.zst_34816425 0.980 0.997 0.962 0.968 0.958 0.926 0.962 0.977
w62.oracleGeneral.bin.zst_9497745 0.782 0.326 0.369 0.498 0.332 0.780 1.000 0.338
w33.oracleGeneral.bin.zst_19868346 0.969 0.977 0.958 0.956 0.959 0.956 1.000 0.950
w67.oracleGeneral.bin.zst_9028144 0.983 0.995 0.982 0.976 0.975 0.983 1.000 0.980
w49.oracleGeneral.bin.zst_11151558 0.937 1.000 0.933 0.931 0.919 0.920 0.981 0.936
w55.oracleGeneral.bin.zst_8855434 0.997 1.000 0.994 0.991 0.980 0.977 0.982 0.985
w73.oracleGeneral.bin.zst_6368815 0.961 0.978 0.974 0.881 0.799 0.986 1.000 0.837
w89.oracleGeneral.bin.zst_3625918 0.997 1.000 0.976 0.979 0.964 0.967 0.975 0.966
w09.oracleGeneral.bin.zst_49622929 0.989 1.000 0.968 0.974 0.971 0.970 0.963 0.979
w45.oracleGeneral.bin.zst_15064629 0.982 0.981 0.981 0.982 0.980 0.979 1.000 0.980
w90.oracleGeneral.bin.zst_4493515 0.821 0.696 0.680 0.665 0.629 0.683 1.000 0.654
w36.oracleGeneral.bin.zst_18915625 0.968 0.975 0.959 0.958 0.961 0.957 1.000 0.951
w05.oracleGeneral.bin.zst_73034546 0.956 1.000 0.971 0.969 0.976 0.906 0.773 0.976
w43.oracleGeneral.bin.zst_15617420 0.986 0.997 0.959 0.857 0.727 0.966 1.000 0.807
w04.oracleGeneral.bin.zst_77764582 0.991 1.000 0.971 0.978 0.973 0.965 0.954 0.987
w07.oracleGeneral.bin.zst_67427405 0.996 0.983 0.982 0.911 0.864 0.987 0.975 0.950
w92.oracleGeneral.bin.zst_4284658 1.000 0.994 0.991 0.933 0.896 0.997 0.991 0.899
w74.oracleGeneral.bin.zst_6343762 0.993 0.996 0.991 0.989 0.986 0.991 1.000 0.988
w11.oracleGeneral.bin.zst_46173369 0.901 0.891 1.000 0.905 0.929 0.929 0.664 0.938
w29.oracleGeneral.bin.zst_19087784 1.000 0.955 0.996 0.977 0.974 0.991 0.743 0.939
w69.oracleGeneral.bin.zst_7874006 0.967 0.983 0.961 0.914 0.846 0.958 1.000 0.930
w95.oracleGeneral.bin.zst_3937240 0.990 1.000 0.975 0.977 0.972 0.955 0.990 0.980
w82.oracleGeneral.bin.zst_4926610 0.997 1.000 0.996 0.969 0.945 0.993 0.927 0.969
w48.oracleGeneral.bin.zst_14097008 0.999 0.912 0.996 0.866 0.764 0.998 0.798 0.795
w47.oracleGeneral.bin.zst_14314717 0.984 0.984 0.983 0.983 0.982 0.982 1.000 0.983
w61.oracleGeneral.bin.zst_9884691 0.868 0.853 0.980 1.000 0.967 0.781 0.523 0.972
w56.oracleGeneral.bin.zst_10899629 0.989 0.986 0.974 0.975 0.971 0.965 0.994 0.973
w77.oracleGeneral.bin.zst_5616402 0.947 0.983 0.920 0.922 0.913 0.902 1.000 0.919
w57.oracleGeneral.bin.zst_10554725 0.990 0.990 0.975 0.972 0.967 0.974 1.000 0.970
w104.oracleGeneral.bin.zst_3395553 1.000 0.965 0.968 0.961 0.826 0.912 0.927 0.870
w96.oracleGeneral.bin.zst_3787344 0.952 0.943 0.975 1.000 0.998 0.974 0.857 0.983
w01.oracleGeneral.bin.zst_215796257 0.968 0.967 0.958 0.965 0.959 0.878 0.814 0.961
w53.oracleGeneral.bin.zst_8973978 0.989 1.000 0.966 0.964 0.949 0.954 0.975 0.956
w12.oracleGeneral.bin.zst_45355529 0.997 0.998 0.997 0.996 0.993 0.997 0.998 0.987
